,date,county,state,fips,cases,deaths,new_cases,emp_combined,emp_combined_inclow,revenue_all,spend_all
2197,2020-03-27,Covington,Alabama,1039.0,2,0.0,0.0,,,,-0.19400001
2198,2020-03-28,Covington,Alabama,1039.0,2,0.0,0.0,,,,-0.25600001
2199,2020-03-29,Covington,Alabama,1039.0,2,0.0,0.0,,,,-0.28099999
2200,2020-03-30,Covington,Alabama,1039.0,2,0.0,0.0,,,,-0.29699999
2201,2020-03-31,Covington,Alabama,1039.0,2,0.0,0.0,,,,-0.359
2202,2020-04-01,Covington,Alabama,1039.0,3,0.0,1.0,,,,-0.315
2203,2020-04-02,Covington,Alabama,1039.0,3,0.0,0.0,,,,-0.322
2204,2020-04-03,Covington,Alabama,1039.0,4,0.0,1.0,,,,-0.336
2205,2020-04-04,Covington,Alabama,1039.0,4,0.0,0.0,,,,-0.29800001
2206,2020-04-05,Covington,Alabama,1039.0,4,0.0,0.0,,,,-0.26499999
2207,2020-04-06,Covington,Alabama,1039.0,5,0.0,1.0,,,,-0.25600001
2208,2020-04-07,Covington,Alabama,1039.0,5,0.0,0.0,,,,-0.244
2209,2020-04-08,Covington,Alabama,1039.0,10,0.0,5.0,,,,-0.27900001
2210,2020-04-09,Covington,Alabama,1039.0,10,0.0,0.0,,,,-0.28
2211,2020-04-10,Covington,Alabama,1039.0,10,0.0,0.0,,,,-0.25999999
2212,2020-04-11,Covington,Alabama,1039.0,11,0.0,1.0,,,,-0.25400001
2213,2020-04-12,Covington,Alabama,1039.0,13,0.0,2.0,,,,-0.27900001
2214,2020-04-13,Covington,Alabama,1039.0,13,0.0,0.0,,,,-0.257
2215,2020-04-14,Covington,Alabama,1039.0,16,0.0,3.0,,,,-0.23199999
2216,2020-04-15,Covington,Alabama,1039.0,18,0.0,2.0,,,,-0.30899999
2217,2020-04-16,Covington,Alabama,1039.0,19,1.0,1.0,,,,-0.26800001
2218,2020-04-17,Covington,Alabama,1039.0,19,1.0,0.0,,,,-0.294
2219,2020-04-18,Covington,Alabama,1039.0,21,1.0,2.0,,,,-0.285
2220,2020-04-19,Covington,Alabama,1039.0,22,1.0,1.0,,,,-0.264
2221,2020-04-20,Covington,Alabama,1039.0,24,0.0,2.0,,,,-0.28999999
2222,2020-04-21,Covington,Alabama,1039.0,26,0.0,2.0,,,,-0.33500001
2223,2020-04-22,Covington,Alabama,1039.0,27,0.0,1.0,,,,-0.289
2224,2020-04-23,Covington,Alabama,1039.0,29,0.0,2.0,,,,-0.34599999
2225,2020-04-24,Covington,Alabama,1039.0,31,0.0,2.0,,,,-0.322
2226,2020-04-25,Covington,Alabama,1039.0,32,0.0,1.0,,,,-0.278
2227,2020-04-26,Covington,Alabama,1039.0,33,1.0,1.0,,,,-0.271
2228,2020-04-27,Covington,Alabama,1039.0,34,1.0,1.0,,,,-0.25799999
2229,2020-04-28,Covington,Alabama,1039.0,35,1.0,1.0,,,,-0.25799999
2230,2020-04-29,Covington,Alabama,1039.0,36,1.0,1.0,,,,-0.24699999
2231,2020-04-30,Covington,Alabama,1039.0,36,1.0,0.0,,,,-0.23800001
2232,2020-05-01,Covington,Alabama,1039.0,38,1.0,2.0,,,,-0.244
2233,2020-05-02,Covington,Alabama,1039.0,43,1.0,5.0,,,,-0.29899999
2234,2020-05-03,Covington,Alabama,1039.0,45,1.0,2.0,,,,-0.317
2235,2020-05-04,Covington,Alabama,1039.0,45,1.0,0.0,,,,-0.285
2236,2020-05-05,Covington,Alabama,1039.0,46,1.0,1.0,,,,-0.25999999
2237,2020-05-06,Covington,Alabama,1039.0,46,1.0,0.0,,,,-0.28299999
2238,2020-05-07,Covington,Alabama,1039.0,48,1.0,2.0,,,,-0.266
2239,2020-05-08,Covington,Alabama,1039.0,50,1.0,2.0,,,,-0.259
2240,2020-05-09,Covington,Alabama,1039.0,50,1.0,0.0,,,,-0.235
2241,2020-05-10,Covington,Alabama,1039.0,53,1.0,3.0,,,,-0.22699999999999998
2242,2020-05-11,Covington,Alabama,1039.0,55,1.0,2.0,,,,-0.22
2243,2020-05-12,Covington,Alabama,1039.0,56,1.0,1.0,,,,-0.19699999999999998
2244,2020-05-13,Covington,Alabama,1039.0,56,1.0,0.0,,,,-0.22
2245,2020-05-14,Covington,Alabama,1039.0,56,1.0,0.0,,,,-0.252
2246,2020-05-15,Covington,Alabama,1039.0,56,1.0,0.0,,,,-0.26300001
2247,2020-05-16,Covington,Alabama,1039.0,57,1.0,1.0,,,,-0.264
2248,2020-05-17,Covington,Alabama,1039.0,57,1.0,0.0,,,,-0.16500001
2249,2020-05-18,Covington,Alabama,1039.0,58,1.0,1.0,,,,-0.23100001
2250,2020-05-19,Covington,Alabama,1039.0,58,1.0,0.0,,,,-0.27000001
2251,2020-05-20,Covington,Alabama,1039.0,59,1.0,1.0,,,,-0.26300001
2252,2020-05-21,Covington,Alabama,1039.0,62,1.0,3.0,,,,-0.23800001
2253,2020-05-22,Covington,Alabama,1039.0,63,1.0,1.0,,,,-0.182
2254,2020-05-23,Covington,Alabama,1039.0,63,1.0,0.0,,,,-0.17
2255,2020-05-24,Covington,Alabama,1039.0,65,1.0,2.0,,,,-0.244
2256,2020-05-25,Covington,Alabama,1039.0,67,1.0,2.0,,,,-0.23399999999999999
2257,2020-05-26,Covington,Alabama,1039.0,71,1.0,4.0,,,,-0.18600000000000003
2258,2020-05-27,Covington,Alabama,1039.0,75,1.0,4.0,,,,-0.154
2259,2020-05-28,Covington,Alabama,1039.0,77,1.0,2.0,,,,-0.11
2260,2020-05-29,Covington,Alabama,1039.0,77,1.0,0.0,,,,-0.15800001
2261,2020-05-30,Covington,Alabama,1039.0,77,1.0,0.0,,,,-0.142
2262,2020-05-31,Covington,Alabama,1039.0,80,1.0,3.0,,,,-0.171
2263,2020-06-01,Covington,Alabama,1039.0,86,1.0,6.0,,,,-0.139
2264,2020-06-02,Covington,Alabama,1039.0,86,1.0,0.0,,,,-0.15099999
2265,2020-06-03,Covington,Alabama,1039.0,86,1.0,0.0,,,,-0.12899999
2266,2020-06-04,Covington,Alabama,1039.0,87,1.0,1.0,,,,-0.12800001
2267,2020-06-05,Covington,Alabama,1039.0,88,1.0,1.0,,,,-0.131
2268,2020-06-06,Covington,Alabama,1039.0,89,1.0,1.0,,,,-0.15899999
2269,2020-06-07,Covington,Alabama,1039.0,93,1.0,4.0,,,,-0.124
2270,2020-06-08,Covington,Alabama,1039.0,93,1.0,0.0,,,,-0.12300000000000001
2271,2020-06-09,Covington,Alabama,1039.0,94,1.0,1.0,,,,-0.073700003
2272,2020-06-10,Covington,Alabama,1039.0,97,1.0,3.0,,,,-0.145
2273,2020-06-11,Covington,Alabama,1039.0,103,1.0,6.0,,,,-0.15099999
2274,2020-06-12,Covington,Alabama,1039.0,111,1.0,8.0,,,,-0.193
2275,2020-06-13,Covington,Alabama,1039.0,121,1.0,10.0,,,,-0.18099999
2276,2020-06-14,Covington,Alabama,1039.0,169,1.0,48.0,,,,-0.228
2277,2020-06-15,Covington,Alabama,1039.0,176,1.0,7.0,,,,-0.25600001
2278,2020-06-16,Covington,Alabama,1039.0,185,1.0,9.0,,,,-0.29499999
2279,2020-06-17,Covington,Alabama,1039.0,187,1.0,2.0,,,,-0.19599999
2280,2020-06-18,Covington,Alabama,1039.0,203,1.0,16.0,,,,-0.204
2281,2020-06-19,Covington,Alabama,1039.0,217,1.0,14.0,,,,-0.11
2282,2020-06-20,Covington,Alabama,1039.0,224,1.0,7.0,,,,-0.146
2283,2020-06-21,Covington,Alabama,1039.0,228,1.0,4.0,,,,-0.12800001
2284,2020-06-22,Covington,Alabama,1039.0,229,2.0,1.0,,,,-0.0612
2285,2020-06-23,Covington,Alabama,1039.0,243,2.0,14.0,,,,-0.039799998999999996
2286,2020-06-24,Covington,Alabama,1039.0,260,5.0,17.0,,,,-0.175
2287,2020-06-25,Covington,Alabama,1039.0,276,4.0,16.0,,,,-0.183
2288,2020-06-26,Covington,Alabama,1039.0,286,5.0,10.0,,,,-0.23
2289,2020-06-27,Covington,Alabama,1039.0,300,5.0,14.0,,,,-0.223
2290,2020-06-28,Covington,Alabama,1039.0,301,5.0,1.0,,,,-0.23899999
2291,2020-06-29,Covington,Alabama,1039.0,309,5.0,8.0,,,,-0.25400001
2292,2020-06-30,Covington,Alabama,1039.0,316,7.0,7.0,,,,-0.249
2293,2020-07-01,Covington,Alabama,1039.0,317,8.0,1.0,,,,-0.20999999
2294,2020-07-02,Covington,Alabama,1039.0,340,8.0,23.0,,,,-0.191
2295,2020-07-03,Covington,Alabama,1039.0,351,8.0,11.0,,,,-0.23899999
2296,2020-07-04,Covington,Alabama,1039.0,362,8.0,11.0,,,,-0.15099999
2297,2020-07-05,Covington,Alabama,1039.0,366,8.0,4.0,,,,-0.15800001
2298,2020-07-06,Covington,Alabama,1039.0,378,8.0,12.0,,,,-0.15099999
2299,2020-07-07,Covington,Alabama,1039.0,380,8.0,2.0,,,,-0.15800001
2300,2020-07-08,Covington,Alabama,1039.0,390,11.0,10.0,,,,-0.183
2301,2020-07-09,Covington,Alabama,1039.0,412,12.0,22.0,,,,-0.193
2302,2020-07-10,Covington,Alabama,1039.0,421,13.0,9.0,,,,-0.19400001
2303,2020-07-11,Covington,Alabama,1039.0,437,13.0,16.0,,,,-0.20600000000000002
2304,2020-07-12,Covington,Alabama,1039.0,439,13.0,2.0,,,,-0.15800001
2305,2020-07-13,Covington,Alabama,1039.0,465,13.0,26.0,,,,-0.17200001
2306,2020-07-14,Covington,Alabama,1039.0,472,14.0,7.0,,,,-0.15800001
2307,2020-07-15,Covington,Alabama,1039.0,485,15.0,13.0,,,,-0.146
2308,2020-07-16,Covington,Alabama,1039.0,511,15.0,26.0,,,,-0.15700001
2309,2020-07-17,Covington,Alabama,1039.0,523,17.0,12.0,,,,-0.207
2310,2020-07-18,Covington,Alabama,1039.0,556,17.0,33.0,,,,-0.16399999999999998
2311,2020-07-19,Covington,Alabama,1039.0,572,17.0,16.0,,,,-0.19400001
2312,2020-07-20,Covington,Alabama,1039.0,592,17.0,20.0,,,,-0.198
2313,2020-07-21,Covington,Alabama,1039.0,612,17.0,20.0,,,,-0.19899999999999998
2314,2020-07-22,Covington,Alabama,1039.0,624,18.0,12.0,,,,-0.168
2315,2020-07-23,Covington,Alabama,1039.0,637,19.0,13.0,,,,-0.155
2316,2020-07-24,Covington,Alabama,1039.0,659,19.0,22.0,,,,-0.10099999999999999
2317,2020-07-25,Covington,Alabama,1039.0,696,19.0,37.0,,,,-0.044000000000000004
2318,2020-07-26,Covington,Alabama,1039.0,710,19.0,14.0,,,,-0.063699998
2319,2020-07-27,Covington,Alabama,1039.0,720,20.0,10.0,,,,-0.079300001
2320,2020-07-28,Covington,Alabama,1039.0,726,20.0,6.0,,,,-0.086900003
2321,2020-07-29,Covington,Alabama,1039.0,740,21.0,14.0,,,,-0.177
2322,2020-07-30,Covington,Alabama,1039.0,749,21.0,9.0,,,,-0.17399999
2323,2020-07-31,Covington,Alabama,1039.0,775,21.0,26.0,,,,-0.25799999
2324,2020-08-01,Covington,Alabama,1039.0,787,21.0,12.0,,,,-0.27399999
2325,2020-08-02,Covington,Alabama,1039.0,810,21.0,23.0,,,,-0.28099999
2326,2020-08-03,Covington,Alabama,1039.0,823,21.0,13.0,,,,-0.25600001
2327,2020-08-04,Covington,Alabama,1039.0,830,21.0,7.0,,,,-0.264
2328,2020-08-05,Covington,Alabama,1039.0,833,21.0,3.0,,,,-0.21100000000000002
2329,2020-08-06,Covington,Alabama,1039.0,843,21.0,10.0,,,,-0.228
2330,2020-08-07,Covington,Alabama,1039.0,865,21.0,22.0,,,,-0.145
2331,2020-08-08,Covington,Alabama,1039.0,874,21.0,9.0,,,,-0.183
2332,2020-08-09,Covington,Alabama,1039.0,876,21.0,2.0,,,,-0.15800001
2333,2020-08-10,Covington,Alabama,1039.0,878,21.0,2.0,,,,-0.20200001
2334,2020-08-11,Covington,Alabama,1039.0,889,22.0,11.0,,,,-0.141
2335,2020-08-12,Covington,Alabama,1039.0,899,23.0,10.0,,,,-0.146
2336,2020-08-13,Covington,Alabama,1039.0,908,23.0,9.0,,,,-0.127
2337,2020-08-14,Covington,Alabama,1039.0,917,23.0,9.0,,,,-0.20600000000000002
2338,2020-08-15,Covington,Alabama,1039.0,927,23.0,10.0,,,,-0.109
2339,2020-08-16,Covington,Alabama,1039.0,931,23.0,4.0,,,,-0.16399999999999998
2340,2020-08-17,Covington,Alabama,1039.0,937,24.0,6.0,,,,-0.15800001
2341,2020-08-18,Covington,Alabama,1039.0,951,24.0,14.0,,,,-0.138
2342,2020-08-19,Covington,Alabama,1039.0,960,24.0,9.0,,,,-0.107
2343,2020-08-20,Covington,Alabama,1039.0,980,23.0,20.0,,,,-0.16
2344,2020-08-21,Covington,Alabama,1039.0,994,24.0,14.0,,,,-0.109
2345,2020-08-22,Covington,Alabama,1039.0,1003,24.0,9.0,,,,-0.146
2346,2020-08-23,Covington,Alabama,1039.0,1005,24.0,2.0,,,,-0.023800001
2347,2020-08-24,Covington,Alabama,1039.0,1032,24.0,27.0,,,,-0.059099998
2348,2020-08-25,Covington,Alabama,1039.0,1035,24.0,3.0,,,,-0.127
2349,2020-08-26,Covington,Alabama,1039.0,1050,24.0,15.0,,,,-0.134
2350,2020-08-27,Covington,Alabama,1039.0,1066,24.0,16.0,,,,-0.0722
2351,2020-08-28,Covington,Alabama,1039.0,1080,25.0,14.0,,,,-0.105
2352,2020-08-29,Covington,Alabama,1039.0,1088,26.0,8.0,,,,-0.12300000000000001
2353,2020-08-30,Covington,Alabama,1039.0,1091,26.0,3.0,,,,-0.223
2354,2020-08-31,Covington,Alabama,1039.0,1096,26.0,5.0,,,,-0.156
2355,2020-09-01,Covington,Alabama,1039.0,1104,27.0,8.0,,,,-0.20800000000000002
2356,2020-09-02,Covington,Alabama,1039.0,1114,27.0,10.0,,,,-0.18700001
2357,2020-09-03,Covington,Alabama,1039.0,1142,27.0,28.0,,,,-0.171
2358,2020-09-04,Covington,Alabama,1039.0,1169,27.0,27.0,,,,-0.146
2359,2020-09-05,Covington,Alabama,1039.0,1184,27.0,15.0,,,,-0.115
2360,2020-09-06,Covington,Alabama,1039.0,1185,27.0,1.0,,,,-0.067599997
2361,2020-09-07,Covington,Alabama,1039.0,1187,27.0,2.0,,,,-0.090499997
2362,2020-09-08,Covington,Alabama,1039.0,1190,27.0,3.0,,,,-0.0425
2363,2020-09-09,Covington,Alabama,1039.0,1196,27.0,6.0,,,,-0.038199998
2364,2020-09-10,Covington,Alabama,1039.0,1218,27.0,22.0,,,,-0.027100001000000002
2365,2020-09-11,Covington,Alabama,1039.0,1229,27.0,11.0,,,,-0.0504
2366,2020-09-12,Covington,Alabama,1039.0,1242,27.0,13.0,,,,-0.09510000099999999
2367,2020-09-13,Covington,Alabama,1039.0,1249,27.0,7.0,,,,-0.17299999
2368,2020-09-14,Covington,Alabama,1039.0,1256,27.0,7.0,,,,-0.185
2369,2020-09-15,Covington,Alabama,1039.0,1264,27.0,8.0,,,,-0.25
2370,2020-09-16,Covington,Alabama,1039.0,1272,27.0,8.0,,,,-0.33299999999999996
2371,2020-09-17,Covington,Alabama,1039.0,1270,27.0,-2.0,,,,-0.345
2372,2020-09-18,Covington,Alabama,1039.0,1303,27.0,33.0,,,,-0.34
2373,2020-09-19,Covington,Alabama,1039.0,1302,27.0,-1.0,,,,-0.35499999
2374,2020-09-20,Covington,Alabama,1039.0,1309,27.0,7.0,,,,-0.31600001
2375,2020-09-21,Covington,Alabama,1039.0,1311,27.0,2.0,,,,-0.27500001
2376,2020-09-22,Covington,Alabama,1039.0,1334,27.0,23.0,,,,-0.25299999
2377,2020-09-23,Covington,Alabama,1039.0,1334,27.0,0.0,,,,-0.168
2378,2020-09-24,Covington,Alabama,1039.0,1344,27.0,10.0,,,,-0.111
2379,2020-09-25,Covington,Alabama,1039.0,1385,27.0,41.0,,,,-0.081900001
2380,2020-09-26,Covington,Alabama,1039.0,1401,27.0,16.0,,,,-0.0283
2381,2020-09-27,Covington,Alabama,1039.0,1403,27.0,2.0,,,,0.0288
2382,2020-09-28,Covington,Alabama,1039.0,1403,27.0,0.0,,,,-0.040600002
2383,2020-09-29,Covington,Alabama,1039.0,1407,27.0,4.0,,,,-0.016899999
2384,2020-09-30,Covington,Alabama,1039.0,1416,28.0,9.0,,,,-0.0339
2385,2020-10-01,Covington,Alabama,1039.0,1424,28.0,8.0,,,,-0.078100003
2386,2020-10-02,Covington,Alabama,1039.0,1441,28.0,17.0,,,,-0.0682
2387,2020-10-03,Covington,Alabama,1039.0,1477,28.0,36.0,,,,-0.075900003
2388,2020-10-04,Covington,Alabama,1039.0,1478,28.0,1.0,,,,-0.066200003
2389,2020-10-05,Covington,Alabama,1039.0,1480,28.0,2.0,,,,-0.052200000999999996
2390,2020-10-06,Covington,Alabama,1039.0,1486,28.0,6.0,,,,-0.071599998
2391,2020-10-07,Covington,Alabama,1039.0,1495,28.0,9.0,,,,-0.06570000200000001
2392,2020-10-08,Covington,Alabama,1039.0,1514,28.0,19.0,,,,-0.08659999800000001
2393,2020-10-09,Covington,Alabama,1039.0,1533,29.0,19.0,,,,-0.10300000000000001
2394,2020-10-10,Covington,Alabama,1039.0,1541,29.0,8.0,,,,-0.13600001
2395,2020-10-11,Covington,Alabama,1039.0,1561,29.0,20.0,,,,-0.145
2396,2020-10-12,Covington,Alabama,1039.0,1570,29.0,9.0,,,,-0.20900001
2397,2020-10-13,Covington,Alabama,1039.0,1584,29.0,14.0,,,,-0.14399999
2398,2020-10-14,Covington,Alabama,1039.0,1585,29.0,1.0,,,,-0.16500001
2399,2020-10-15,Covington,Alabama,1039.0,1604,29.0,19.0,,,,-0.152
2400,2020-10-16,Covington,Alabama,1039.0,1612,29.0,8.0,,,,-0.155
2401,2020-10-17,Covington,Alabama,1039.0,1640,29.0,28.0,,,,-0.090499997
2402,2020-10-18,Covington,Alabama,1039.0,1644,29.0,4.0,,,,-0.064999998
2403,2020-10-19,Covington,Alabama,1039.0,1647,29.0,3.0,,,,-0.08789999800000001
2404,2020-10-20,Covington,Alabama,1039.0,1660,29.0,13.0,,,,-0.0766
2405,2020-10-21,Covington,Alabama,1039.0,1666,29.0,6.0,,,,-0.09510000099999999
2406,2020-10-22,Covington,Alabama,1039.0,1699,29.0,33.0,,,,-0.07289999700000001
2407,2020-10-23,Covington,Alabama,1039.0,1714,29.0,15.0,,,,-0.084600002
2408,2020-10-24,Covington,Alabama,1039.0,1740,29.0,26.0,,,,-0.132
2409,2020-10-25,Covington,Alabama,1039.0,1747,29.0,7.0,,,,-0.17900001
2410,2020-10-26,Covington,Alabama,1039.0,1755,29.0,8.0,,,,-0.15000001
2411,2020-10-27,Covington,Alabama,1039.0,1759,29.0,4.0,,,,-0.133
2412,2020-10-28,Covington,Alabama,1039.0,1767,29.0,8.0,,,,-0.10800000000000001
2413,2020-10-29,Covington,Alabama,1039.0,1773,29.0,6.0,,,,-0.042300001
2414,2020-10-30,Covington,Alabama,1039.0,1787,29.0,14.0,,,,-0.009270000300000001
2415,2020-10-31,Covington,Alabama,1039.0,1886,30.0,99.0,,,,0.05550000099999999
2416,2020-11-01,Covington,Alabama,1039.0,1892,30.0,6.0,,,,0.058600001
2417,2020-11-02,Covington,Alabama,1039.0,1894,30.0,2.0,,,,0.048900001
2418,2020-11-03,Covington,Alabama,1039.0,1895,30.0,1.0,,,,0.078699999
2419,2020-11-04,Covington,Alabama,1039.0,1902,30.0,7.0,,,,0.1
2420,2020-11-05,Covington,Alabama,1039.0,1912,32.0,10.0,,,,0.0999
2421,2020-11-06,Covington,Alabama,1039.0,1934,32.0,22.0,,,,0.0017800000000000001
2422,2020-11-07,Covington,Alabama,1039.0,1941,32.0,7.0,,,,0.087300003
2423,2020-11-08,Covington,Alabama,1039.0,1941,32.0,0.0,,,,0.133
2424,2020-11-09,Covington,Alabama,1039.0,1944,32.0,3.0,,,,0.149
2425,2020-11-10,Covington,Alabama,1039.0,1967,32.0,23.0,,,,0.0491
2426,2020-11-11,Covington,Alabama,1039.0,1982,32.0,15.0,,,,0.0099799996
2427,2020-11-12,Covington,Alabama,1039.0,1991,32.0,9.0,,,,-0.0029800001
2428,2020-11-13,Covington,Alabama,1039.0,2008,32.0,17.0,,,,-0.064499997
2429,2020-11-14,Covington,Alabama,1039.0,2022,32.0,14.0,,,,-0.13500001
2430,2020-11-15,Covington,Alabama,1039.0,2039,32.0,17.0,,,,-0.17600000000000002
2431,2020-11-16,Covington,Alabama,1039.0,2043,32.0,4.0,,,,-0.19
2432,2020-11-17,Covington,Alabama,1039.0,2047,32.0,4.0,,,,-0.15700001
2433,2020-11-18,Covington,Alabama,1039.0,2057,32.0,10.0,,,,-0.204
2434,2020-11-19,Covington,Alabama,1039.0,2081,32.0,24.0,,,,-0.19599999
2435,2020-11-20,Covington,Alabama,1039.0,2104,33.0,23.0,,,,-0.16699999999999998
2436,2020-11-21,Covington,Alabama,1039.0,2116,33.0,12.0,,,,-0.149
2437,2020-11-22,Covington,Alabama,1039.0,2123,33.0,7.0,,,,-0.082999997
