,date,county,state,fips,cases,deaths,new_cases,emp_combined,emp_combined_inclow,revenue_all,spend_all
3407,2020-03-26,DeKalb,Alabama,1049.0,1,0.0,0.0,,,,-0.18600000000000003
3408,2020-03-27,DeKalb,Alabama,1049.0,4,0.0,3.0,,,,-0.19899999999999998
3409,2020-03-28,DeKalb,Alabama,1049.0,4,0.0,0.0,,,,-0.19899999999999998
3410,2020-03-29,DeKalb,Alabama,1049.0,4,0.0,0.0,,,,-0.23600000000000002
3411,2020-03-30,DeKalb,Alabama,1049.0,4,0.0,0.0,,,,-0.23800001
3412,2020-03-31,DeKalb,Alabama,1049.0,4,0.0,0.0,,,,-0.25299999
3413,2020-04-01,DeKalb,Alabama,1049.0,6,0.0,2.0,,,,-0.26300001
3414,2020-04-02,DeKalb,Alabama,1049.0,8,0.0,2.0,,,,-0.18799999
3415,2020-04-03,DeKalb,Alabama,1049.0,10,0.0,2.0,,,,-0.162
3416,2020-04-04,DeKalb,Alabama,1049.0,13,0.0,3.0,,,,-0.177
3417,2020-04-05,DeKalb,Alabama,1049.0,14,0.0,1.0,,,,-0.152
3418,2020-04-06,DeKalb,Alabama,1049.0,14,0.0,0.0,,,,-0.19699999999999998
3419,2020-04-07,DeKalb,Alabama,1049.0,14,0.0,0.0,,,,-0.16699999999999998
3420,2020-04-08,DeKalb,Alabama,1049.0,14,0.0,0.0,,,,-0.16399999999999998
3421,2020-04-09,DeKalb,Alabama,1049.0,16,0.0,2.0,,,,-0.20900001
3422,2020-04-10,DeKalb,Alabama,1049.0,18,0.0,2.0,,,,-0.233
3423,2020-04-11,DeKalb,Alabama,1049.0,21,0.0,3.0,,,,-0.26699999
3424,2020-04-12,DeKalb,Alabama,1049.0,26,0.0,5.0,,,,-0.29800001
3425,2020-04-13,DeKalb,Alabama,1049.0,28,0.0,2.0,,,,-0.301
3426,2020-04-14,DeKalb,Alabama,1049.0,29,0.0,1.0,,,,-0.26199999
3427,2020-04-15,DeKalb,Alabama,1049.0,31,0.0,2.0,,,,-0.25799999
3428,2020-04-16,DeKalb,Alabama,1049.0,32,1.0,1.0,,,,-0.255
3429,2020-04-17,DeKalb,Alabama,1049.0,34,2.0,2.0,,,,-0.26899999
3430,2020-04-18,DeKalb,Alabama,1049.0,40,2.0,6.0,,,,-0.20800000000000002
3431,2020-04-19,DeKalb,Alabama,1049.0,42,2.0,2.0,,,,-0.17900001
3432,2020-04-20,DeKalb,Alabama,1049.0,46,2.0,4.0,,,,-0.18099999
3433,2020-04-21,DeKalb,Alabama,1049.0,51,2.0,5.0,,,,-0.21799999
3434,2020-04-22,DeKalb,Alabama,1049.0,58,2.0,7.0,,,,-0.21100000000000002
3435,2020-04-23,DeKalb,Alabama,1049.0,61,2.0,3.0,,,,-0.23399999999999999
3436,2020-04-24,DeKalb,Alabama,1049.0,61,2.0,0.0,,,,-0.20600000000000002
3437,2020-04-25,DeKalb,Alabama,1049.0,63,2.0,2.0,,,,-0.257
3438,2020-04-26,DeKalb,Alabama,1049.0,70,2.0,7.0,,,,-0.30899999
3439,2020-04-27,DeKalb,Alabama,1049.0,74,2.0,4.0,,,,-0.28799999
3440,2020-04-28,DeKalb,Alabama,1049.0,76,2.0,2.0,,,,-0.29300001
3441,2020-04-29,DeKalb,Alabama,1049.0,77,2.0,1.0,,,,-0.235
3442,2020-04-30,DeKalb,Alabama,1049.0,76,2.0,-1.0,,,,-0.19400001
3443,2020-05-01,DeKalb,Alabama,1049.0,76,2.0,0.0,,,,-0.20200001
3444,2020-05-02,DeKalb,Alabama,1049.0,77,2.0,1.0,,,,-0.12899999
3445,2020-05-03,DeKalb,Alabama,1049.0,79,2.0,2.0,,,,-0.0581
3446,2020-05-04,DeKalb,Alabama,1049.0,90,2.0,11.0,,,,-0.009750000200000001
3447,2020-05-05,DeKalb,Alabama,1049.0,99,2.0,9.0,,,,0.0528
3448,2020-05-06,DeKalb,Alabama,1049.0,109,2.0,10.0,,,,-0.107
3449,2020-05-07,DeKalb,Alabama,1049.0,124,2.0,15.0,,,,-0.071699999
3450,2020-05-08,DeKalb,Alabama,1049.0,136,2.0,12.0,,,,-0.149
3451,2020-05-09,DeKalb,Alabama,1049.0,142,2.0,6.0,,,,-0.16899999999999998
3452,2020-05-10,DeKalb,Alabama,1049.0,147,2.0,5.0,,,,-0.17299999
3453,2020-05-11,DeKalb,Alabama,1049.0,158,2.0,11.0,,,,-0.215
3454,2020-05-12,DeKalb,Alabama,1049.0,167,2.0,9.0,,,,-0.23199999
3455,2020-05-13,DeKalb,Alabama,1049.0,179,2.0,12.0,,,,-0.215
3456,2020-05-14,DeKalb,Alabama,1049.0,185,2.0,6.0,,,,-0.273
3457,2020-05-15,DeKalb,Alabama,1049.0,190,2.0,5.0,,,,-0.21899999999999997
3458,2020-05-16,DeKalb,Alabama,1049.0,192,2.0,2.0,,,,-0.26100001
3459,2020-05-17,DeKalb,Alabama,1049.0,192,2.0,0.0,,,,-0.285
3460,2020-05-18,DeKalb,Alabama,1049.0,196,2.0,4.0,,,,-0.27700001
3461,2020-05-19,DeKalb,Alabama,1049.0,195,3.0,-1.0,,,,-0.301
3462,2020-05-20,DeKalb,Alabama,1049.0,206,3.0,11.0,,,,-0.28099999
3463,2020-05-21,DeKalb,Alabama,1049.0,209,3.0,3.0,,,,-0.23800001
3464,2020-05-22,DeKalb,Alabama,1049.0,209,3.0,0.0,,,,-0.18899999999999997
3465,2020-05-23,DeKalb,Alabama,1049.0,216,3.0,7.0,,,,-0.183
3466,2020-05-24,DeKalb,Alabama,1049.0,221,3.0,5.0,,,,-0.161
3467,2020-05-25,DeKalb,Alabama,1049.0,226,3.0,5.0,,,,-0.127
3468,2020-05-26,DeKalb,Alabama,1049.0,234,3.0,8.0,,,,-0.14300001
3469,2020-05-27,DeKalb,Alabama,1049.0,240,3.0,6.0,,,,-0.149
3470,2020-05-28,DeKalb,Alabama,1049.0,241,3.0,1.0,,,,-0.139
3471,2020-05-29,DeKalb,Alabama,1049.0,243,3.0,2.0,,,,-0.16899999999999998
3472,2020-05-30,DeKalb,Alabama,1049.0,243,3.0,0.0,,,,-0.13699999
3473,2020-05-31,DeKalb,Alabama,1049.0,248,3.0,5.0,,,,-0.139
3474,2020-06-01,DeKalb,Alabama,1049.0,253,3.0,5.0,,,,-0.15000001
3475,2020-06-02,DeKalb,Alabama,1049.0,260,3.0,7.0,,,,-0.184
3476,2020-06-03,DeKalb,Alabama,1049.0,261,3.0,1.0,,,,-0.17
3477,2020-06-04,DeKalb,Alabama,1049.0,261,3.0,0.0,,,,-0.192
3478,2020-06-05,DeKalb,Alabama,1049.0,264,3.0,3.0,,,,-0.17200001
3479,2020-06-06,DeKalb,Alabama,1049.0,272,3.0,8.0,,,,-0.20900001
3480,2020-06-07,DeKalb,Alabama,1049.0,273,3.0,1.0,,,,-0.22899999999999998
3481,2020-06-08,DeKalb,Alabama,1049.0,276,3.0,3.0,,,,-0.192
3482,2020-06-09,DeKalb,Alabama,1049.0,280,5.0,4.0,,,,-0.142
3483,2020-06-10,DeKalb,Alabama,1049.0,282,5.0,2.0,,,,-0.141
3484,2020-06-11,DeKalb,Alabama,1049.0,295,5.0,13.0,,,,-0.149
3485,2020-06-12,DeKalb,Alabama,1049.0,307,5.0,12.0,,,,-0.18799999
3486,2020-06-13,DeKalb,Alabama,1049.0,315,5.0,8.0,,,,-0.18799999
3487,2020-06-14,DeKalb,Alabama,1049.0,322,5.0,7.0,,,,-0.142
3488,2020-06-15,DeKalb,Alabama,1049.0,326,5.0,4.0,,,,-0.11199999999999999
3489,2020-06-16,DeKalb,Alabama,1049.0,339,5.0,13.0,,,,-0.125
3490,2020-06-17,DeKalb,Alabama,1049.0,356,5.0,17.0,,,,-0.132
3491,2020-06-18,DeKalb,Alabama,1049.0,366,5.0,10.0,,,,-0.07829999900000001
3492,2020-06-19,DeKalb,Alabama,1049.0,398,5.0,32.0,,,,-0.071999997
3493,2020-06-20,DeKalb,Alabama,1049.0,403,5.0,5.0,,,,-0.050000000999999995
3494,2020-06-21,DeKalb,Alabama,1049.0,415,5.0,12.0,,,,-0.0704
3495,2020-06-22,DeKalb,Alabama,1049.0,418,5.0,3.0,,,,-0.102
3496,2020-06-23,DeKalb,Alabama,1049.0,431,5.0,13.0,,,,-0.113
3497,2020-06-24,DeKalb,Alabama,1049.0,449,5.0,18.0,,,,-0.105
3498,2020-06-25,DeKalb,Alabama,1049.0,489,5.0,40.0,,,,-0.122
3499,2020-06-26,DeKalb,Alabama,1049.0,511,5.0,22.0,,,,-0.12
3500,2020-06-27,DeKalb,Alabama,1049.0,533,5.0,22.0,,,,-0.11699999999999999
3501,2020-06-28,DeKalb,Alabama,1049.0,544,5.0,11.0,,,,-0.09929999699999999
3502,2020-06-29,DeKalb,Alabama,1049.0,569,5.0,25.0,,,,-0.11
3503,2020-06-30,DeKalb,Alabama,1049.0,583,5.0,14.0,,,,-0.10099999999999999
3504,2020-07-01,DeKalb,Alabama,1049.0,609,5.0,26.0,,,,-0.10300000000000001
3505,2020-07-02,DeKalb,Alabama,1049.0,650,5.0,41.0,,,,-0.114
3506,2020-07-03,DeKalb,Alabama,1049.0,703,5.0,53.0,,,,-0.088100001
3507,2020-07-04,DeKalb,Alabama,1049.0,716,5.0,13.0,,,,-0.11599999999999999
3508,2020-07-05,DeKalb,Alabama,1049.0,728,5.0,12.0,,,,-0.134
3509,2020-07-06,DeKalb,Alabama,1049.0,746,5.0,18.0,,,,-0.11199999999999999
3510,2020-07-07,DeKalb,Alabama,1049.0,770,5.0,24.0,,,,-0.153
3511,2020-07-08,DeKalb,Alabama,1049.0,800,5.0,30.0,,,,-0.14
3512,2020-07-09,DeKalb,Alabama,1049.0,851,6.0,51.0,,,,-0.14399999
3513,2020-07-10,DeKalb,Alabama,1049.0,874,7.0,23.0,,,,-0.079599999
3514,2020-07-11,DeKalb,Alabama,1049.0,951,7.0,77.0,,,,-0.071900003
3515,2020-07-12,DeKalb,Alabama,1049.0,977,7.0,26.0,,,,-0.10400000000000001
3516,2020-07-13,DeKalb,Alabama,1049.0,1011,7.0,34.0,,,,-0.08990000199999999
3517,2020-07-14,DeKalb,Alabama,1049.0,1128,7.0,117.0,,,,-0.065899998
3518,2020-07-15,DeKalb,Alabama,1049.0,1155,7.0,27.0,,,,-0.083800003
3519,2020-07-16,DeKalb,Alabama,1049.0,1195,7.0,40.0,,,,-0.10300000000000001
3520,2020-07-17,DeKalb,Alabama,1049.0,1227,7.0,32.0,,,,-0.13699999
3521,2020-07-18,DeKalb,Alabama,1049.0,1283,7.0,56.0,,,,-0.138
3522,2020-07-19,DeKalb,Alabama,1049.0,1304,7.0,21.0,,,,-0.105
3523,2020-07-20,DeKalb,Alabama,1049.0,1338,7.0,34.0,,,,-0.12899999
3524,2020-07-21,DeKalb,Alabama,1049.0,1357,8.0,19.0,,,,-0.13500001
3525,2020-07-22,DeKalb,Alabama,1049.0,1377,8.0,20.0,,,,-0.147
3526,2020-07-23,DeKalb,Alabama,1049.0,1426,9.0,49.0,,,,-0.17800000000000002
3527,2020-07-24,DeKalb,Alabama,1049.0,1448,9.0,22.0,,,,-0.163
3528,2020-07-25,DeKalb,Alabama,1049.0,1492,9.0,44.0,,,,-0.147
3529,2020-07-26,DeKalb,Alabama,1049.0,1514,10.0,22.0,,,,-0.17900001
3530,2020-07-27,DeKalb,Alabama,1049.0,1522,10.0,8.0,,,,-0.185
3531,2020-07-28,DeKalb,Alabama,1049.0,1547,10.0,25.0,,,,-0.121
3532,2020-07-29,DeKalb,Alabama,1049.0,1565,11.0,18.0,,,,-0.146
3533,2020-07-30,DeKalb,Alabama,1049.0,1622,11.0,57.0,,,,-0.07970000099999999
3534,2020-07-31,DeKalb,Alabama,1049.0,1661,12.0,39.0,,,,-0.139
3535,2020-08-01,DeKalb,Alabama,1049.0,1684,12.0,23.0,,,,-0.16599999
3536,2020-08-02,DeKalb,Alabama,1049.0,1712,14.0,28.0,,,,-0.12899999
3537,2020-08-03,DeKalb,Alabama,1049.0,1740,14.0,28.0,,,,-0.09239999900000001
3538,2020-08-04,DeKalb,Alabama,1049.0,1757,14.0,17.0,,,,-0.11800000000000001
3539,2020-08-05,DeKalb,Alabama,1049.0,1761,14.0,4.0,,,,-0.074900001
3540,2020-08-06,DeKalb,Alabama,1049.0,1792,15.0,31.0,,,,-0.067500003
3541,2020-08-07,DeKalb,Alabama,1049.0,1823,16.0,31.0,,,,-0.035399999
3542,2020-08-08,DeKalb,Alabama,1049.0,1855,16.0,32.0,,,,-0.00124
3543,2020-08-09,DeKalb,Alabama,1049.0,1878,16.0,23.0,,,,-0.033
3544,2020-08-10,DeKalb,Alabama,1049.0,1889,16.0,11.0,,,,-0.05229999900000001
3545,2020-08-11,DeKalb,Alabama,1049.0,1896,17.0,7.0,,,,-0.056200001
3546,2020-08-12,DeKalb,Alabama,1049.0,1914,17.0,18.0,,,,-0.061000001
3547,2020-08-13,DeKalb,Alabama,1049.0,1926,17.0,12.0,,,,-0.077600002
3548,2020-08-14,DeKalb,Alabama,1049.0,1930,17.0,4.0,,,,-0.082500003
3549,2020-08-15,DeKalb,Alabama,1049.0,1953,17.0,23.0,,,,-0.138
3550,2020-08-16,DeKalb,Alabama,1049.0,1959,17.0,6.0,,,,-0.146
3551,2020-08-17,DeKalb,Alabama,1049.0,1962,17.0,3.0,,,,-0.14300001
3552,2020-08-18,DeKalb,Alabama,1049.0,1995,17.0,33.0,,,,-0.08560000400000001
3553,2020-08-19,DeKalb,Alabama,1049.0,2013,17.0,18.0,,,,-0.07819999799999999
3554,2020-08-20,DeKalb,Alabama,1049.0,2025,16.0,12.0,,,,-0.0625
3555,2020-08-21,DeKalb,Alabama,1049.0,2043,16.0,18.0,,,,-0.106
3556,2020-08-22,DeKalb,Alabama,1049.0,2050,16.0,7.0,,,,-0.139
3557,2020-08-23,DeKalb,Alabama,1049.0,2063,16.0,13.0,,,,-0.125
3558,2020-08-24,DeKalb,Alabama,1049.0,2074,16.0,11.0,,,,-0.12899999
3559,2020-08-25,DeKalb,Alabama,1049.0,2078,16.0,4.0,,,,-0.134
3560,2020-08-26,DeKalb,Alabama,1049.0,2097,16.0,19.0,,,,-0.22400001
3561,2020-08-27,DeKalb,Alabama,1049.0,2118,16.0,21.0,,,,-0.235
3562,2020-08-28,DeKalb,Alabama,1049.0,2128,16.0,10.0,,,,-0.183
3563,2020-08-29,DeKalb,Alabama,1049.0,2136,16.0,8.0,,,,-0.14300001
3564,2020-08-30,DeKalb,Alabama,1049.0,2144,16.0,8.0,,,,-0.155
3565,2020-08-31,DeKalb,Alabama,1049.0,2152,16.0,8.0,,,,-0.15700001
3566,2020-09-01,DeKalb,Alabama,1049.0,2166,16.0,14.0,,,,-0.154
3567,2020-09-02,DeKalb,Alabama,1049.0,2173,17.0,7.0,,,,-0.134
3568,2020-09-03,DeKalb,Alabama,1049.0,2189,17.0,16.0,,,,-0.14399999
3569,2020-09-04,DeKalb,Alabama,1049.0,2207,18.0,18.0,,,,-0.175
3570,2020-09-05,DeKalb,Alabama,1049.0,2220,18.0,13.0,,,,-0.145
3571,2020-09-06,DeKalb,Alabama,1049.0,2221,18.0,1.0,,,,-0.056600001
3572,2020-09-07,DeKalb,Alabama,1049.0,2227,18.0,6.0,,,,-0.016000001
3573,2020-09-08,DeKalb,Alabama,1049.0,2230,18.0,3.0,,,,-0.095700003
3574,2020-09-09,DeKalb,Alabama,1049.0,2234,18.0,4.0,,,,-0.18000001
3575,2020-09-10,DeKalb,Alabama,1049.0,2248,18.0,14.0,,,,-0.155
3576,2020-09-11,DeKalb,Alabama,1049.0,2258,18.0,10.0,,,,-0.11900000000000001
3577,2020-09-12,DeKalb,Alabama,1049.0,2265,18.0,7.0,,,,-0.127
3578,2020-09-13,DeKalb,Alabama,1049.0,2279,18.0,14.0,,,,-0.193
3579,2020-09-14,DeKalb,Alabama,1049.0,2284,18.0,5.0,,,,-0.162
3580,2020-09-15,DeKalb,Alabama,1049.0,2286,19.0,2.0,,,,-0.16899999999999998
3581,2020-09-16,DeKalb,Alabama,1049.0,2293,19.0,7.0,,,,-0.19499999
3582,2020-09-17,DeKalb,Alabama,1049.0,2301,19.0,8.0,,,,-0.213
3583,2020-09-18,DeKalb,Alabama,1049.0,2326,19.0,25.0,,,,-0.27000001
3584,2020-09-19,DeKalb,Alabama,1049.0,2346,19.0,20.0,,,,-0.26800001
3585,2020-09-20,DeKalb,Alabama,1049.0,2355,19.0,9.0,,,,-0.20600000000000002
3586,2020-09-21,DeKalb,Alabama,1049.0,2371,19.0,16.0,,,,-0.212
3587,2020-09-22,DeKalb,Alabama,1049.0,2375,19.0,4.0,,,,-0.215
3588,2020-09-23,DeKalb,Alabama,1049.0,2375,19.0,0.0,,,,-0.19699999999999998
3589,2020-09-24,DeKalb,Alabama,1049.0,2391,20.0,16.0,,,,-0.19599999
3590,2020-09-25,DeKalb,Alabama,1049.0,2406,20.0,15.0,,,,-0.113
3591,2020-09-26,DeKalb,Alabama,1049.0,2416,21.0,10.0,,,,-0.11199999999999999
3592,2020-09-27,DeKalb,Alabama,1049.0,2432,21.0,16.0,,,,-0.14300001
3593,2020-09-28,DeKalb,Alabama,1049.0,2435,21.0,3.0,,,,-0.18700001
3594,2020-09-29,DeKalb,Alabama,1049.0,2443,21.0,8.0,,,,-0.19
3595,2020-09-30,DeKalb,Alabama,1049.0,2461,21.0,18.0,,,,-0.17800000000000002
3596,2020-10-01,DeKalb,Alabama,1049.0,2481,21.0,20.0,,,,-0.115
3597,2020-10-02,DeKalb,Alabama,1049.0,2508,21.0,27.0,,,,-0.12300000000000001
3598,2020-10-03,DeKalb,Alabama,1049.0,2561,21.0,53.0,,,,-0.153
3599,2020-10-04,DeKalb,Alabama,1049.0,2610,21.0,49.0,,,,-0.163
3600,2020-10-05,DeKalb,Alabama,1049.0,2623,21.0,13.0,,,,-0.149
3601,2020-10-06,DeKalb,Alabama,1049.0,2649,21.0,26.0,,,,-0.15899999
3602,2020-10-07,DeKalb,Alabama,1049.0,2700,21.0,51.0,,,,-0.192
3603,2020-10-08,DeKalb,Alabama,1049.0,2709,23.0,9.0,,,,-0.22
3604,2020-10-09,DeKalb,Alabama,1049.0,2769,24.0,60.0,,,,-0.237
3605,2020-10-10,DeKalb,Alabama,1049.0,2803,24.0,34.0,,,,-0.226
3606,2020-10-11,DeKalb,Alabama,1049.0,2838,24.0,35.0,,,,-0.22499999
3607,2020-10-12,DeKalb,Alabama,1049.0,2854,24.0,16.0,,,,-0.18099999
3608,2020-10-13,DeKalb,Alabama,1049.0,2913,24.0,59.0,,,,-0.19899999999999998
3609,2020-10-14,DeKalb,Alabama,1049.0,2942,24.0,29.0,,,,-0.15099999
3610,2020-10-15,DeKalb,Alabama,1049.0,2996,26.0,54.0,,,,-0.133
3611,2020-10-16,DeKalb,Alabama,1049.0,3036,26.0,40.0,,,,-0.152
3612,2020-10-17,DeKalb,Alabama,1049.0,3095,26.0,59.0,,,,-0.14300001
3613,2020-10-18,DeKalb,Alabama,1049.0,3133,26.0,38.0,,,,-0.127
3614,2020-10-19,DeKalb,Alabama,1049.0,3167,27.0,34.0,,,,-0.163
3615,2020-10-20,DeKalb,Alabama,1049.0,3196,28.0,29.0,,,,-0.155
3616,2020-10-21,DeKalb,Alabama,1049.0,3254,28.0,58.0,,,,-0.155
3617,2020-10-22,DeKalb,Alabama,1049.0,3302,29.0,48.0,,,,-0.193
3618,2020-10-23,DeKalb,Alabama,1049.0,3360,29.0,58.0,,,,-0.21899999999999997
3619,2020-10-24,DeKalb,Alabama,1049.0,3388,29.0,28.0,,,,-0.23600000000000002
3620,2020-10-25,DeKalb,Alabama,1049.0,3426,29.0,38.0,,,,-0.228
3621,2020-10-26,DeKalb,Alabama,1049.0,3461,29.0,35.0,,,,-0.20299999
3622,2020-10-27,DeKalb,Alabama,1049.0,3492,28.0,31.0,,,,-0.22
3623,2020-10-28,DeKalb,Alabama,1049.0,3512,29.0,20.0,,,,-0.19899999999999998
3624,2020-10-29,DeKalb,Alabama,1049.0,3554,29.0,42.0,,,,-0.22499999
3625,2020-10-30,DeKalb,Alabama,1049.0,3579,29.0,25.0,,,,-0.184
3626,2020-10-31,DeKalb,Alabama,1049.0,3658,30.0,79.0,,,,-0.17800000000000002
3627,2020-11-01,DeKalb,Alabama,1049.0,3691,30.0,33.0,,,,-0.175
3628,2020-11-02,DeKalb,Alabama,1049.0,3703,30.0,12.0,,,,-0.146
3629,2020-11-03,DeKalb,Alabama,1049.0,3721,30.0,18.0,,,,-0.16699999999999998
3630,2020-11-04,DeKalb,Alabama,1049.0,3769,31.0,48.0,,,,-0.18000001
3631,2020-11-05,DeKalb,Alabama,1049.0,3790,31.0,21.0,,,,-0.11900000000000001
3632,2020-11-06,DeKalb,Alabama,1049.0,3820,30.0,30.0,,,,-0.087800004
3633,2020-11-07,DeKalb,Alabama,1049.0,3857,32.0,37.0,,,,-0.052200000999999996
3634,2020-11-08,DeKalb,Alabama,1049.0,3896,32.0,39.0,,,,-0.032299998999999996
3635,2020-11-09,DeKalb,Alabama,1049.0,3911,32.0,15.0,,,,-0.0623
3636,2020-11-10,DeKalb,Alabama,1049.0,3942,34.0,31.0,,,,-0.027100001000000002
3637,2020-11-11,DeKalb,Alabama,1049.0,4005,34.0,63.0,,,,-0.0072300001
3638,2020-11-12,DeKalb,Alabama,1049.0,4057,34.0,52.0,,,,-0.038800001
3639,2020-11-13,DeKalb,Alabama,1049.0,4118,34.0,61.0,,,,-0.086900003
3640,2020-11-14,DeKalb,Alabama,1049.0,4175,34.0,57.0,,,,-0.124
3641,2020-11-15,DeKalb,Alabama,1049.0,4209,34.0,34.0,,,,-0.156
3642,2020-11-16,DeKalb,Alabama,1049.0,4226,34.0,17.0,,,,-0.17399999
3643,2020-11-17,DeKalb,Alabama,1049.0,4260,34.0,34.0,,,,-0.18000001
3644,2020-11-18,DeKalb,Alabama,1049.0,4352,34.0,92.0,,,,-0.124
3645,2020-11-19,DeKalb,Alabama,1049.0,4435,34.0,83.0,,,,-0.133
3646,2020-11-20,DeKalb,Alabama,1049.0,4506,35.0,71.0,,,,-0.11699999999999999
3647,2020-11-21,DeKalb,Alabama,1049.0,4577,35.0,71.0,,,,-0.139
3648,2020-11-22,DeKalb,Alabama,1049.0,4608,35.0,31.0,,,,-0.2
