,date,county,state,fips,cases,deaths,new_cases,emp_combined,emp_combined_inclow,revenue_all,spend_all
4388,2020-03-23,Franklin,Alabama,1059.0,1,0.0,0.0,,,,-0.184
4389,2020-03-24,Franklin,Alabama,1059.0,1,0.0,0.0,,,,-0.21799999
4390,2020-03-25,Franklin,Alabama,1059.0,2,0.0,1.0,,,,-0.25999999
4391,2020-03-26,Franklin,Alabama,1059.0,3,0.0,1.0,,,,-0.29899999
4392,2020-03-27,Franklin,Alabama,1059.0,3,0.0,0.0,,,,-0.303
4393,2020-03-28,Franklin,Alabama,1059.0,3,0.0,0.0,,,,-0.29100001
4394,2020-03-29,Franklin,Alabama,1059.0,3,0.0,0.0,,,,-0.26300001
4395,2020-03-30,Franklin,Alabama,1059.0,3,0.0,0.0,,,,-0.24100000000000002
4396,2020-03-31,Franklin,Alabama,1059.0,3,0.0,0.0,,,,-0.214
4397,2020-04-01,Franklin,Alabama,1059.0,3,0.0,0.0,,,,-0.185
4398,2020-04-02,Franklin,Alabama,1059.0,4,0.0,1.0,,,,-0.145
4399,2020-04-03,Franklin,Alabama,1059.0,5,0.0,1.0,,,,-0.126
4400,2020-04-04,Franklin,Alabama,1059.0,6,0.0,1.0,,,,-0.10800000000000001
4401,2020-04-05,Franklin,Alabama,1059.0,6,0.0,0.0,,,,-0.11599999999999999
4402,2020-04-06,Franklin,Alabama,1059.0,7,0.0,1.0,,,,-0.105
4403,2020-04-07,Franklin,Alabama,1059.0,7,0.0,0.0,,,,-0.11800000000000001
4404,2020-04-08,Franklin,Alabama,1059.0,7,0.0,0.0,,,,-0.12800001
4405,2020-04-09,Franklin,Alabama,1059.0,8,0.0,1.0,,,,-0.146
4406,2020-04-10,Franklin,Alabama,1059.0,8,0.0,0.0,,,,-0.19400001
4407,2020-04-11,Franklin,Alabama,1059.0,8,0.0,0.0,,,,-0.223
4408,2020-04-12,Franklin,Alabama,1059.0,10,0.0,2.0,,,,-0.22699999999999998
4409,2020-04-13,Franklin,Alabama,1059.0,10,0.0,0.0,,,,-0.22699999999999998
4410,2020-04-14,Franklin,Alabama,1059.0,12,1.0,2.0,,,,-0.214
4411,2020-04-15,Franklin,Alabama,1059.0,17,1.0,5.0,,,,-0.17
4412,2020-04-16,Franklin,Alabama,1059.0,17,1.0,0.0,,,,-0.125
4413,2020-04-17,Franklin,Alabama,1059.0,18,1.0,1.0,,,,-0.047499999
4414,2020-04-18,Franklin,Alabama,1059.0,17,0.0,-1.0,,,,-0.025
4415,2020-04-19,Franklin,Alabama,1059.0,17,0.0,0.0,,,,0.0242
4416,2020-04-20,Franklin,Alabama,1059.0,18,0.0,1.0,,,,0.0127
4417,2020-04-21,Franklin,Alabama,1059.0,18,0.0,0.0,,,,0.060699999000000004
4418,2020-04-22,Franklin,Alabama,1059.0,22,0.0,4.0,,,,0.031099999
4419,2020-04-23,Franklin,Alabama,1059.0,25,0.0,3.0,,,,0.0064599997999999995
4420,2020-04-24,Franklin,Alabama,1059.0,32,0.0,7.0,,,,-0.020500001
4421,2020-04-25,Franklin,Alabama,1059.0,38,0.0,6.0,,,,-0.0166
4422,2020-04-26,Franklin,Alabama,1059.0,41,0.0,3.0,,,,-0.0297
4423,2020-04-27,Franklin,Alabama,1059.0,43,0.0,2.0,,,,-0.0241
4424,2020-04-28,Franklin,Alabama,1059.0,44,0.0,1.0,,,,-0.047600000999999996
4425,2020-04-29,Franklin,Alabama,1059.0,45,0.0,1.0,,,,-0.020199999
4426,2020-04-30,Franklin,Alabama,1059.0,58,0.0,13.0,,,,-0.0067699998999999995
4427,2020-05-01,Franklin,Alabama,1059.0,78,0.0,20.0,,,,-0.0024600001
4428,2020-05-02,Franklin,Alabama,1059.0,100,0.0,22.0,,,,0.0073299999
4429,2020-05-03,Franklin,Alabama,1059.0,132,0.0,32.0,,,,0.0061900001
4430,2020-05-04,Franklin,Alabama,1059.0,136,0.0,4.0,,,,0.031500001
4431,2020-05-05,Franklin,Alabama,1059.0,152,0.0,16.0,,,,0.043299999000000006
4432,2020-05-06,Franklin,Alabama,1059.0,164,1.0,12.0,,,,0.05090000099999999
4433,2020-05-07,Franklin,Alabama,1059.0,184,1.0,20.0,,,,0.0407
4434,2020-05-08,Franklin,Alabama,1059.0,202,1.0,18.0,,,,0.022600001
4435,2020-05-09,Franklin,Alabama,1059.0,216,1.0,14.0,,,,0.039099998999999996
4436,2020-05-10,Franklin,Alabama,1059.0,226,1.0,10.0,,,,0.046799999
4437,2020-05-11,Franklin,Alabama,1059.0,247,2.0,21.0,,,,0.0143
4438,2020-05-12,Franklin,Alabama,1059.0,264,3.0,17.0,,,,0.023499999
4439,2020-05-13,Franklin,Alabama,1059.0,270,3.0,6.0,,,,0.000229
4440,2020-05-14,Franklin,Alabama,1059.0,288,3.0,18.0,,,,0.0064699999
4441,2020-05-15,Franklin,Alabama,1059.0,309,4.0,21.0,,,,0.0504
4442,2020-05-16,Franklin,Alabama,1059.0,329,4.0,20.0,,,,0.042599998
4443,2020-05-17,Franklin,Alabama,1059.0,334,4.0,5.0,,,,0.013999999999999999
4444,2020-05-18,Franklin,Alabama,1059.0,344,4.0,10.0,,,,0.0297
4445,2020-05-19,Franklin,Alabama,1059.0,364,4.0,20.0,,,,0.0146
4446,2020-05-20,Franklin,Alabama,1059.0,399,5.0,35.0,,,,0.048700001
4447,2020-05-21,Franklin,Alabama,1059.0,411,5.0,12.0,,,,0.032099999
4448,2020-05-22,Franklin,Alabama,1059.0,422,5.0,11.0,,,,0.0123
4449,2020-05-23,Franklin,Alabama,1059.0,435,6.0,13.0,,,,0.0009270000199999999
4450,2020-05-24,Franklin,Alabama,1059.0,447,6.0,12.0,,,,0.025599999
4451,2020-05-25,Franklin,Alabama,1059.0,467,6.0,20.0,,,,-0.022700001
4452,2020-05-26,Franklin,Alabama,1059.0,486,6.0,19.0,,,,0.032299998999999996
4453,2020-05-27,Franklin,Alabama,1059.0,498,6.0,12.0,,,,0.048599999000000005
4454,2020-05-28,Franklin,Alabama,1059.0,514,7.0,16.0,,,,0.095899999
4455,2020-05-29,Franklin,Alabama,1059.0,540,7.0,26.0,,,,0.121
4456,2020-05-30,Franklin,Alabama,1059.0,545,7.0,5.0,,,,0.30700001
4457,2020-05-31,Franklin,Alabama,1059.0,556,7.0,11.0,,,,0.354
4458,2020-06-01,Franklin,Alabama,1059.0,565,8.0,9.0,,,,0.31799999
4459,2020-06-02,Franklin,Alabama,1059.0,579,8.0,14.0,,,,0.38699999
4460,2020-06-03,Franklin,Alabama,1059.0,581,8.0,2.0,,,,0.24699999
4461,2020-06-04,Franklin,Alabama,1059.0,588,8.0,7.0,,,,0.38699999
4462,2020-06-05,Franklin,Alabama,1059.0,596,9.0,8.0,,,,0.38699999
4463,2020-06-06,Franklin,Alabama,1059.0,611,9.0,15.0,,,,0.14
4464,2020-06-07,Franklin,Alabama,1059.0,620,9.0,9.0,,,,0.105
4465,2020-06-08,Franklin,Alabama,1059.0,628,10.0,8.0,,,,0.10400000000000001
4466,2020-06-09,Franklin,Alabama,1059.0,634,10.0,6.0,,,,0.0112
4467,2020-06-10,Franklin,Alabama,1059.0,637,10.0,3.0,,,,0.0429
4468,2020-06-11,Franklin,Alabama,1059.0,655,10.0,18.0,,,,0.088399999
4469,2020-06-12,Franklin,Alabama,1059.0,668,10.0,13.0,,,,0.090499997
4470,2020-06-13,Franklin,Alabama,1059.0,713,10.0,45.0,,,,0.096199997
4471,2020-06-14,Franklin,Alabama,1059.0,727,10.0,14.0,,,,0.102
4472,2020-06-15,Franklin,Alabama,1059.0,734,10.0,7.0,,,,0.094300002
4473,2020-06-16,Franklin,Alabama,1059.0,741,10.0,7.0,,,,0.109
4474,2020-06-17,Franklin,Alabama,1059.0,758,10.0,17.0,,,,0.10400000000000001
4475,2020-06-18,Franklin,Alabama,1059.0,764,10.0,6.0,,,,0.089299999
4476,2020-06-19,Franklin,Alabama,1059.0,773,10.0,9.0,,,,0.087200001
4477,2020-06-20,Franklin,Alabama,1059.0,776,10.0,3.0,,,,0.084200002
4478,2020-06-21,Franklin,Alabama,1059.0,782,10.0,6.0,,,,0.08470000300000001
4479,2020-06-22,Franklin,Alabama,1059.0,783,10.0,1.0,,,,0.0867
4480,2020-06-23,Franklin,Alabama,1059.0,788,10.0,5.0,,,,0.09489999699999999
4481,2020-06-24,Franklin,Alabama,1059.0,803,10.0,15.0,,,,0.035399999
4482,2020-06-25,Franklin,Alabama,1059.0,816,11.0,13.0,,,,-0.0107
4483,2020-06-26,Franklin,Alabama,1059.0,830,11.0,14.0,,,,-0.059099998
4484,2020-06-27,Franklin,Alabama,1059.0,833,11.0,3.0,,,,-0.074199997
4485,2020-06-28,Franklin,Alabama,1059.0,839,11.0,6.0,,,,-0.0823
4486,2020-06-29,Franklin,Alabama,1059.0,835,11.0,-4.0,,,,-0.10400000000000001
4487,2020-06-30,Franklin,Alabama,1059.0,847,13.0,12.0,,,,-0.11900000000000001
4488,2020-07-01,Franklin,Alabama,1059.0,856,13.0,9.0,,,,-0.081500001
4489,2020-07-02,Franklin,Alabama,1059.0,867,14.0,11.0,,,,-0.0058499998
4490,2020-07-03,Franklin,Alabama,1059.0,883,14.0,16.0,,,,-0.00116
4491,2020-07-04,Franklin,Alabama,1059.0,894,14.0,11.0,,,,0.035300002000000004
4492,2020-07-05,Franklin,Alabama,1059.0,900,14.0,6.0,,,,0.0515
4493,2020-07-06,Franklin,Alabama,1059.0,903,14.0,3.0,,,,0.075499997
4494,2020-07-07,Franklin,Alabama,1059.0,907,16.0,4.0,,,,0.066799998
4495,2020-07-08,Franklin,Alabama,1059.0,911,16.0,4.0,,,,0.071599998
4496,2020-07-09,Franklin,Alabama,1059.0,927,16.0,16.0,,,,0.070299998
4497,2020-07-10,Franklin,Alabama,1059.0,933,16.0,6.0,,,,0.045400000999999995
4498,2020-07-11,Franklin,Alabama,1059.0,937,16.0,4.0,,,,0.0722
4499,2020-07-12,Franklin,Alabama,1059.0,943,16.0,6.0,,,,0.07389999900000001
4500,2020-07-13,Franklin,Alabama,1059.0,955,16.0,12.0,,,,0.025599999
4501,2020-07-14,Franklin,Alabama,1059.0,965,16.0,10.0,,,,0.039299997999999996
4502,2020-07-15,Franklin,Alabama,1059.0,975,16.0,10.0,,,,0.058699999
4503,2020-07-16,Franklin,Alabama,1059.0,984,16.0,9.0,,,,0.052099999
4504,2020-07-17,Franklin,Alabama,1059.0,1001,16.0,17.0,,,,0.050500002
4505,2020-07-18,Franklin,Alabama,1059.0,1016,16.0,15.0,,,,0.0217
4506,2020-07-19,Franklin,Alabama,1059.0,1025,16.0,9.0,,,,0.0231
4507,2020-07-20,Franklin,Alabama,1059.0,1032,16.0,7.0,,,,0.0217
4508,2020-07-21,Franklin,Alabama,1059.0,1043,16.0,11.0,,,,0.023600001000000002
4509,2020-07-22,Franklin,Alabama,1059.0,1050,17.0,7.0,,,,0.022399999
4510,2020-07-23,Franklin,Alabama,1059.0,1057,17.0,7.0,,,,0.0079300003
4511,2020-07-24,Franklin,Alabama,1059.0,1072,17.0,15.0,,,,-0.0006259999900000001
4512,2020-07-25,Franklin,Alabama,1059.0,1083,17.0,11.0,,,,0.0122
4513,2020-07-26,Franklin,Alabama,1059.0,1088,19.0,5.0,,,,0.0154
4514,2020-07-27,Franklin,Alabama,1059.0,1110,20.0,22.0,,,,0.038600001
4515,2020-07-28,Franklin,Alabama,1059.0,1117,20.0,7.0,,,,0.035399999
4516,2020-07-29,Franklin,Alabama,1059.0,1129,20.0,12.0,,,,0.042199999
4517,2020-07-30,Franklin,Alabama,1059.0,1156,20.0,27.0,,,,0.0188
4518,2020-07-31,Franklin,Alabama,1059.0,1174,20.0,18.0,,,,0.045899998
4519,2020-08-01,Franklin,Alabama,1059.0,1177,20.0,3.0,,,,0.0137
4520,2020-08-02,Franklin,Alabama,1059.0,1198,20.0,21.0,,,,-0.00096600002
4521,2020-08-03,Franklin,Alabama,1059.0,1213,20.0,15.0,,,,0.0153
4522,2020-08-04,Franklin,Alabama,1059.0,1223,20.0,10.0,,,,0.024599998999999997
4523,2020-08-05,Franklin,Alabama,1059.0,1232,20.0,9.0,,,,0.0124
4524,2020-08-06,Franklin,Alabama,1059.0,1255,20.0,23.0,,,,0.021
4525,2020-08-07,Franklin,Alabama,1059.0,1275,20.0,20.0,,,,0.0348
4526,2020-08-08,Franklin,Alabama,1059.0,1288,20.0,13.0,,,,0.056600001
4527,2020-08-09,Franklin,Alabama,1059.0,1292,20.0,4.0,,,,0.07150000299999999
4528,2020-08-10,Franklin,Alabama,1059.0,1306,20.0,14.0,,,,0.054099999
4529,2020-08-11,Franklin,Alabama,1059.0,1314,22.0,8.0,,,,0.041299999
4530,2020-08-12,Franklin,Alabama,1059.0,1325,22.0,11.0,,,,0.0557
4531,2020-08-13,Franklin,Alabama,1059.0,1327,22.0,2.0,,,,0.0678
4532,2020-08-14,Franklin,Alabama,1059.0,1332,22.0,5.0,,,,0.066399999
4533,2020-08-15,Franklin,Alabama,1059.0,1341,22.0,9.0,,,,0.056899998
4534,2020-08-16,Franklin,Alabama,1059.0,1367,22.0,26.0,,,,0.056899998
4535,2020-08-17,Franklin,Alabama,1059.0,1377,22.0,10.0,,,,0.065099999
4536,2020-08-18,Franklin,Alabama,1059.0,1391,22.0,14.0,,,,0.0656
4537,2020-08-19,Franklin,Alabama,1059.0,1402,22.0,11.0,,,,0.041999999
4538,2020-08-20,Franklin,Alabama,1059.0,1428,22.0,26.0,,,,0.068000004
4539,2020-08-21,Franklin,Alabama,1059.0,1440,22.0,12.0,,,,0.0469
4540,2020-08-22,Franklin,Alabama,1059.0,1445,22.0,5.0,,,,0.069200002
4541,2020-08-23,Franklin,Alabama,1059.0,1454,22.0,9.0,,,,0.084299996
4542,2020-08-24,Franklin,Alabama,1059.0,1476,22.0,22.0,,,,0.0438
4543,2020-08-25,Franklin,Alabama,1059.0,1480,24.0,4.0,,,,0.038400002
4544,2020-08-26,Franklin,Alabama,1059.0,1490,24.0,10.0,,,,0.058699999
4545,2020-08-27,Franklin,Alabama,1059.0,1500,25.0,10.0,,,,0.152
4546,2020-08-28,Franklin,Alabama,1059.0,1531,26.0,31.0,,,,0.12800001
4547,2020-08-29,Franklin,Alabama,1059.0,1554,27.0,23.0,,,,0.09669999800000001
4548,2020-08-30,Franklin,Alabama,1059.0,1562,27.0,8.0,,,,0.024599998999999997
4549,2020-08-31,Franklin,Alabama,1059.0,1565,27.0,3.0,,,,0.0504
4550,2020-09-01,Franklin,Alabama,1059.0,1567,27.0,2.0,,,,0.0211
4551,2020-09-02,Franklin,Alabama,1059.0,1580,27.0,13.0,,,,0.043400000999999994
4552,2020-09-03,Franklin,Alabama,1059.0,1597,27.0,17.0,,,,0.081900001
4553,2020-09-04,Franklin,Alabama,1059.0,1608,27.0,11.0,,,,0.060600000999999994
4554,2020-09-05,Franklin,Alabama,1059.0,1620,27.0,12.0,,,,0.072499998
4555,2020-09-06,Franklin,Alabama,1059.0,1621,27.0,1.0,,,,0.23899999
4556,2020-09-07,Franklin,Alabama,1059.0,1628,27.0,7.0,,,,0.20800000000000002
4557,2020-09-08,Franklin,Alabama,1059.0,1629,27.0,1.0,,,,0.139
4558,2020-09-09,Franklin,Alabama,1059.0,1650,27.0,21.0,,,,0.147
4559,2020-09-10,Franklin,Alabama,1059.0,1653,28.0,3.0,,,,0.050999999000000004
4560,2020-09-11,Franklin,Alabama,1059.0,1662,28.0,9.0,,,,0.061500002000000005
4561,2020-09-12,Franklin,Alabama,1059.0,1672,28.0,10.0,,,,0.073299997
4562,2020-09-13,Franklin,Alabama,1059.0,1693,28.0,21.0,,,,0.024599998999999997
4563,2020-09-14,Franklin,Alabama,1059.0,1693,28.0,0.0,,,,0.038899999
4564,2020-09-15,Franklin,Alabama,1059.0,1694,28.0,1.0,,,,0.04410000099999999
4565,2020-09-16,Franklin,Alabama,1059.0,1703,28.0,9.0,,,,0.024900001
4566,2020-09-17,Franklin,Alabama,1059.0,1727,28.0,24.0,,,,0.032000002
4567,2020-09-18,Franklin,Alabama,1059.0,1734,28.0,7.0,,,,0.068000004
4568,2020-09-19,Franklin,Alabama,1059.0,1741,28.0,7.0,,,,0.0669
4569,2020-09-20,Franklin,Alabama,1059.0,1743,28.0,2.0,,,,0.121
4570,2020-09-21,Franklin,Alabama,1059.0,1745,28.0,2.0,,,,0.11599999999999999
4571,2020-09-22,Franklin,Alabama,1059.0,1748,28.0,3.0,,,,0.13699999
4572,2020-09-23,Franklin,Alabama,1059.0,1752,29.0,4.0,,,,0.11699999999999999
4573,2020-09-24,Franklin,Alabama,1059.0,1755,29.0,3.0,,,,0.20200001
4574,2020-09-25,Franklin,Alabama,1059.0,1767,29.0,12.0,,,,0.142
4575,2020-09-26,Franklin,Alabama,1059.0,1771,29.0,4.0,,,,0.138
4576,2020-09-27,Franklin,Alabama,1059.0,1781,29.0,10.0,,,,0.111
4577,2020-09-28,Franklin,Alabama,1059.0,1790,29.0,9.0,,,,0.10800000000000001
4578,2020-09-29,Franklin,Alabama,1059.0,1791,30.0,1.0,,,,0.082999997
4579,2020-09-30,Franklin,Alabama,1059.0,1794,30.0,3.0,,,,0.030200001
4580,2020-10-01,Franklin,Alabama,1059.0,1808,30.0,14.0,,,,0.0319
4581,2020-10-02,Franklin,Alabama,1059.0,1819,30.0,11.0,,,,0.066299997
4582,2020-10-03,Franklin,Alabama,1059.0,1836,30.0,17.0,,,,0.052700002
4583,2020-10-04,Franklin,Alabama,1059.0,1842,30.0,6.0,,,,0.060699999000000004
4584,2020-10-05,Franklin,Alabama,1059.0,1850,30.0,8.0,,,,0.062700003
4585,2020-10-06,Franklin,Alabama,1059.0,1856,30.0,6.0,,,,0.0656
4586,2020-10-07,Franklin,Alabama,1059.0,1868,30.0,12.0,,,,0.07630000299999999
4587,2020-10-08,Franklin,Alabama,1059.0,1871,30.0,3.0,,,,0.11699999999999999
4588,2020-10-09,Franklin,Alabama,1059.0,1872,30.0,1.0,,,,0.149
4589,2020-10-10,Franklin,Alabama,1059.0,1886,30.0,14.0,,,,0.146
4590,2020-10-11,Franklin,Alabama,1059.0,1891,30.0,5.0,,,,0.138
4591,2020-10-12,Franklin,Alabama,1059.0,1896,30.0,5.0,,,,0.127
4592,2020-10-13,Franklin,Alabama,1059.0,1900,30.0,4.0,,,,0.11900000000000001
4593,2020-10-14,Franklin,Alabama,1059.0,1916,30.0,16.0,,,,0.132
4594,2020-10-15,Franklin,Alabama,1059.0,1928,31.0,12.0,,,,0.12800001
4595,2020-10-16,Franklin,Alabama,1059.0,1952,31.0,24.0,,,,0.0832
4596,2020-10-17,Franklin,Alabama,1059.0,1974,31.0,22.0,,,,0.087700002
4597,2020-10-18,Franklin,Alabama,1059.0,1981,31.0,7.0,,,,0.076499999
4598,2020-10-19,Franklin,Alabama,1059.0,1991,31.0,10.0,,,,0.08789999800000001
4599,2020-10-20,Franklin,Alabama,1059.0,1997,31.0,6.0,,,,0.09650000199999999
4600,2020-10-21,Franklin,Alabama,1059.0,2017,31.0,20.0,,,,0.0766
4601,2020-10-22,Franklin,Alabama,1059.0,2021,31.0,4.0,,,,0.069600001
4602,2020-10-23,Franklin,Alabama,1059.0,2032,31.0,11.0,,,,0.083800003
4603,2020-10-24,Franklin,Alabama,1059.0,2052,31.0,20.0,,,,0.113
4604,2020-10-25,Franklin,Alabama,1059.0,2055,31.0,3.0,,,,0.141
4605,2020-10-26,Franklin,Alabama,1059.0,2061,31.0,6.0,,,,0.12899999
4606,2020-10-27,Franklin,Alabama,1059.0,2064,32.0,3.0,,,,0.138
4607,2020-10-28,Franklin,Alabama,1059.0,2077,32.0,13.0,,,,0.10099999999999999
4608,2020-10-29,Franklin,Alabama,1059.0,2094,32.0,17.0,,,,0.12300000000000001
4609,2020-10-30,Franklin,Alabama,1059.0,2107,32.0,13.0,,,,0.102
4610,2020-10-31,Franklin,Alabama,1059.0,2120,32.0,13.0,,,,0.08829999699999999
4611,2020-11-01,Franklin,Alabama,1059.0,2185,32.0,65.0,,,,0.041900001
4612,2020-11-02,Franklin,Alabama,1059.0,2189,32.0,4.0,,,,0.021
4613,2020-11-03,Franklin,Alabama,1059.0,2192,32.0,3.0,,,,0.034299999
4614,2020-11-04,Franklin,Alabama,1059.0,2202,32.0,10.0,,,,0.064000003
4615,2020-11-05,Franklin,Alabama,1059.0,2219,32.0,17.0,,,,0.081299998
4616,2020-11-06,Franklin,Alabama,1059.0,2232,33.0,13.0,,,,0.11800000000000001
4617,2020-11-07,Franklin,Alabama,1059.0,2245,33.0,13.0,,,,0.15099999
4618,2020-11-08,Franklin,Alabama,1059.0,2250,34.0,5.0,,,,0.192
4619,2020-11-09,Franklin,Alabama,1059.0,2257,34.0,7.0,,,,0.228
4620,2020-11-10,Franklin,Alabama,1059.0,2261,34.0,4.0,,,,0.198
4621,2020-11-11,Franklin,Alabama,1059.0,2281,33.0,20.0,,,,0.18899999999999997
4622,2020-11-12,Franklin,Alabama,1059.0,2286,33.0,5.0,,,,0.16899999999999998
4623,2020-11-13,Franklin,Alabama,1059.0,2309,33.0,23.0,,,,0.141
4624,2020-11-14,Franklin,Alabama,1059.0,2320,33.0,11.0,,,,0.132
4625,2020-11-15,Franklin,Alabama,1059.0,2336,33.0,16.0,,,,0.113
4626,2020-11-16,Franklin,Alabama,1059.0,2344,33.0,8.0,,,,0.091700003
4627,2020-11-17,Franklin,Alabama,1059.0,2351,33.0,7.0,,,,0.09839999699999999
4628,2020-11-18,Franklin,Alabama,1059.0,2362,33.0,11.0,,,,0.0995
4629,2020-11-19,Franklin,Alabama,1059.0,2380,33.0,18.0,,,,0.083800003
4630,2020-11-20,Franklin,Alabama,1059.0,2394,33.0,14.0,,,,0.107
4631,2020-11-21,Franklin,Alabama,1059.0,2420,33.0,26.0,,,,0.11699999999999999
4632,2020-11-22,Franklin,Alabama,1059.0,2436,33.0,16.0,,,,0.10300000000000001
