,date,county,state,fips,cases,deaths,new_cases,emp_combined,emp_combined_inclow,revenue_all,spend_all
6832,2020-03-13,Limestone,Alabama,1083.0,1,0.0,0.0,,,,0.050999999000000004
6833,2020-03-14,Limestone,Alabama,1083.0,1,0.0,0.0,,,,0.071699999
6834,2020-03-15,Limestone,Alabama,1083.0,1,0.0,0.0,,,,0.0506
6835,2020-03-16,Limestone,Alabama,1083.0,1,0.0,0.0,,,,0.0306
6836,2020-03-17,Limestone,Alabama,1083.0,1,0.0,0.0,,,,0.0295
6837,2020-03-18,Limestone,Alabama,1083.0,1,0.0,0.0,,,,-0.050000000999999995
6838,2020-03-19,Limestone,Alabama,1083.0,1,0.0,0.0,,,,-0.185
6839,2020-03-20,Limestone,Alabama,1083.0,1,0.0,0.0,,,,-0.252
6840,2020-03-21,Limestone,Alabama,1083.0,1,0.0,0.0,,,,-0.27700001
6841,2020-03-22,Limestone,Alabama,1083.0,1,0.0,0.0,,,,-0.26800001
6842,2020-03-23,Limestone,Alabama,1083.0,1,0.0,0.0,,,,-0.27700001
6843,2020-03-24,Limestone,Alabama,1083.0,4,0.0,3.0,,,,-0.257
6844,2020-03-25,Limestone,Alabama,1083.0,6,0.0,2.0,,,,-0.233
6845,2020-03-26,Limestone,Alabama,1083.0,13,0.0,7.0,,,,-0.30700001
6846,2020-03-27,Limestone,Alabama,1083.0,16,0.0,3.0,,,,-0.31999999
6847,2020-03-28,Limestone,Alabama,1083.0,16,0.0,0.0,,,,-0.31200001
6848,2020-03-29,Limestone,Alabama,1083.0,16,0.0,0.0,,,,-0.39399999
6849,2020-03-30,Limestone,Alabama,1083.0,20,0.0,4.0,,,,-0.37
6850,2020-03-31,Limestone,Alabama,1083.0,22,0.0,2.0,,,,-0.426
6851,2020-04-01,Limestone,Alabama,1083.0,23,0.0,1.0,,,,-0.42199999
6852,2020-04-02,Limestone,Alabama,1083.0,25,0.0,2.0,,,,-0.30700001
6853,2020-04-03,Limestone,Alabama,1083.0,30,0.0,5.0,,,,-0.2
6854,2020-04-04,Limestone,Alabama,1083.0,31,0.0,1.0,,,,-0.26800001
6855,2020-04-05,Limestone,Alabama,1083.0,32,0.0,1.0,,,,-0.242
6856,2020-04-06,Limestone,Alabama,1083.0,33,0.0,1.0,,,,-0.27200001
6857,2020-04-07,Limestone,Alabama,1083.0,32,0.0,-1.0,,,,-0.292
6858,2020-04-08,Limestone,Alabama,1083.0,32,0.0,0.0,,,,-0.27000001
6859,2020-04-09,Limestone,Alabama,1083.0,35,0.0,3.0,,,,-0.31299999
6860,2020-04-10,Limestone,Alabama,1083.0,36,0.0,1.0,,,,-0.30700001
6861,2020-04-11,Limestone,Alabama,1083.0,36,0.0,0.0,,,,-0.26699999
6862,2020-04-12,Limestone,Alabama,1083.0,37,0.0,1.0,,,,-0.33500001
6863,2020-04-13,Limestone,Alabama,1083.0,37,0.0,0.0,,,,-0.26300001
6864,2020-04-14,Limestone,Alabama,1083.0,37,0.0,0.0,,,,-0.27900001
6865,2020-04-15,Limestone,Alabama,1083.0,38,0.0,1.0,,,,-0.125
6866,2020-04-16,Limestone,Alabama,1083.0,38,0.0,0.0,,,,-0.102
6867,2020-04-17,Limestone,Alabama,1083.0,40,0.0,2.0,,,,-0.088799998
6868,2020-04-18,Limestone,Alabama,1083.0,40,0.0,0.0,,,,-0.109
6869,2020-04-19,Limestone,Alabama,1083.0,40,0.0,0.0,,,,-0.139
6870,2020-04-20,Limestone,Alabama,1083.0,40,0.0,0.0,,,,-0.19
6871,2020-04-21,Limestone,Alabama,1083.0,40,0.0,0.0,,,,-0.27200001
6872,2020-04-22,Limestone,Alabama,1083.0,38,0.0,-2.0,,,,-0.26899999
6873,2020-04-23,Limestone,Alabama,1083.0,40,0.0,2.0,,,,-0.41299999
6874,2020-04-24,Limestone,Alabama,1083.0,41,0.0,1.0,,,,-0.42399999
6875,2020-04-25,Limestone,Alabama,1083.0,41,0.0,0.0,,,,-0.40400001
6876,2020-04-26,Limestone,Alabama,1083.0,41,0.0,0.0,,,,-0.36300001
6877,2020-04-27,Limestone,Alabama,1083.0,42,0.0,1.0,,,,-0.36199999
6878,2020-04-28,Limestone,Alabama,1083.0,44,0.0,2.0,,,,-0.278
6879,2020-04-29,Limestone,Alabama,1083.0,44,0.0,0.0,,,,-0.26300001
6880,2020-04-30,Limestone,Alabama,1083.0,44,0.0,0.0,,,,-0.156
6881,2020-05-01,Limestone,Alabama,1083.0,44,0.0,0.0,,,,-0.111
6882,2020-05-02,Limestone,Alabama,1083.0,44,0.0,0.0,,,,-0.17800000000000002
6883,2020-05-03,Limestone,Alabama,1083.0,45,0.0,1.0,,,,-0.106
6884,2020-05-04,Limestone,Alabama,1083.0,47,0.0,2.0,,,,-0.061700001
6885,2020-05-05,Limestone,Alabama,1083.0,48,0.0,1.0,,,,-0.191
6886,2020-05-06,Limestone,Alabama,1083.0,49,0.0,1.0,,,,-0.193
6887,2020-05-07,Limestone,Alabama,1083.0,54,0.0,5.0,,,,-0.20100001
6888,2020-05-08,Limestone,Alabama,1083.0,55,0.0,1.0,,,,-0.29100001
6889,2020-05-09,Limestone,Alabama,1083.0,57,0.0,2.0,,,,-0.20200001
6890,2020-05-10,Limestone,Alabama,1083.0,57,0.0,0.0,,,,-0.17600000000000002
6891,2020-05-11,Limestone,Alabama,1083.0,57,0.0,0.0,,,,-0.25600001
6892,2020-05-12,Limestone,Alabama,1083.0,58,0.0,1.0,,,,-0.29100001
6893,2020-05-13,Limestone,Alabama,1083.0,60,0.0,2.0,,,,-0.22400001
6894,2020-05-14,Limestone,Alabama,1083.0,62,0.0,2.0,,,,-0.163
6895,2020-05-15,Limestone,Alabama,1083.0,64,0.0,2.0,,,,-0.16
6896,2020-05-16,Limestone,Alabama,1083.0,64,0.0,0.0,,,,-0.20299999
6897,2020-05-17,Limestone,Alabama,1083.0,64,0.0,0.0,,,,-0.19899999999999998
6898,2020-05-18,Limestone,Alabama,1083.0,65,0.0,1.0,,,,-0.13500001
6899,2020-05-19,Limestone,Alabama,1083.0,65,0.0,0.0,,,,0.0107
6900,2020-05-20,Limestone,Alabama,1083.0,69,0.0,4.0,,,,-0.05739999900000001
6901,2020-05-21,Limestone,Alabama,1083.0,71,0.0,2.0,,,,-0.191
6902,2020-05-22,Limestone,Alabama,1083.0,72,0.0,1.0,,,,-0.17900001
6903,2020-05-23,Limestone,Alabama,1083.0,72,0.0,0.0,,,,-0.16599999
6904,2020-05-24,Limestone,Alabama,1083.0,74,0.0,2.0,,,,-0.17299999
6905,2020-05-25,Limestone,Alabama,1083.0,77,0.0,3.0,,,,-0.0955
6906,2020-05-26,Limestone,Alabama,1083.0,82,0.0,5.0,,,,-0.23999999
6907,2020-05-27,Limestone,Alabama,1083.0,86,0.0,4.0,,,,-0.161
6908,2020-05-28,Limestone,Alabama,1083.0,87,0.0,1.0,,,,-0.084200002
6909,2020-05-29,Limestone,Alabama,1083.0,92,0.0,5.0,,,,-0.12300000000000001
6910,2020-05-30,Limestone,Alabama,1083.0,94,0.0,2.0,,,,-0.127
6911,2020-05-31,Limestone,Alabama,1083.0,106,0.0,12.0,,,,-0.106
6912,2020-06-01,Limestone,Alabama,1083.0,110,0.0,4.0,,,,-0.15899999
6913,2020-06-02,Limestone,Alabama,1083.0,110,0.0,0.0,,,,-0.213
6914,2020-06-03,Limestone,Alabama,1083.0,110,0.0,0.0,,,,-0.21899999999999997
6915,2020-06-04,Limestone,Alabama,1083.0,110,0.0,0.0,,,,-0.18000001
6916,2020-06-05,Limestone,Alabama,1083.0,112,0.0,2.0,,,,-0.11599999999999999
6917,2020-06-06,Limestone,Alabama,1083.0,121,0.0,9.0,,,,-0.038400002
6918,2020-06-07,Limestone,Alabama,1083.0,125,0.0,4.0,,,,-0.0458
6919,2020-06-08,Limestone,Alabama,1083.0,137,0.0,12.0,,,,-0.07010000200000001
6920,2020-06-09,Limestone,Alabama,1083.0,146,0.0,9.0,,,,-0.06199999900000001
6921,2020-06-10,Limestone,Alabama,1083.0,153,0.0,7.0,,,,-0.115
6922,2020-06-11,Limestone,Alabama,1083.0,164,0.0,11.0,,,,-0.153
6923,2020-06-12,Limestone,Alabama,1083.0,177,0.0,13.0,,,,-0.147
6924,2020-06-13,Limestone,Alabama,1083.0,199,0.0,22.0,,,,-0.20600000000000002
6925,2020-06-14,Limestone,Alabama,1083.0,217,0.0,18.0,,,,-0.192
6926,2020-06-15,Limestone,Alabama,1083.0,228,0.0,11.0,,,,-0.17399999
6927,2020-06-16,Limestone,Alabama,1083.0,238,0.0,10.0,,,,-0.077200003
6928,2020-06-17,Limestone,Alabama,1083.0,244,0.0,6.0,,,,-0.029899999
6929,2020-06-18,Limestone,Alabama,1083.0,257,0.0,13.0,,,,-0.078900002
6930,2020-06-19,Limestone,Alabama,1083.0,262,0.0,5.0,,,,-0.046700001
6931,2020-06-20,Limestone,Alabama,1083.0,267,0.0,5.0,,,,-0.0845
6932,2020-06-21,Limestone,Alabama,1083.0,271,0.0,4.0,,,,-0.113
6933,2020-06-22,Limestone,Alabama,1083.0,275,0.0,4.0,,,,-0.057700000999999994
6934,2020-06-23,Limestone,Alabama,1083.0,285,0.0,10.0,,,,-0.073700003
6935,2020-06-24,Limestone,Alabama,1083.0,297,0.0,12.0,,,,-0.19
6936,2020-06-25,Limestone,Alabama,1083.0,321,0.0,24.0,,,,-0.17
6937,2020-06-26,Limestone,Alabama,1083.0,338,0.0,17.0,,,,-0.17399999
6938,2020-06-27,Limestone,Alabama,1083.0,355,0.0,17.0,,,,-0.15899999
6939,2020-06-28,Limestone,Alabama,1083.0,363,0.0,8.0,,,,-0.18000001
6940,2020-06-29,Limestone,Alabama,1083.0,398,0.0,35.0,,,,-0.17900001
6941,2020-06-30,Limestone,Alabama,1083.0,407,0.0,9.0,,,,-0.205
6942,2020-07-01,Limestone,Alabama,1083.0,413,0.0,6.0,,,,-0.11800000000000001
6943,2020-07-02,Limestone,Alabama,1083.0,434,0.0,21.0,,,,-0.08510000300000001
6944,2020-07-03,Limestone,Alabama,1083.0,471,0.0,37.0,,,,-0.154
6945,2020-07-04,Limestone,Alabama,1083.0,486,0.0,15.0,,,,-0.036400001
6946,2020-07-05,Limestone,Alabama,1083.0,500,0.0,14.0,,,,0.0149
6947,2020-07-06,Limestone,Alabama,1083.0,506,0.0,6.0,,,,-0.048
6948,2020-07-07,Limestone,Alabama,1083.0,523,1.0,17.0,,,,-0.0298
6949,2020-07-08,Limestone,Alabama,1083.0,530,1.0,7.0,,,,0.018100001
6950,2020-07-09,Limestone,Alabama,1083.0,579,1.0,49.0,,,,-0.0616
6951,2020-07-10,Limestone,Alabama,1083.0,602,4.0,23.0,,,,-0.126
6952,2020-07-11,Limestone,Alabama,1083.0,628,4.0,26.0,,,,-0.09960000199999999
6953,2020-07-12,Limestone,Alabama,1083.0,645,4.0,17.0,,,,-0.0779
6954,2020-07-13,Limestone,Alabama,1083.0,671,4.0,26.0,,,,-0.124
6955,2020-07-14,Limestone,Alabama,1083.0,697,5.0,26.0,,,,-0.168
6956,2020-07-15,Limestone,Alabama,1083.0,731,5.0,34.0,,,,-0.228
6957,2020-07-16,Limestone,Alabama,1083.0,757,5.0,26.0,,,,-0.16699999999999998
6958,2020-07-17,Limestone,Alabama,1083.0,796,6.0,39.0,,,,-0.073700003
6959,2020-07-18,Limestone,Alabama,1083.0,823,6.0,27.0,,,,-0.080499999
6960,2020-07-19,Limestone,Alabama,1083.0,854,6.0,31.0,,,,-0.102
6961,2020-07-20,Limestone,Alabama,1083.0,889,6.0,35.0,,,,-0.08640000199999999
6962,2020-07-21,Limestone,Alabama,1083.0,914,7.0,25.0,,,,-0.0058900001
6963,2020-07-22,Limestone,Alabama,1083.0,940,8.0,26.0,,,,0.0506
6964,2020-07-23,Limestone,Alabama,1083.0,958,8.0,18.0,,,,0.0106
6965,2020-07-24,Limestone,Alabama,1083.0,986,10.0,28.0,,,,-0.071599998
6966,2020-07-25,Limestone,Alabama,1083.0,1018,10.0,32.0,,,,-0.064400002
6967,2020-07-26,Limestone,Alabama,1083.0,1023,10.0,5.0,,,,-0.0147
6968,2020-07-27,Limestone,Alabama,1083.0,1048,11.0,25.0,,,,0.0142
6969,2020-07-28,Limestone,Alabama,1083.0,1064,11.0,16.0,,,,-0.037000000000000005
6970,2020-07-29,Limestone,Alabama,1083.0,1096,12.0,32.0,,,,-0.066799998
6971,2020-07-30,Limestone,Alabama,1083.0,1134,12.0,38.0,,,,-0.08680000199999999
6972,2020-07-31,Limestone,Alabama,1083.0,1167,12.0,33.0,,,,-0.033199999
6973,2020-08-01,Limestone,Alabama,1083.0,1177,13.0,10.0,,,,-0.046
6974,2020-08-02,Limestone,Alabama,1083.0,1205,14.0,28.0,,,,-0.10300000000000001
6975,2020-08-03,Limestone,Alabama,1083.0,1218,14.0,13.0,,,,-0.077500001
6976,2020-08-04,Limestone,Alabama,1083.0,1230,14.0,12.0,,,,-0.06319999700000001
6977,2020-08-05,Limestone,Alabama,1083.0,1249,14.0,19.0,,,,-0.077100001
6978,2020-08-06,Limestone,Alabama,1083.0,1283,14.0,34.0,,,,0.024499998999999998
6979,2020-08-07,Limestone,Alabama,1083.0,1311,14.0,28.0,,,,0.11699999999999999
6980,2020-08-08,Limestone,Alabama,1083.0,1345,14.0,34.0,,,,0.13500001
6981,2020-08-09,Limestone,Alabama,1083.0,1360,14.0,15.0,,,,0.102
6982,2020-08-10,Limestone,Alabama,1083.0,1376,14.0,16.0,,,,0.0462
6983,2020-08-11,Limestone,Alabama,1083.0,1387,14.0,11.0,,,,-0.0050799999999999994
6984,2020-08-12,Limestone,Alabama,1083.0,1406,14.0,19.0,,,,0.0132
6985,2020-08-13,Limestone,Alabama,1083.0,1421,14.0,15.0,,,,-0.0156
6986,2020-08-14,Limestone,Alabama,1083.0,1436,14.0,15.0,,,,-0.114
6987,2020-08-15,Limestone,Alabama,1083.0,1462,14.0,26.0,,,,-0.113
6988,2020-08-16,Limestone,Alabama,1083.0,1480,14.0,18.0,,,,-0.08569999800000001
6989,2020-08-17,Limestone,Alabama,1083.0,1486,14.0,6.0,,,,-0.10400000000000001
6990,2020-08-18,Limestone,Alabama,1083.0,1504,14.0,18.0,,,,-0.08990000199999999
6991,2020-08-19,Limestone,Alabama,1083.0,1523,14.0,19.0,,,,-0.060199998
6992,2020-08-20,Limestone,Alabama,1083.0,1530,15.0,7.0,,,,-0.057799999000000005
6993,2020-08-21,Limestone,Alabama,1083.0,1548,15.0,18.0,,,,0.0072900001
6994,2020-08-22,Limestone,Alabama,1083.0,1554,15.0,6.0,,,,0.029300001000000003
6995,2020-08-23,Limestone,Alabama,1083.0,1565,15.0,11.0,,,,-0.022600001
6996,2020-08-24,Limestone,Alabama,1083.0,1580,15.0,15.0,,,,-0.034699999
6997,2020-08-25,Limestone,Alabama,1083.0,1587,15.0,7.0,,,,0.07010000200000001
6998,2020-08-26,Limestone,Alabama,1083.0,1611,15.0,24.0,,,,0.102
6999,2020-08-27,Limestone,Alabama,1083.0,1634,15.0,23.0,,,,0.146
7000,2020-08-28,Limestone,Alabama,1083.0,1639,15.0,5.0,,,,0.031500001
7001,2020-08-29,Limestone,Alabama,1083.0,1658,16.0,19.0,,,,-0.053399999000000004
7002,2020-08-30,Limestone,Alabama,1083.0,1678,16.0,20.0,,,,0.053399999000000004
7003,2020-08-31,Limestone,Alabama,1083.0,1687,16.0,9.0,,,,0.093800001
7004,2020-09-01,Limestone,Alabama,1083.0,1712,16.0,25.0,,,,0.0167
7005,2020-09-02,Limestone,Alabama,1083.0,1713,16.0,1.0,,,,0.067299999
7006,2020-09-03,Limestone,Alabama,1083.0,1723,16.0,10.0,,,,0.064499997
7007,2020-09-04,Limestone,Alabama,1083.0,1728,19.0,5.0,,,,0.040899999
7008,2020-09-05,Limestone,Alabama,1083.0,1754,19.0,26.0,,,,0.15099999
7009,2020-09-06,Limestone,Alabama,1083.0,1759,19.0,5.0,,,,0.0211
7010,2020-09-07,Limestone,Alabama,1083.0,1762,19.0,3.0,,,,-0.0275
7011,2020-09-08,Limestone,Alabama,1083.0,1771,19.0,9.0,,,,-0.057100002000000004
7012,2020-09-09,Limestone,Alabama,1083.0,1782,19.0,11.0,,,,0.0067799999
7013,2020-09-10,Limestone,Alabama,1083.0,1797,19.0,15.0,,,,-0.0099499999
7014,2020-09-11,Limestone,Alabama,1083.0,1810,19.0,13.0,,,,-0.0273
7015,2020-09-12,Limestone,Alabama,1083.0,1835,19.0,25.0,,,,-0.09189999800000001
7016,2020-09-13,Limestone,Alabama,1083.0,1856,19.0,21.0,,,,-0.107
7017,2020-09-14,Limestone,Alabama,1083.0,1867,19.0,11.0,,,,-0.032299998999999996
7018,2020-09-15,Limestone,Alabama,1083.0,1893,19.0,26.0,,,,-0.00813
7019,2020-09-16,Limestone,Alabama,1083.0,1908,19.0,15.0,,,,-0.07829999900000001
7020,2020-09-17,Limestone,Alabama,1083.0,1919,19.0,11.0,,,,-0.068700001
7021,2020-09-18,Limestone,Alabama,1083.0,1942,19.0,23.0,,,,-0.00196
7022,2020-09-19,Limestone,Alabama,1083.0,1973,19.0,31.0,,,,0.0561
7023,2020-09-20,Limestone,Alabama,1083.0,1995,19.0,22.0,,,,0.0016600000000000002
7024,2020-09-21,Limestone,Alabama,1083.0,2001,19.0,6.0,,,,-0.0261
7025,2020-09-22,Limestone,Alabama,1083.0,2021,19.0,20.0,,,,-0.052700002
7026,2020-09-23,Limestone,Alabama,1083.0,2033,19.0,12.0,,,,-0.032099999
7027,2020-09-24,Limestone,Alabama,1083.0,2061,20.0,28.0,,,,-0.114
7028,2020-09-25,Limestone,Alabama,1083.0,2088,20.0,27.0,,,,-0.16899999999999998
7029,2020-09-26,Limestone,Alabama,1083.0,2101,20.0,13.0,,,,-0.11699999999999999
7030,2020-09-27,Limestone,Alabama,1083.0,2119,20.0,18.0,,,,-0.0308
7031,2020-09-28,Limestone,Alabama,1083.0,2135,20.0,16.0,,,,-0.10300000000000001
7032,2020-09-29,Limestone,Alabama,1083.0,2144,20.0,9.0,,,,-0.106
7033,2020-09-30,Limestone,Alabama,1083.0,2157,20.0,13.0,,,,-0.082500003
7034,2020-10-01,Limestone,Alabama,1083.0,2174,20.0,17.0,,,,0.026900001
7035,2020-10-02,Limestone,Alabama,1083.0,2202,22.0,28.0,,,,0.060600000999999994
7036,2020-10-03,Limestone,Alabama,1083.0,2229,22.0,27.0,,,,-0.054900002
7037,2020-10-04,Limestone,Alabama,1083.0,2258,22.0,29.0,,,,-0.080899999
7038,2020-10-05,Limestone,Alabama,1083.0,2298,22.0,40.0,,,,0.0006309999700000001
7039,2020-10-06,Limestone,Alabama,1083.0,2330,22.0,32.0,,,,0.0317
7040,2020-10-07,Limestone,Alabama,1083.0,2368,22.0,38.0,,,,0.057
7041,2020-10-08,Limestone,Alabama,1083.0,2396,23.0,28.0,,,,0.0348
7042,2020-10-09,Limestone,Alabama,1083.0,2439,23.0,43.0,,,,0.020400001
7043,2020-10-10,Limestone,Alabama,1083.0,2478,23.0,39.0,,,,0.00053899997
7044,2020-10-11,Limestone,Alabama,1083.0,2502,23.0,24.0,,,,-0.022700001
7045,2020-10-12,Limestone,Alabama,1083.0,2523,23.0,21.0,,,,0.138
7046,2020-10-13,Limestone,Alabama,1083.0,2541,23.0,18.0,,,,0.063600004
7047,2020-10-14,Limestone,Alabama,1083.0,2574,25.0,33.0,,,,-0.077799998
7048,2020-10-15,Limestone,Alabama,1083.0,2605,27.0,31.0,,,,-0.124
7049,2020-10-16,Limestone,Alabama,1083.0,2638,27.0,33.0,,,,-0.078400001
7050,2020-10-17,Limestone,Alabama,1083.0,2658,27.0,20.0,,,,-0.0059199999
7051,2020-10-18,Limestone,Alabama,1083.0,2683,27.0,25.0,,,,-0.0078299996
7052,2020-10-19,Limestone,Alabama,1083.0,2692,27.0,9.0,,,,-0.0015300000000000001
7053,2020-10-20,Limestone,Alabama,1083.0,2708,28.0,16.0,,,,-0.102
7054,2020-10-21,Limestone,Alabama,1083.0,2736,30.0,28.0,,,,-0.11699999999999999
7055,2020-10-22,Limestone,Alabama,1083.0,2765,30.0,29.0,,,,0.0307
7056,2020-10-23,Limestone,Alabama,1083.0,2797,30.0,32.0,,,,0.0109
7057,2020-10-24,Limestone,Alabama,1083.0,2842,30.0,45.0,,,,-0.074299999
7058,2020-10-25,Limestone,Alabama,1083.0,2872,30.0,30.0,,,,-0.0276
7059,2020-10-26,Limestone,Alabama,1083.0,2893,30.0,21.0,,,,-0.0704
7060,2020-10-27,Limestone,Alabama,1083.0,2936,31.0,43.0,,,,-0.063100003
7061,2020-10-28,Limestone,Alabama,1083.0,2951,31.0,15.0,,,,0.00168
7062,2020-10-29,Limestone,Alabama,1083.0,2970,31.0,19.0,,,,-0.076499999
7063,2020-10-30,Limestone,Alabama,1083.0,3003,33.0,33.0,,,,-0.125
7064,2020-10-31,Limestone,Alabama,1083.0,3031,34.0,28.0,,,,-0.07150000299999999
7065,2020-11-01,Limestone,Alabama,1083.0,3108,34.0,77.0,,,,-0.122
7066,2020-11-02,Limestone,Alabama,1083.0,3141,34.0,33.0,,,,-0.11199999999999999
7067,2020-11-03,Limestone,Alabama,1083.0,3166,34.0,25.0,,,,-0.0277
7068,2020-11-04,Limestone,Alabama,1083.0,3200,35.0,34.0,,,,-0.0131
7069,2020-11-05,Limestone,Alabama,1083.0,3231,36.0,31.0,,,,-0.017000001
7070,2020-11-06,Limestone,Alabama,1083.0,3271,37.0,40.0,,,,0.027100001000000002
7071,2020-11-07,Limestone,Alabama,1083.0,3311,37.0,40.0,,,,0.048099998
7072,2020-11-08,Limestone,Alabama,1083.0,3350,37.0,39.0,,,,0.063699998
7073,2020-11-09,Limestone,Alabama,1083.0,3380,37.0,30.0,,,,0.08510000300000001
7074,2020-11-10,Limestone,Alabama,1083.0,3414,37.0,34.0,,,,0.0284
7075,2020-11-11,Limestone,Alabama,1083.0,3457,38.0,43.0,,,,-0.00642
7076,2020-11-12,Limestone,Alabama,1083.0,3512,38.0,55.0,,,,-0.079499997
7077,2020-11-13,Limestone,Alabama,1083.0,3577,41.0,65.0,,,,-0.06710000299999999
7078,2020-11-14,Limestone,Alabama,1083.0,3615,41.0,38.0,,,,0.0219
7079,2020-11-15,Limestone,Alabama,1083.0,3653,41.0,38.0,,,,-0.0101
7080,2020-11-16,Limestone,Alabama,1083.0,3689,41.0,36.0,,,,-0.028000001
7081,2020-11-17,Limestone,Alabama,1083.0,3723,42.0,34.0,,,,0.00403
7082,2020-11-18,Limestone,Alabama,1083.0,3759,42.0,36.0,,,,0.009379999699999999
7083,2020-11-19,Limestone,Alabama,1083.0,3834,44.0,75.0,,,,0.12899999
7084,2020-11-20,Limestone,Alabama,1083.0,3901,44.0,67.0,,,,0.15700001
7085,2020-11-21,Limestone,Alabama,1083.0,3970,44.0,69.0,,,,0.102
7086,2020-11-22,Limestone,Alabama,1083.0,4008,44.0,38.0,,,,0.16399999999999998
