,date,county,state,fips,cases,deaths,new_cases,emp_combined,emp_combined_inclow,revenue_all,spend_all
10785,2020-03-19,Walker,Alabama,1127.0,1,0.0,0.0,,,,-0.032600001
10786,2020-03-20,Walker,Alabama,1127.0,1,0.0,0.0,,,,-0.039700001
10787,2020-03-21,Walker,Alabama,1127.0,1,0.0,0.0,,,,-0.087399997
10788,2020-03-22,Walker,Alabama,1127.0,1,0.0,0.0,,,,-0.0451
10789,2020-03-23,Walker,Alabama,1127.0,3,0.0,2.0,,,,-0.084399998
10790,2020-03-24,Walker,Alabama,1127.0,5,0.0,2.0,,,,-0.233
10791,2020-03-25,Walker,Alabama,1127.0,9,0.0,4.0,,,,-0.222
10792,2020-03-26,Walker,Alabama,1127.0,18,0.0,9.0,,,,-0.22499999
10793,2020-03-27,Walker,Alabama,1127.0,24,0.0,6.0,,,,-0.29499999
10794,2020-03-28,Walker,Alabama,1127.0,28,0.0,4.0,,,,-0.29499999
10795,2020-03-29,Walker,Alabama,1127.0,30,0.0,2.0,,,,-0.33000001
10796,2020-03-30,Walker,Alabama,1127.0,31,0.0,1.0,,,,-0.33500001
10797,2020-03-31,Walker,Alabama,1127.0,32,0.0,1.0,,,,-0.223
10798,2020-04-01,Walker,Alabama,1127.0,32,0.0,0.0,,,,-0.09489999699999999
10799,2020-04-02,Walker,Alabama,1127.0,34,0.0,2.0,,,,-0.235
10800,2020-04-03,Walker,Alabama,1127.0,49,0.0,15.0,,,,-0.28299999
10801,2020-04-04,Walker,Alabama,1127.0,49,0.0,0.0,,,,-0.17800000000000002
10802,2020-04-05,Walker,Alabama,1127.0,49,0.0,0.0,,,,-0.16399999999999998
10803,2020-04-06,Walker,Alabama,1127.0,54,0.0,5.0,,,,-0.177
10804,2020-04-07,Walker,Alabama,1127.0,64,0.0,10.0,,,,-0.175
10805,2020-04-08,Walker,Alabama,1127.0,68,0.0,4.0,,,,-0.23399999999999999
10806,2020-04-09,Walker,Alabama,1127.0,72,0.0,4.0,,,,-0.213
10807,2020-04-10,Walker,Alabama,1127.0,72,0.0,0.0,,,,-0.16599999
10808,2020-04-11,Walker,Alabama,1127.0,78,0.0,6.0,,,,-0.23399999999999999
10809,2020-04-12,Walker,Alabama,1127.0,83,0.0,5.0,,,,-0.29600000000000004
10810,2020-04-13,Walker,Alabama,1127.0,84,0.0,1.0,,,,-0.33399999
10811,2020-04-14,Walker,Alabama,1127.0,84,0.0,0.0,,,,-0.23999999
10812,2020-04-15,Walker,Alabama,1127.0,85,0.0,1.0,,,,-0.029100001
10813,2020-04-16,Walker,Alabama,1127.0,84,0.0,-1.0,,,,0.074000001
10814,2020-04-17,Walker,Alabama,1127.0,83,0.0,-1.0,,,,-0.156
10815,2020-04-18,Walker,Alabama,1127.0,83,0.0,0.0,,,,-0.17600000000000002
10816,2020-04-19,Walker,Alabama,1127.0,85,0.0,2.0,,,,-0.1
10817,2020-04-20,Walker,Alabama,1127.0,90,0.0,5.0,,,,-0.047800000999999995
10818,2020-04-21,Walker,Alabama,1127.0,91,0.0,1.0,,,,-0.111
10819,2020-04-22,Walker,Alabama,1127.0,90,0.0,-1.0,,,,-0.35699999
10820,2020-04-23,Walker,Alabama,1127.0,89,0.0,-1.0,,,,-0.43799999
10821,2020-04-24,Walker,Alabama,1127.0,89,0.0,0.0,,,,-0.30199999
10822,2020-04-25,Walker,Alabama,1127.0,91,0.0,2.0,,,,-0.20999999
10823,2020-04-26,Walker,Alabama,1127.0,92,0.0,1.0,,,,-0.13699999
10824,2020-04-27,Walker,Alabama,1127.0,93,0.0,1.0,,,,-0.16
10825,2020-04-28,Walker,Alabama,1127.0,94,0.0,1.0,,,,-0.19899999999999998
10826,2020-04-29,Walker,Alabama,1127.0,93,0.0,-1.0,,,,-0.26100001
10827,2020-04-30,Walker,Alabama,1127.0,95,0.0,2.0,,,,-0.11199999999999999
10828,2020-05-01,Walker,Alabama,1127.0,97,0.0,2.0,,,,-0.045000002000000004
10829,2020-05-02,Walker,Alabama,1127.0,97,0.0,0.0,,,,-0.17200001
10830,2020-05-03,Walker,Alabama,1127.0,99,0.0,2.0,,,,-0.20999999
10831,2020-05-04,Walker,Alabama,1127.0,100,0.0,1.0,,,,-0.139
10832,2020-05-05,Walker,Alabama,1127.0,100,0.0,0.0,,,,-0.114
10833,2020-05-06,Walker,Alabama,1127.0,101,0.0,1.0,,,,-0.025599999
10834,2020-05-07,Walker,Alabama,1127.0,103,0.0,2.0,,,,-0.0163
10835,2020-05-08,Walker,Alabama,1127.0,105,0.0,2.0,,,,-0.13699999
10836,2020-05-09,Walker,Alabama,1127.0,106,0.0,1.0,,,,-0.064499997
10837,2020-05-10,Walker,Alabama,1127.0,106,0.0,0.0,,,,-0.05229999900000001
10838,2020-05-11,Walker,Alabama,1127.0,107,0.0,1.0,,,,-0.069899999
10839,2020-05-12,Walker,Alabama,1127.0,110,0.0,3.0,,,,-0.046
10840,2020-05-13,Walker,Alabama,1127.0,111,0.0,1.0,,,,-0.091700003
10841,2020-05-14,Walker,Alabama,1127.0,116,0.0,5.0,,,,-0.156
10842,2020-05-15,Walker,Alabama,1127.0,119,0.0,3.0,,,,-0.091399997
10843,2020-05-16,Walker,Alabama,1127.0,126,0.0,7.0,,,,-0.079599999
10844,2020-05-17,Walker,Alabama,1127.0,126,0.0,0.0,,,,-0.075499997
10845,2020-05-18,Walker,Alabama,1127.0,139,0.0,13.0,,,,-0.0546
10846,2020-05-19,Walker,Alabama,1127.0,148,1.0,9.0,,,,-0.069499999
10847,2020-05-20,Walker,Alabama,1127.0,164,1.0,16.0,,,,-0.085299999
10848,2020-05-21,Walker,Alabama,1127.0,172,1.0,8.0,,,,-0.0094900001
10849,2020-05-22,Walker,Alabama,1127.0,179,1.0,7.0,,,,0.0083100004
10850,2020-05-23,Walker,Alabama,1127.0,191,1.0,12.0,,,,-0.077500001
10851,2020-05-24,Walker,Alabama,1127.0,198,1.0,7.0,,,,-0.086300001
10852,2020-05-25,Walker,Alabama,1127.0,239,1.0,41.0,,,,0.015699999
10853,2020-05-26,Walker,Alabama,1127.0,272,1.0,33.0,,,,-0.0744
10854,2020-05-27,Walker,Alabama,1127.0,282,1.0,10.0,,,,-0.090099998
10855,2020-05-28,Walker,Alabama,1127.0,299,1.0,17.0,,,,-0.124
10856,2020-05-29,Walker,Alabama,1127.0,330,2.0,31.0,,,,-0.156
10857,2020-05-30,Walker,Alabama,1127.0,344,2.0,14.0,,,,-0.068300001
10858,2020-05-31,Walker,Alabama,1127.0,354,2.0,10.0,,,,-0.0033100001
10859,2020-06-01,Walker,Alabama,1127.0,380,2.0,26.0,,,,0.0195
10860,2020-06-02,Walker,Alabama,1127.0,388,2.0,8.0,,,,-0.00124
10861,2020-06-03,Walker,Alabama,1127.0,391,2.0,3.0,,,,-0.10800000000000001
10862,2020-06-04,Walker,Alabama,1127.0,396,2.0,5.0,,,,-0.11599999999999999
10863,2020-06-05,Walker,Alabama,1127.0,407,3.0,11.0,,,,-0.0065600001
10864,2020-06-06,Walker,Alabama,1127.0,443,3.0,36.0,,,,-0.079999998
10865,2020-06-07,Walker,Alabama,1127.0,462,3.0,19.0,,,,-0.16599999
10866,2020-06-08,Walker,Alabama,1127.0,470,5.0,8.0,,,,-0.222
10867,2020-06-09,Walker,Alabama,1127.0,477,6.0,7.0,,,,-0.21799999
10868,2020-06-10,Walker,Alabama,1127.0,491,6.0,14.0,,,,-0.09759999800000001
10869,2020-06-11,Walker,Alabama,1127.0,510,6.0,19.0,,,,-0.13699999
10870,2020-06-12,Walker,Alabama,1127.0,533,6.0,23.0,,,,-0.26800001
10871,2020-06-13,Walker,Alabama,1127.0,550,6.0,17.0,,,,-0.215
10872,2020-06-14,Walker,Alabama,1127.0,578,6.0,28.0,,,,-0.193
10873,2020-06-15,Walker,Alabama,1127.0,588,6.0,10.0,,,,-0.21100000000000002
10874,2020-06-16,Walker,Alabama,1127.0,621,6.0,33.0,,,,-0.235
10875,2020-06-17,Walker,Alabama,1127.0,626,6.0,5.0,,,,-0.19699999999999998
10876,2020-06-18,Walker,Alabama,1127.0,652,8.0,26.0,,,,-0.11
10877,2020-06-19,Walker,Alabama,1127.0,674,8.0,22.0,,,,-0.141
10878,2020-06-20,Walker,Alabama,1127.0,679,8.0,5.0,,,,-0.156
10879,2020-06-21,Walker,Alabama,1127.0,693,8.0,14.0,,,,-0.10099999999999999
10880,2020-06-22,Walker,Alabama,1127.0,705,8.0,12.0,,,,-0.12300000000000001
10881,2020-06-23,Walker,Alabama,1127.0,722,10.0,17.0,,,,-0.18600000000000003
10882,2020-06-24,Walker,Alabama,1127.0,741,12.0,19.0,,,,-0.23199999
10883,2020-06-25,Walker,Alabama,1127.0,761,12.0,20.0,,,,-0.19599999
10884,2020-06-26,Walker,Alabama,1127.0,774,13.0,13.0,,,,-0.19
10885,2020-06-27,Walker,Alabama,1127.0,791,13.0,17.0,,,,-0.18700001
10886,2020-06-28,Walker,Alabama,1127.0,797,13.0,6.0,,,,-0.221
10887,2020-06-29,Walker,Alabama,1127.0,840,15.0,43.0,,,,-0.20900001
10888,2020-06-30,Walker,Alabama,1127.0,855,17.0,15.0,,,,-0.20999999
10889,2020-07-01,Walker,Alabama,1127.0,880,23.0,25.0,,,,-0.06319999700000001
10890,2020-07-02,Walker,Alabama,1127.0,884,23.0,4.0,,,,-0.16
10891,2020-07-03,Walker,Alabama,1127.0,918,24.0,34.0,,,,-0.115
10892,2020-07-04,Walker,Alabama,1127.0,927,24.0,9.0,,,,-0.16899999999999998
10893,2020-07-05,Walker,Alabama,1127.0,952,24.0,25.0,,,,-0.182
10894,2020-07-06,Walker,Alabama,1127.0,991,24.0,39.0,,,,-0.15099999
10895,2020-07-07,Walker,Alabama,1127.0,998,25.0,7.0,,,,-0.155
10896,2020-07-08,Walker,Alabama,1127.0,1031,25.0,33.0,,,,-0.095899999
10897,2020-07-09,Walker,Alabama,1127.0,1066,27.0,35.0,,,,-0.056000002
10898,2020-07-10,Walker,Alabama,1127.0,1070,31.0,4.0,,,,-0.0032599999
10899,2020-07-11,Walker,Alabama,1127.0,1077,31.0,7.0,,,,-0.0023699999
10900,2020-07-12,Walker,Alabama,1127.0,1091,32.0,14.0,,,,0.00047500000999999996
10901,2020-07-13,Walker,Alabama,1127.0,1129,32.0,38.0,,,,0.043299999000000006
10902,2020-07-14,Walker,Alabama,1127.0,1143,35.0,14.0,,,,0.0151
10903,2020-07-15,Walker,Alabama,1127.0,1152,37.0,9.0,,,,-0.020500001
10904,2020-07-16,Walker,Alabama,1127.0,1178,43.0,26.0,,,,0.075999998
10905,2020-07-17,Walker,Alabama,1127.0,1220,49.0,42.0,,,,0.07299999900000001
10906,2020-07-18,Walker,Alabama,1127.0,1243,51.0,23.0,,,,0.098499998
10907,2020-07-19,Walker,Alabama,1127.0,1254,51.0,11.0,,,,0.051600002
10908,2020-07-20,Walker,Alabama,1127.0,1274,51.0,20.0,,,,-0.016799999
10909,2020-07-21,Walker,Alabama,1127.0,1276,51.0,2.0,,,,0.034299999
10910,2020-07-22,Walker,Alabama,1127.0,1290,54.0,14.0,,,,0.051399997999999995
10911,2020-07-23,Walker,Alabama,1127.0,1312,55.0,22.0,,,,-0.00026900001
10912,2020-07-24,Walker,Alabama,1127.0,1358,56.0,46.0,,,,-0.024900001
10913,2020-07-25,Walker,Alabama,1127.0,1377,56.0,19.0,,,,-0.039099998999999996
10914,2020-07-26,Walker,Alabama,1127.0,1385,58.0,8.0,,,,0.0077200001
10915,2020-07-27,Walker,Alabama,1127.0,1419,58.0,34.0,,,,0.053599997999999996
10916,2020-07-28,Walker,Alabama,1127.0,1429,58.0,10.0,,,,0.021199999
10917,2020-07-29,Walker,Alabama,1127.0,1432,62.0,3.0,,,,-0.057599999000000006
10918,2020-07-30,Walker,Alabama,1127.0,1445,63.0,13.0,,,,-0.10300000000000001
10919,2020-07-31,Walker,Alabama,1127.0,1466,64.0,21.0,,,,-0.0438
10920,2020-08-01,Walker,Alabama,1127.0,1475,66.0,9.0,,,,-0.016100001
10921,2020-08-02,Walker,Alabama,1127.0,1484,66.0,9.0,,,,-0.08789999800000001
10922,2020-08-03,Walker,Alabama,1127.0,1500,66.0,16.0,,,,-0.0634
10923,2020-08-04,Walker,Alabama,1127.0,1506,67.0,6.0,,,,0.021199999
10924,2020-08-05,Walker,Alabama,1127.0,1511,67.0,5.0,,,,-0.0184
10925,2020-08-06,Walker,Alabama,1127.0,1532,67.0,21.0,,,,0.0138
10926,2020-08-07,Walker,Alabama,1127.0,1536,67.0,4.0,,,,-0.057799999000000005
10927,2020-08-08,Walker,Alabama,1127.0,1555,67.0,19.0,,,,-0.121
10928,2020-08-09,Walker,Alabama,1127.0,1561,67.0,6.0,,,,-0.0165
10929,2020-08-10,Walker,Alabama,1127.0,1577,67.0,16.0,,,,-0.0042300001
10930,2020-08-11,Walker,Alabama,1127.0,1584,68.0,7.0,,,,-0.09399999699999999
10931,2020-08-12,Walker,Alabama,1127.0,1588,68.0,4.0,,,,-0.020400001
10932,2020-08-13,Walker,Alabama,1127.0,1603,68.0,15.0,,,,0.0425
10933,2020-08-14,Walker,Alabama,1127.0,1624,69.0,21.0,,,,0.161
10934,2020-08-15,Walker,Alabama,1127.0,1648,69.0,24.0,,,,0.19400001
10935,2020-08-16,Walker,Alabama,1127.0,1670,69.0,22.0,,,,0.126
10936,2020-08-17,Walker,Alabama,1127.0,1684,69.0,14.0,,,,0.132
10937,2020-08-18,Walker,Alabama,1127.0,1703,70.0,19.0,,,,0.13
10938,2020-08-19,Walker,Alabama,1127.0,1718,70.0,15.0,,,,0.107
10939,2020-08-20,Walker,Alabama,1127.0,1749,70.0,31.0,,,,0.068400003
10940,2020-08-21,Walker,Alabama,1127.0,1761,70.0,12.0,,,,0.009429999599999999
10941,2020-08-22,Walker,Alabama,1127.0,1771,70.0,10.0,,,,0.025699998999999998
10942,2020-08-23,Walker,Alabama,1127.0,1778,70.0,7.0,,,,0.12
10943,2020-08-24,Walker,Alabama,1127.0,1832,70.0,54.0,,,,0.127
10944,2020-08-25,Walker,Alabama,1127.0,1839,70.0,7.0,,,,0.152
10945,2020-08-26,Walker,Alabama,1127.0,1853,70.0,14.0,,,,0.25299999
10946,2020-08-27,Walker,Alabama,1127.0,1873,71.0,20.0,,,,0.32899999999999996
10947,2020-08-28,Walker,Alabama,1127.0,1886,73.0,13.0,,,,0.071099997
10948,2020-08-29,Walker,Alabama,1127.0,1900,75.0,14.0,,,,0.033799998
10949,2020-08-30,Walker,Alabama,1127.0,1907,75.0,7.0,,,,0.051600002
10950,2020-08-31,Walker,Alabama,1127.0,1914,76.0,7.0,,,,0.082400002
10951,2020-09-01,Walker,Alabama,1127.0,1937,76.0,23.0,,,,0.145
10952,2020-09-02,Walker,Alabama,1127.0,1945,77.0,8.0,,,,0.141
10953,2020-09-03,Walker,Alabama,1127.0,1977,77.0,32.0,,,,0.102
10954,2020-09-04,Walker,Alabama,1127.0,2000,77.0,23.0,,,,0.067400001
10955,2020-09-05,Walker,Alabama,1127.0,2008,77.0,8.0,,,,-0.00496
10956,2020-09-06,Walker,Alabama,1127.0,2029,77.0,21.0,,,,-0.0144
10957,2020-09-07,Walker,Alabama,1127.0,2061,77.0,32.0,,,,-0.11
10958,2020-09-08,Walker,Alabama,1127.0,2067,77.0,6.0,,,,-0.17600000000000002
10959,2020-09-09,Walker,Alabama,1127.0,2085,77.0,18.0,,,,0.0146
10960,2020-09-10,Walker,Alabama,1127.0,2099,78.0,14.0,,,,0.090400003
10961,2020-09-11,Walker,Alabama,1127.0,2113,79.0,14.0,,,,0.175
10962,2020-09-12,Walker,Alabama,1127.0,2124,80.0,11.0,,,,0.09099999800000001
10963,2020-09-13,Walker,Alabama,1127.0,2153,80.0,29.0,,,,0.053300001
10964,2020-09-14,Walker,Alabama,1127.0,2159,80.0,6.0,,,,-0.0276
10965,2020-09-15,Walker,Alabama,1127.0,2164,80.0,5.0,,,,-0.0513
10966,2020-09-16,Walker,Alabama,1127.0,2174,80.0,10.0,,,,-0.041299999
10967,2020-09-17,Walker,Alabama,1127.0,2177,80.0,3.0,,,,-0.0052999998
10968,2020-09-18,Walker,Alabama,1127.0,2191,80.0,14.0,,,,-0.044199999000000004
10969,2020-09-19,Walker,Alabama,1127.0,2207,80.0,16.0,,,,-0.061900000999999996
10970,2020-09-20,Walker,Alabama,1127.0,2226,80.0,19.0,,,,-0.0253
10971,2020-09-21,Walker,Alabama,1127.0,2243,80.0,17.0,,,,0.027100001000000002
10972,2020-09-22,Walker,Alabama,1127.0,2250,80.0,7.0,,,,0.07
10973,2020-09-23,Walker,Alabama,1127.0,2253,83.0,3.0,,,,0.068499997
10974,2020-09-24,Walker,Alabama,1127.0,2284,83.0,31.0,,,,0.0254
10975,2020-09-25,Walker,Alabama,1127.0,2306,83.0,22.0,,,,0.075900003
10976,2020-09-26,Walker,Alabama,1127.0,2316,84.0,10.0,,,,0.068300001
10977,2020-09-27,Walker,Alabama,1127.0,2319,84.0,3.0,,,,0.0288
10978,2020-09-28,Walker,Alabama,1127.0,2330,84.0,11.0,,,,0.095299996
10979,2020-09-29,Walker,Alabama,1127.0,2354,85.0,24.0,,,,0.070799999
10980,2020-09-30,Walker,Alabama,1127.0,2369,87.0,15.0,,,,0.033
10981,2020-10-01,Walker,Alabama,1127.0,2376,88.0,7.0,,,,0.047800000999999995
10982,2020-10-02,Walker,Alabama,1127.0,2403,88.0,27.0,,,,0.058600001
10983,2020-10-03,Walker,Alabama,1127.0,2415,88.0,12.0,,,,0.08749999900000001
10984,2020-10-04,Walker,Alabama,1127.0,2424,88.0,9.0,,,,0.138
10985,2020-10-05,Walker,Alabama,1127.0,2436,88.0,12.0,,,,0.082900003
10986,2020-10-06,Walker,Alabama,1127.0,2448,89.0,12.0,,,,0.081299998
10987,2020-10-07,Walker,Alabama,1127.0,2472,89.0,24.0,,,,0.075000003
10988,2020-10-08,Walker,Alabama,1127.0,2493,89.0,21.0,,,,0.145
10989,2020-10-09,Walker,Alabama,1127.0,2513,90.0,20.0,,,,0.15800001
10990,2020-10-10,Walker,Alabama,1127.0,2527,91.0,14.0,,,,0.08789999800000001
10991,2020-10-11,Walker,Alabama,1127.0,2533,91.0,6.0,,,,-0.00624
10992,2020-10-12,Walker,Alabama,1127.0,2539,91.0,6.0,,,,0.0264
10993,2020-10-13,Walker,Alabama,1127.0,2586,91.0,47.0,,,,0.018100001
10994,2020-10-14,Walker,Alabama,1127.0,2590,91.0,4.0,,,,0.0104
10995,2020-10-15,Walker,Alabama,1127.0,2602,91.0,12.0,,,,-0.019200001
10996,2020-10-16,Walker,Alabama,1127.0,2615,92.0,13.0,,,,-0.0196
10997,2020-10-17,Walker,Alabama,1127.0,2627,92.0,12.0,,,,0.033399999
10998,2020-10-18,Walker,Alabama,1127.0,2641,92.0,14.0,,,,0.09480000300000001
10999,2020-10-19,Walker,Alabama,1127.0,2680,92.0,39.0,,,,0.23800001
11000,2020-10-20,Walker,Alabama,1127.0,2688,92.0,8.0,,,,0.16500001
11001,2020-10-21,Walker,Alabama,1127.0,2699,93.0,11.0,,,,0.163
11002,2020-10-22,Walker,Alabama,1127.0,2722,93.0,23.0,,,,0.28200001
11003,2020-10-23,Walker,Alabama,1127.0,2755,93.0,33.0,,,,0.245
11004,2020-10-24,Walker,Alabama,1127.0,2772,92.0,17.0,,,,0.23999999
11005,2020-10-25,Walker,Alabama,1127.0,2794,92.0,22.0,,,,0.23899999
11006,2020-10-26,Walker,Alabama,1127.0,2823,92.0,29.0,,,,0.10099999999999999
11007,2020-10-27,Walker,Alabama,1127.0,2837,93.0,14.0,,,,0.077500001
11008,2020-10-28,Walker,Alabama,1127.0,2855,93.0,18.0,,,,0.059700000999999996
11009,2020-10-29,Walker,Alabama,1127.0,2874,93.0,19.0,,,,-0.0217
11010,2020-10-30,Walker,Alabama,1127.0,2902,93.0,28.0,,,,0.0060200002
11011,2020-10-31,Walker,Alabama,1127.0,2949,95.0,47.0,,,,-0.0165
11012,2020-11-01,Walker,Alabama,1127.0,2966,95.0,17.0,,,,-0.090099998
11013,2020-11-02,Walker,Alabama,1127.0,2985,95.0,19.0,,,,-0.047499999
11014,2020-11-03,Walker,Alabama,1127.0,2992,95.0,7.0,,,,-0.0482
11015,2020-11-04,Walker,Alabama,1127.0,3056,95.0,64.0,,,,-0.049800000999999997
11016,2020-11-05,Walker,Alabama,1127.0,3083,95.0,27.0,,,,-0.016100001
11017,2020-11-06,Walker,Alabama,1127.0,3109,96.0,26.0,,,,-0.0118
11018,2020-11-07,Walker,Alabama,1127.0,3129,96.0,20.0,,,,0.0177
11019,2020-11-08,Walker,Alabama,1127.0,3141,96.0,12.0,,,,0.105
11020,2020-11-09,Walker,Alabama,1127.0,3152,96.0,11.0,,,,0.0178
11021,2020-11-10,Walker,Alabama,1127.0,3155,96.0,3.0,,,,0.035599999
11022,2020-11-11,Walker,Alabama,1127.0,3176,96.0,21.0,,,,0.113
11023,2020-11-12,Walker,Alabama,1127.0,3203,96.0,27.0,,,,-0.00106
11024,2020-11-13,Walker,Alabama,1127.0,3252,96.0,49.0,,,,-0.044000000000000004
11025,2020-11-14,Walker,Alabama,1127.0,3278,96.0,26.0,,,,-0.044500001
11026,2020-11-15,Walker,Alabama,1127.0,3294,96.0,16.0,,,,-0.069799997
11027,2020-11-16,Walker,Alabama,1127.0,3307,96.0,13.0,,,,-0.061299998
11028,2020-11-17,Walker,Alabama,1127.0,3326,96.0,19.0,,,,-0.0152
11029,2020-11-18,Walker,Alabama,1127.0,3377,96.0,51.0,,,,0.066799998
11030,2020-11-19,Walker,Alabama,1127.0,3399,96.0,22.0,,,,-0.033500001
11031,2020-11-20,Walker,Alabama,1127.0,3424,96.0,25.0,,,,-0.022299998999999997
11032,2020-11-21,Walker,Alabama,1127.0,3458,96.0,34.0,,,,0.0108
11033,2020-11-22,Walker,Alabama,1127.0,3480,96.0,22.0,,,,0.059999999000000005
