,date,county,state,fips,cases,deaths,new_cases,emp_combined,emp_combined_inclow,revenue_all,spend_all
61514,2020-03-21,Baldwin,Georgia,13009.0,2,0.0,0.0,,,,-0.087800004
61515,2020-03-22,Baldwin,Georgia,13009.0,2,0.0,0.0,,,,-0.08209999700000001
61516,2020-03-23,Baldwin,Georgia,13009.0,2,0.0,0.0,,,,-0.122
61517,2020-03-24,Baldwin,Georgia,13009.0,2,0.0,0.0,,,,-0.122
61518,2020-03-25,Baldwin,Georgia,13009.0,2,0.0,0.0,,,,-0.23800001
61519,2020-03-26,Baldwin,Georgia,13009.0,2,0.0,0.0,,,,-0.245
61520,2020-03-27,Baldwin,Georgia,13009.0,2,0.0,0.0,,,,-0.235
61521,2020-03-28,Baldwin,Georgia,13009.0,2,0.0,0.0,,,,-0.259
61522,2020-03-29,Baldwin,Georgia,13009.0,2,0.0,0.0,,,,-0.28400001
61523,2020-03-30,Baldwin,Georgia,13009.0,3,1.0,1.0,,,,-0.289
61524,2020-03-31,Baldwin,Georgia,13009.0,5,1.0,2.0,,,,-0.33899999
61525,2020-04-01,Baldwin,Georgia,13009.0,7,1.0,2.0,,,,-0.28600001
61526,2020-04-02,Baldwin,Georgia,13009.0,7,1.0,0.0,,,,-0.31900001
61527,2020-04-03,Baldwin,Georgia,13009.0,11,1.0,4.0,,,,-0.34999999
61528,2020-04-04,Baldwin,Georgia,13009.0,11,1.0,0.0,,,,-0.38499999
61529,2020-04-05,Baldwin,Georgia,13009.0,15,1.0,4.0,,,,-0.366
61530,2020-04-06,Baldwin,Georgia,13009.0,20,1.0,5.0,,,,-0.39300001
61531,2020-04-07,Baldwin,Georgia,13009.0,27,1.0,7.0,,,,-0.36000001
61532,2020-04-08,Baldwin,Georgia,13009.0,30,1.0,3.0,,,,-0.37
61533,2020-04-09,Baldwin,Georgia,13009.0,32,1.0,2.0,,,,-0.38999999
61534,2020-04-10,Baldwin,Georgia,13009.0,35,1.0,3.0,,,,-0.34999999
61535,2020-04-11,Baldwin,Georgia,13009.0,47,1.0,12.0,,,,-0.32100001
61536,2020-04-12,Baldwin,Georgia,13009.0,53,2.0,6.0,,,,-0.36199999
61537,2020-04-13,Baldwin,Georgia,13009.0,54,2.0,1.0,,,,-0.32899999999999996
61538,2020-04-14,Baldwin,Georgia,13009.0,69,2.0,15.0,,,,-0.26499999
61539,2020-04-15,Baldwin,Georgia,13009.0,93,2.0,24.0,,,,-0.248
61540,2020-04-16,Baldwin,Georgia,13009.0,100,2.0,7.0,,,,-0.221
61541,2020-04-17,Baldwin,Georgia,13009.0,112,2.0,12.0,,,,-0.25799999
61542,2020-04-18,Baldwin,Georgia,13009.0,108,2.0,-4.0,,,,-0.191
61543,2020-04-19,Baldwin,Georgia,13009.0,112,3.0,4.0,,,,-0.20999999
61544,2020-04-20,Baldwin,Georgia,13009.0,130,4.0,18.0,,,,-0.235
61545,2020-04-21,Baldwin,Georgia,13009.0,135,4.0,5.0,,,,-0.271
61546,2020-04-22,Baldwin,Georgia,13009.0,155,4.0,20.0,,,,-0.308
61547,2020-04-23,Baldwin,Georgia,13009.0,161,4.0,6.0,,,,-0.28
61548,2020-04-24,Baldwin,Georgia,13009.0,169,5.0,8.0,,,,-0.26899999
61549,2020-04-25,Baldwin,Georgia,13009.0,180,6.0,11.0,,,,-0.30599999
61550,2020-04-26,Baldwin,Georgia,13009.0,181,6.0,1.0,,,,-0.25099999
61551,2020-04-27,Baldwin,Georgia,13009.0,193,6.0,12.0,,,,-0.245
61552,2020-04-28,Baldwin,Georgia,13009.0,205,6.0,12.0,,,,-0.27200001
61553,2020-04-29,Baldwin,Georgia,13009.0,210,8.0,5.0,,,,-0.2
61554,2020-04-30,Baldwin,Georgia,13009.0,215,8.0,5.0,,,,-0.15899999
61555,2020-05-01,Baldwin,Georgia,13009.0,226,8.0,11.0,,,,-0.048900001
61556,2020-05-02,Baldwin,Georgia,13009.0,229,8.0,3.0,,,,0.0243
61557,2020-05-03,Baldwin,Georgia,13009.0,233,8.0,4.0,,,,-0.0034
61558,2020-05-04,Baldwin,Georgia,13009.0,239,9.0,6.0,,,,0.040100001
61559,2020-05-05,Baldwin,Georgia,13009.0,260,10.0,21.0,,,,0.0372
61560,2020-05-06,Baldwin,Georgia,13009.0,263,10.0,3.0,,,,0.07530000099999999
61561,2020-05-07,Baldwin,Georgia,13009.0,270,10.0,7.0,,,,0.09629999800000001
61562,2020-05-08,Baldwin,Georgia,13009.0,271,12.0,1.0,,,,0.036400001
61563,2020-05-09,Baldwin,Georgia,13009.0,270,12.0,-1.0,,,,0.0244
61564,2020-05-10,Baldwin,Georgia,13009.0,271,12.0,1.0,,,,0.08209999700000001
61565,2020-05-11,Baldwin,Georgia,13009.0,275,13.0,4.0,,,,0.063600004
61566,2020-05-12,Baldwin,Georgia,13009.0,276,12.0,1.0,,,,0.07620000099999999
61567,2020-05-13,Baldwin,Georgia,13009.0,277,12.0,1.0,,,,-0.0012900000000000001
61568,2020-05-14,Baldwin,Georgia,13009.0,280,12.0,3.0,,,,-0.0436
61569,2020-05-15,Baldwin,Georgia,13009.0,282,12.0,2.0,,,,-0.059099998
61570,2020-05-16,Baldwin,Georgia,13009.0,284,12.0,2.0,,,,-0.065899998
61571,2020-05-17,Baldwin,Georgia,13009.0,287,14.0,3.0,,,,-0.107
61572,2020-05-18,Baldwin,Georgia,13009.0,290,14.0,3.0,,,,-0.08269999900000001
61573,2020-05-19,Baldwin,Georgia,13009.0,292,14.0,2.0,,,,-0.0328
61574,2020-05-20,Baldwin,Georgia,13009.0,296,14.0,4.0,,,,-0.133
61575,2020-05-21,Baldwin,Georgia,13009.0,299,16.0,3.0,,,,-0.15000001
61576,2020-05-22,Baldwin,Georgia,13009.0,329,19.0,30.0,,,,-0.16500001
61577,2020-05-23,Baldwin,Georgia,13009.0,329,24.0,0.0,,,,-0.20200001
61578,2020-05-24,Baldwin,Georgia,13009.0,331,24.0,2.0,,,,-0.171
61579,2020-05-25,Baldwin,Georgia,13009.0,330,25.0,-1.0,,,,-0.09440000400000001
61580,2020-05-26,Baldwin,Georgia,13009.0,335,25.0,5.0,,,,-0.18799999
61581,2020-05-27,Baldwin,Georgia,13009.0,337,26.0,2.0,,,,-0.168
61582,2020-05-28,Baldwin,Georgia,13009.0,342,26.0,5.0,,,,-0.215
61583,2020-05-29,Baldwin,Georgia,13009.0,348,26.0,6.0,,,,-0.16699999999999998
61584,2020-05-30,Baldwin,Georgia,13009.0,343,26.0,-5.0,,,,-0.16
61585,2020-05-31,Baldwin,Georgia,13009.0,345,26.0,2.0,,,,-0.15000001
61586,2020-06-01,Baldwin,Georgia,13009.0,349,26.0,4.0,,,,-0.16699999999999998
61587,2020-06-02,Baldwin,Georgia,13009.0,350,26.0,1.0,,,,-0.113
61588,2020-06-03,Baldwin,Georgia,13009.0,352,27.0,2.0,,,,-0.074000001
61589,2020-06-04,Baldwin,Georgia,13009.0,380,27.0,28.0,,,,0.026000001000000002
61590,2020-06-05,Baldwin,Georgia,13009.0,387,27.0,7.0,,,,-0.0051500001
61591,2020-06-06,Baldwin,Georgia,13009.0,387,27.0,0.0,,,,0.022500001000000002
61592,2020-06-07,Baldwin,Georgia,13009.0,388,27.0,1.0,,,,-0.0253
61593,2020-06-08,Baldwin,Georgia,13009.0,388,29.0,0.0,,,,-0.0178
61594,2020-06-09,Baldwin,Georgia,13009.0,393,29.0,5.0,,,,-0.084100001
61595,2020-06-10,Baldwin,Georgia,13009.0,407,30.0,14.0,,,,-0.013000000000000001
61596,2020-06-11,Baldwin,Georgia,13009.0,414,30.0,7.0,,,,0.020500001
61597,2020-06-12,Baldwin,Georgia,13009.0,421,30.0,7.0,,,,0.077500001
61598,2020-06-13,Baldwin,Georgia,13009.0,423,31.0,2.0,,,,-0.10300000000000001
61599,2020-06-14,Baldwin,Georgia,13009.0,426,31.0,3.0,,,,-0.11599999999999999
61600,2020-06-15,Baldwin,Georgia,13009.0,429,32.0,3.0,,,,-0.11800000000000001
61601,2020-06-16,Baldwin,Georgia,13009.0,430,32.0,1.0,,,,-0.08990000199999999
61602,2020-06-17,Baldwin,Georgia,13009.0,431,33.0,1.0,,,,-0.078900002
61603,2020-06-18,Baldwin,Georgia,13009.0,433,33.0,2.0,,,,-0.09799999699999999
61604,2020-06-19,Baldwin,Georgia,13009.0,435,33.0,2.0,,,,-0.096100003
61605,2020-06-20,Baldwin,Georgia,13009.0,441,33.0,6.0,,,,0.00379
61606,2020-06-21,Baldwin,Georgia,13009.0,444,33.0,3.0,,,,-0.0018899999999999998
61607,2020-06-22,Baldwin,Georgia,13009.0,450,33.0,6.0,,,,-0.0044999998
61608,2020-06-23,Baldwin,Georgia,13009.0,457,32.0,7.0,,,,-0.08070000299999999
61609,2020-06-24,Baldwin,Georgia,13009.0,463,32.0,6.0,,,,-0.115
61610,2020-06-25,Baldwin,Georgia,13009.0,465,33.0,2.0,,,,-0.17299999
61611,2020-06-26,Baldwin,Georgia,13009.0,470,33.0,5.0,,,,-0.15899999
61612,2020-06-27,Baldwin,Georgia,13009.0,476,33.0,6.0,,,,-0.204
61613,2020-06-28,Baldwin,Georgia,13009.0,479,33.0,3.0,,,,-0.089699998
61614,2020-06-29,Baldwin,Georgia,13009.0,483,33.0,4.0,,,,-0.050299998
61615,2020-06-30,Baldwin,Georgia,13009.0,499,34.0,16.0,,,,-0.0147
61616,2020-07-01,Baldwin,Georgia,13009.0,517,34.0,18.0,,,,0.0074499998999999996
61617,2020-07-02,Baldwin,Georgia,13009.0,543,34.0,26.0,,,,0.00954
61618,2020-07-03,Baldwin,Georgia,13009.0,554,34.0,11.0,,,,-0.08349999799999999
61619,2020-07-04,Baldwin,Georgia,13009.0,564,34.0,10.0,,,,0.083400004
61620,2020-07-05,Baldwin,Georgia,13009.0,566,34.0,2.0,,,,0.11199999999999999
61621,2020-07-06,Baldwin,Georgia,13009.0,570,34.0,4.0,,,,0.124
61622,2020-07-07,Baldwin,Georgia,13009.0,582,34.0,12.0,,,,0.087099999
61623,2020-07-08,Baldwin,Georgia,13009.0,612,34.0,30.0,,,,0.12
61624,2020-07-09,Baldwin,Georgia,13009.0,617,34.0,5.0,,,,0.09539999800000001
61625,2020-07-10,Baldwin,Georgia,13009.0,641,35.0,24.0,,,,0.021400001000000002
61626,2020-07-11,Baldwin,Georgia,13009.0,647,35.0,6.0,,,,-0.039299997999999996
61627,2020-07-12,Baldwin,Georgia,13009.0,645,35.0,-2.0,,,,-0.107
61628,2020-07-13,Baldwin,Georgia,13009.0,654,35.0,9.0,,,,-0.12899999
61629,2020-07-14,Baldwin,Georgia,13009.0,681,35.0,27.0,,,,-0.0287
61630,2020-07-15,Baldwin,Georgia,13009.0,701,35.0,20.0,,,,-0.08820000300000001
61631,2020-07-16,Baldwin,Georgia,13009.0,715,35.0,14.0,,,,-0.0572
61632,2020-07-17,Baldwin,Georgia,13009.0,721,35.0,6.0,,,,-0.077600002
61633,2020-07-18,Baldwin,Georgia,13009.0,730,35.0,9.0,,,,0.0438
61634,2020-07-19,Baldwin,Georgia,13009.0,738,35.0,8.0,,,,0.07620000099999999
61635,2020-07-20,Baldwin,Georgia,13009.0,745,35.0,7.0,,,,0.0427
61636,2020-07-21,Baldwin,Georgia,13009.0,755,35.0,10.0,,,,-0.057999998
61637,2020-07-22,Baldwin,Georgia,13009.0,770,37.0,15.0,,,,-0.0231
61638,2020-07-23,Baldwin,Georgia,13009.0,790,37.0,20.0,,,,-0.09629999800000001
61639,2020-07-24,Baldwin,Georgia,13009.0,806,37.0,16.0,,,,-0.0801
61640,2020-07-25,Baldwin,Georgia,13009.0,822,37.0,16.0,,,,-0.14
61641,2020-07-26,Baldwin,Georgia,13009.0,840,37.0,18.0,,,,-0.156
61642,2020-07-27,Baldwin,Georgia,13009.0,854,37.0,14.0,,,,-0.152
61643,2020-07-28,Baldwin,Georgia,13009.0,863,37.0,9.0,,,,-0.105
61644,2020-07-29,Baldwin,Georgia,13009.0,884,38.0,21.0,,,,-0.122
61645,2020-07-30,Baldwin,Georgia,13009.0,913,38.0,29.0,,,,-0.062799998
61646,2020-07-31,Baldwin,Georgia,13009.0,917,38.0,4.0,,,,-0.0306
61647,2020-08-01,Baldwin,Georgia,13009.0,943,38.0,26.0,,,,0.0018800000000000002
61648,2020-08-02,Baldwin,Georgia,13009.0,965,38.0,22.0,,,,-0.0026700001
61649,2020-08-03,Baldwin,Georgia,13009.0,972,38.0,7.0,,,,-0.0095199998
61650,2020-08-04,Baldwin,Georgia,13009.0,978,38.0,6.0,,,,0.009429999599999999
61651,2020-08-05,Baldwin,Georgia,13009.0,988,38.0,10.0,,,,0.051100001
61652,2020-08-06,Baldwin,Georgia,13009.0,1010,38.0,22.0,,,,0.050099999000000006
61653,2020-08-07,Baldwin,Georgia,13009.0,1023,38.0,13.0,,,,-0.06710000299999999
61654,2020-08-08,Baldwin,Georgia,13009.0,1035,39.0,12.0,,,,-0.12899999
61655,2020-08-09,Baldwin,Georgia,13009.0,1048,39.0,13.0,,,,-0.16599999
61656,2020-08-10,Baldwin,Georgia,13009.0,1051,39.0,3.0,,,,-0.146
61657,2020-08-11,Baldwin,Georgia,13009.0,1070,41.0,19.0,,,,-0.0429
61658,2020-08-12,Baldwin,Georgia,13009.0,1095,42.0,25.0,,,,-0.079499997
61659,2020-08-13,Baldwin,Georgia,13009.0,1115,42.0,20.0,,,,-0.115
61660,2020-08-14,Baldwin,Georgia,13009.0,1130,43.0,15.0,,,,-0.0779
61661,2020-08-15,Baldwin,Georgia,13009.0,1148,44.0,18.0,,,,-0.0493
61662,2020-08-16,Baldwin,Georgia,13009.0,1168,44.0,20.0,,,,-0.023800001
61663,2020-08-17,Baldwin,Georgia,13009.0,1182,44.0,14.0,,,,-0.0288
61664,2020-08-18,Baldwin,Georgia,13009.0,1201,45.0,19.0,,,,-0.192
61665,2020-08-19,Baldwin,Georgia,13009.0,1219,46.0,18.0,,,,-0.133
61666,2020-08-20,Baldwin,Georgia,13009.0,1241,46.0,22.0,,,,-0.10300000000000001
61667,2020-08-21,Baldwin,Georgia,13009.0,1252,46.0,11.0,,,,-0.0726
61668,2020-08-22,Baldwin,Georgia,13009.0,1290,46.0,38.0,,,,-0.039099998999999996
61669,2020-08-23,Baldwin,Georgia,13009.0,1335,46.0,45.0,,,,-0.059000000000000004
61670,2020-08-24,Baldwin,Georgia,13009.0,1415,46.0,80.0,,,,-0.0008679999699999999
61671,2020-08-25,Baldwin,Georgia,13009.0,1467,47.0,52.0,,,,-0.013000000000000001
61672,2020-08-26,Baldwin,Georgia,13009.0,1510,48.0,43.0,,,,-0.081
61673,2020-08-27,Baldwin,Georgia,13009.0,1563,48.0,53.0,,,,-0.046
61674,2020-08-28,Baldwin,Georgia,13009.0,1599,48.0,36.0,,,,-0.034000002
61675,2020-08-29,Baldwin,Georgia,13009.0,1644,50.0,45.0,,,,-0.057999998
61676,2020-08-30,Baldwin,Georgia,13009.0,1652,50.0,8.0,,,,-0.0102
61677,2020-08-31,Baldwin,Georgia,13009.0,1679,50.0,27.0,,,,-0.109
61678,2020-09-01,Baldwin,Georgia,13009.0,1705,52.0,26.0,,,,-0.114
61679,2020-09-02,Baldwin,Georgia,13009.0,1715,52.0,10.0,,,,-0.08659999800000001
61680,2020-09-03,Baldwin,Georgia,13009.0,1743,52.0,28.0,,,,-0.081100002
61681,2020-09-04,Baldwin,Georgia,13009.0,1765,52.0,22.0,,,,-0.14800000000000002
61682,2020-09-05,Baldwin,Georgia,13009.0,1790,53.0,25.0,,,,-0.146
61683,2020-09-06,Baldwin,Georgia,13009.0,1797,53.0,7.0,,,,-0.19699999999999998
61684,2020-09-07,Baldwin,Georgia,13009.0,1809,53.0,12.0,,,,-0.105
61685,2020-09-08,Baldwin,Georgia,13009.0,1829,53.0,20.0,,,,-0.093000002
61686,2020-09-09,Baldwin,Georgia,13009.0,1858,55.0,29.0,,,,-0.072400004
61687,2020-09-10,Baldwin,Georgia,13009.0,1868,55.0,10.0,,,,-0.10800000000000001
61688,2020-09-11,Baldwin,Georgia,13009.0,1877,55.0,9.0,,,,-0.0601
61689,2020-09-12,Baldwin,Georgia,13009.0,1905,55.0,28.0,,,,-0.0603
61690,2020-09-13,Baldwin,Georgia,13009.0,1912,55.0,7.0,,,,-0.0605
61691,2020-09-14,Baldwin,Georgia,13009.0,1923,55.0,11.0,,,,-0.0094600003
61692,2020-09-15,Baldwin,Georgia,13009.0,1950,55.0,27.0,,,,-0.139
61693,2020-09-16,Baldwin,Georgia,13009.0,1960,55.0,10.0,,,,-0.145
61694,2020-09-17,Baldwin,Georgia,13009.0,1968,55.0,8.0,,,,-0.14800000000000002
61695,2020-09-18,Baldwin,Georgia,13009.0,2020,55.0,52.0,,,,-0.138
61696,2020-09-19,Baldwin,Georgia,13009.0,2048,55.0,28.0,,,,-0.16
61697,2020-09-20,Baldwin,Georgia,13009.0,2056,55.0,8.0,,,,-0.131
61698,2020-09-21,Baldwin,Georgia,13009.0,2058,55.0,2.0,,,,-0.19400001
61699,2020-09-22,Baldwin,Georgia,13009.0,2061,56.0,3.0,,,,-0.18700001
61700,2020-09-23,Baldwin,Georgia,13009.0,2078,56.0,17.0,,,,-0.213
61701,2020-09-24,Baldwin,Georgia,13009.0,2085,56.0,7.0,,,,-0.204
61702,2020-09-25,Baldwin,Georgia,13009.0,2087,56.0,2.0,,,,-0.228
61703,2020-09-26,Baldwin,Georgia,13009.0,2104,56.0,17.0,,,,-0.22400001
61704,2020-09-27,Baldwin,Georgia,13009.0,2109,56.0,5.0,,,,-0.215
61705,2020-09-28,Baldwin,Georgia,13009.0,2113,56.0,4.0,,,,-0.23999999
61706,2020-09-29,Baldwin,Georgia,13009.0,2134,57.0,21.0,,,,-0.205
61707,2020-09-30,Baldwin,Georgia,13009.0,2134,57.0,0.0,,,,-0.15899999
61708,2020-10-01,Baldwin,Georgia,13009.0,2127,57.0,-7.0,,,,-0.132
61709,2020-10-02,Baldwin,Georgia,13009.0,2132,57.0,5.0,,,,-0.11900000000000001
61710,2020-10-03,Baldwin,Georgia,13009.0,2142,58.0,10.0,,,,-0.193
61711,2020-10-04,Baldwin,Georgia,13009.0,2145,58.0,3.0,,,,-0.19499999
61712,2020-10-05,Baldwin,Georgia,13009.0,2229,58.0,84.0,,,,-0.14
61713,2020-10-06,Baldwin,Georgia,13009.0,2231,58.0,2.0,,,,-0.109
61714,2020-10-07,Baldwin,Georgia,13009.0,2245,59.0,14.0,,,,-0.0748
61715,2020-10-08,Baldwin,Georgia,13009.0,2257,61.0,12.0,,,,-0.12899999
61716,2020-10-09,Baldwin,Georgia,13009.0,2269,61.0,12.0,,,,-0.0713
61717,2020-10-10,Baldwin,Georgia,13009.0,2273,61.0,4.0,,,,-0.0098999999
61718,2020-10-11,Baldwin,Georgia,13009.0,2276,61.0,3.0,,,,-0.055399999000000005
61719,2020-10-12,Baldwin,Georgia,13009.0,2282,62.0,6.0,,,,-0.07620000099999999
61720,2020-10-13,Baldwin,Georgia,13009.0,2282,62.0,0.0,,,,-0.09189999800000001
61721,2020-10-14,Baldwin,Georgia,13009.0,2299,62.0,17.0,,,,-0.079999998
61722,2020-10-15,Baldwin,Georgia,13009.0,2305,62.0,6.0,,,,-0.0418
61723,2020-10-16,Baldwin,Georgia,13009.0,2311,62.0,6.0,,,,-0.145
61724,2020-10-17,Baldwin,Georgia,13009.0,2321,63.0,10.0,,,,-0.107
61725,2020-10-18,Baldwin,Georgia,13009.0,2325,63.0,4.0,,,,-0.0561
61726,2020-10-19,Baldwin,Georgia,13009.0,2331,63.0,6.0,,,,0.0079600001
61727,2020-10-20,Baldwin,Georgia,13009.0,2338,63.0,7.0,,,,0.034000002
61728,2020-10-21,Baldwin,Georgia,13009.0,2341,63.0,3.0,,,,0.037599999
61729,2020-10-22,Baldwin,Georgia,13009.0,2348,63.0,7.0,,,,0.0471
61730,2020-10-23,Baldwin,Georgia,13009.0,2366,63.0,18.0,,,,0.14300001
61731,2020-10-24,Baldwin,Georgia,13009.0,2378,64.0,12.0,,,,0.17399999
61732,2020-10-25,Baldwin,Georgia,13009.0,2381,64.0,3.0,,,,0.191
61733,2020-10-26,Baldwin,Georgia,13009.0,2390,64.0,9.0,,,,0.15899999
61734,2020-10-27,Baldwin,Georgia,13009.0,2390,64.0,0.0,,,,0.131
61735,2020-10-28,Baldwin,Georgia,13009.0,2399,64.0,9.0,,,,0.11599999999999999
61736,2020-10-29,Baldwin,Georgia,13009.0,2400,64.0,1.0,,,,0.10400000000000001
61737,2020-10-30,Baldwin,Georgia,13009.0,2406,65.0,6.0,,,,0.061700001
61738,2020-10-31,Baldwin,Georgia,13009.0,2415,65.0,9.0,,,,-0.0447
61739,2020-11-01,Baldwin,Georgia,13009.0,2421,65.0,6.0,,,,-0.07970000099999999
61740,2020-11-02,Baldwin,Georgia,13009.0,2425,65.0,4.0,,,,-0.066799998
61741,2020-11-03,Baldwin,Georgia,13009.0,2429,65.0,4.0,,,,-0.034000002
61742,2020-11-04,Baldwin,Georgia,13009.0,2435,66.0,6.0,,,,-0.051600002
61743,2020-11-05,Baldwin,Georgia,13009.0,2443,67.0,8.0,,,,-0.088100001
61744,2020-11-06,Baldwin,Georgia,13009.0,2450,67.0,7.0,,,,-0.06899999799999999
61745,2020-11-07,Baldwin,Georgia,13009.0,2460,67.0,10.0,,,,-0.057599999000000006
61746,2020-11-08,Baldwin,Georgia,13009.0,2463,67.0,3.0,,,,-0.048500000999999994
61747,2020-11-09,Baldwin,Georgia,13009.0,2476,68.0,13.0,,,,-0.00263
61748,2020-11-10,Baldwin,Georgia,13009.0,2487,68.0,11.0,,,,0.0038900001000000003
61749,2020-11-11,Baldwin,Georgia,13009.0,2495,68.0,8.0,,,,0.127
61750,2020-11-12,Baldwin,Georgia,13009.0,2498,69.0,3.0,,,,0.021500001
61751,2020-11-13,Baldwin,Georgia,13009.0,2515,69.0,17.0,,,,0.08060000099999999
61752,2020-11-14,Baldwin,Georgia,13009.0,2523,69.0,8.0,,,,0.13699999
61753,2020-11-15,Baldwin,Georgia,13009.0,2525,69.0,2.0,,,,0.161
61754,2020-11-16,Baldwin,Georgia,13009.0,2530,69.0,5.0,,,,0.102
61755,2020-11-17,Baldwin,Georgia,13009.0,2556,69.0,26.0,,,,0.127
61756,2020-11-18,Baldwin,Georgia,13009.0,2570,69.0,14.0,,,,0.093400002
61757,2020-11-19,Baldwin,Georgia,13009.0,2575,69.0,5.0,,,,0.082400002
61758,2020-11-20,Baldwin,Georgia,13009.0,2587,69.0,12.0,,,,0.047899999000000006
61759,2020-11-21,Baldwin,Georgia,13009.0,2592,69.0,5.0,,,,-0.0185
61760,2020-11-22,Baldwin,Georgia,13009.0,2595,69.0,3.0,,,,-0.071099997
