,date,county,state,fips,cases,deaths,new_cases,emp_combined,emp_combined_inclow,revenue_all,spend_all
61761,2020-03-22,Barrow,Georgia,13013.0,1,1.0,0.0,,,,-0.138
61762,2020-03-23,Barrow,Georgia,13013.0,1,1.0,0.0,,,,-0.141
61763,2020-03-24,Barrow,Georgia,13013.0,2,1.0,1.0,,,,-0.1
61764,2020-03-25,Barrow,Georgia,13013.0,2,1.0,0.0,,,,-0.12300000000000001
61765,2020-03-26,Barrow,Georgia,13013.0,5,1.0,3.0,,,,-0.149
61766,2020-03-27,Barrow,Georgia,13013.0,7,1.0,2.0,,,,-0.122
61767,2020-03-28,Barrow,Georgia,13013.0,7,1.0,0.0,,,,-0.162
61768,2020-03-29,Barrow,Georgia,13013.0,6,1.0,-1.0,,,,-0.212
61769,2020-03-30,Barrow,Georgia,13013.0,9,2.0,3.0,,,,-0.24600001
61770,2020-03-31,Barrow,Georgia,13013.0,19,2.0,10.0,,,,-0.257
61771,2020-04-01,Barrow,Georgia,13013.0,20,2.0,1.0,,,,-0.22400001
61772,2020-04-02,Barrow,Georgia,13013.0,20,2.0,0.0,,,,-0.2
61773,2020-04-03,Barrow,Georgia,13013.0,22,2.0,2.0,,,,-0.248
61774,2020-04-04,Barrow,Georgia,13013.0,25,2.0,3.0,,,,-0.289
61775,2020-04-05,Barrow,Georgia,13013.0,25,2.0,0.0,,,,-0.23399999999999999
61776,2020-04-06,Barrow,Georgia,13013.0,29,3.0,4.0,,,,-0.228
61777,2020-04-07,Barrow,Georgia,13013.0,42,3.0,13.0,,,,-0.28299999
61778,2020-04-08,Barrow,Georgia,13013.0,46,3.0,4.0,,,,-0.28400001
61779,2020-04-09,Barrow,Georgia,13013.0,48,3.0,2.0,,,,-0.26899999
61780,2020-04-10,Barrow,Georgia,13013.0,51,3.0,3.0,,,,-0.25400001
61781,2020-04-11,Barrow,Georgia,13013.0,51,3.0,0.0,,,,-0.24699999
61782,2020-04-12,Barrow,Georgia,13013.0,55,3.0,4.0,,,,-0.31600001
61783,2020-04-13,Barrow,Georgia,13013.0,57,3.0,2.0,,,,-0.32699999
61784,2020-04-14,Barrow,Georgia,13013.0,65,3.0,8.0,,,,-0.27900001
61785,2020-04-15,Barrow,Georgia,13013.0,68,3.0,3.0,,,,-0.226
61786,2020-04-16,Barrow,Georgia,13013.0,81,3.0,13.0,,,,-0.226
61787,2020-04-17,Barrow,Georgia,13013.0,85,3.0,4.0,,,,-0.222
61788,2020-04-18,Barrow,Georgia,13013.0,87,3.0,2.0,,,,-0.2
61789,2020-04-19,Barrow,Georgia,13013.0,90,3.0,3.0,,,,-0.185
61790,2020-04-20,Barrow,Georgia,13013.0,93,3.0,3.0,,,,-0.20999999
61791,2020-04-21,Barrow,Georgia,13013.0,101,3.0,8.0,,,,-0.213
61792,2020-04-22,Barrow,Georgia,13013.0,103,3.0,2.0,,,,-0.17399999
61793,2020-04-23,Barrow,Georgia,13013.0,106,3.0,3.0,,,,-0.20200001
61794,2020-04-24,Barrow,Georgia,13013.0,111,3.0,5.0,,,,-0.257
61795,2020-04-25,Barrow,Georgia,13013.0,111,3.0,0.0,,,,-0.26199999
61796,2020-04-26,Barrow,Georgia,13013.0,108,3.0,-3.0,,,,-0.215
61797,2020-04-27,Barrow,Georgia,13013.0,113,4.0,5.0,,,,-0.16399999999999998
61798,2020-04-28,Barrow,Georgia,13013.0,125,4.0,12.0,,,,-0.21100000000000002
61799,2020-04-29,Barrow,Georgia,13013.0,131,4.0,6.0,,,,-0.242
61800,2020-04-30,Barrow,Georgia,13013.0,133,4.0,2.0,,,,-0.16699999999999998
61801,2020-05-01,Barrow,Georgia,13013.0,141,4.0,8.0,,,,-0.161
61802,2020-05-02,Barrow,Georgia,13013.0,155,4.0,14.0,,,,-0.171
61803,2020-05-03,Barrow,Georgia,13013.0,159,4.0,4.0,,,,-0.18000001
61804,2020-05-04,Barrow,Georgia,13013.0,167,4.0,8.0,,,,-0.204
61805,2020-05-05,Barrow,Georgia,13013.0,177,5.0,10.0,,,,-0.21799999
61806,2020-05-06,Barrow,Georgia,13013.0,197,5.0,20.0,,,,-0.20600000000000002
61807,2020-05-07,Barrow,Georgia,13013.0,191,5.0,-6.0,,,,-0.223
61808,2020-05-08,Barrow,Georgia,13013.0,192,5.0,1.0,,,,-0.22400001
61809,2020-05-09,Barrow,Georgia,13013.0,194,5.0,2.0,,,,-0.15700001
61810,2020-05-10,Barrow,Georgia,13013.0,193,5.0,-1.0,,,,-0.17399999
61811,2020-05-11,Barrow,Georgia,13013.0,195,6.0,2.0,,,,-0.15899999
61812,2020-05-12,Barrow,Georgia,13013.0,232,7.0,37.0,,,,-0.14
61813,2020-05-13,Barrow,Georgia,13013.0,254,7.0,22.0,,,,-0.15899999
61814,2020-05-14,Barrow,Georgia,13013.0,255,7.0,1.0,,,,-0.13500001
61815,2020-05-15,Barrow,Georgia,13013.0,258,8.0,3.0,,,,-0.124
61816,2020-05-16,Barrow,Georgia,13013.0,258,8.0,0.0,,,,-0.13500001
61817,2020-05-17,Barrow,Georgia,13013.0,257,8.0,-1.0,,,,-0.13
61818,2020-05-18,Barrow,Georgia,13013.0,263,8.0,6.0,,,,-0.122
61819,2020-05-19,Barrow,Georgia,13013.0,267,8.0,4.0,,,,-0.14399999
61820,2020-05-20,Barrow,Georgia,13013.0,272,8.0,5.0,,,,-0.12899999
61821,2020-05-21,Barrow,Georgia,13013.0,276,9.0,4.0,,,,-0.073200002
61822,2020-05-22,Barrow,Georgia,13013.0,281,11.0,5.0,,,,-0.0447
61823,2020-05-23,Barrow,Georgia,13013.0,283,11.0,2.0,,,,-0.11199999999999999
61824,2020-05-24,Barrow,Georgia,13013.0,283,11.0,0.0,,,,-0.106
61825,2020-05-25,Barrow,Georgia,13013.0,292,11.0,9.0,,,,-0.11800000000000001
61826,2020-05-26,Barrow,Georgia,13013.0,307,11.0,15.0,,,,-0.12800001
61827,2020-05-27,Barrow,Georgia,13013.0,316,13.0,9.0,,,,-0.122
61828,2020-05-28,Barrow,Georgia,13013.0,321,13.0,5.0,,,,-0.132
61829,2020-05-29,Barrow,Georgia,13013.0,325,13.0,4.0,,,,-0.138
61830,2020-05-30,Barrow,Georgia,13013.0,326,14.0,1.0,,,,-0.145
61831,2020-05-31,Barrow,Georgia,13013.0,326,14.0,0.0,,,,-0.15099999
61832,2020-06-01,Barrow,Georgia,13013.0,333,17.0,7.0,,,,-0.156
61833,2020-06-02,Barrow,Georgia,13013.0,328,18.0,-5.0,,,,-0.11800000000000001
61834,2020-06-03,Barrow,Georgia,13013.0,333,18.0,5.0,,,,-0.07620000099999999
61835,2020-06-04,Barrow,Georgia,13013.0,333,19.0,0.0,,,,-0.10800000000000001
61836,2020-06-05,Barrow,Georgia,13013.0,341,20.0,8.0,,,,-0.064300001
61837,2020-06-06,Barrow,Georgia,13013.0,341,20.0,0.0,,,,-0.0414
61838,2020-06-07,Barrow,Georgia,13013.0,342,20.0,1.0,,,,-0.035799999
61839,2020-06-08,Barrow,Georgia,13013.0,353,20.0,11.0,,,,-0.019300001
61840,2020-06-09,Barrow,Georgia,13013.0,356,20.0,3.0,,,,-0.0568
61841,2020-06-10,Barrow,Georgia,13013.0,366,20.0,10.0,,,,-0.037900001
61842,2020-06-11,Barrow,Georgia,13013.0,377,21.0,11.0,,,,0.020199999
61843,2020-06-12,Barrow,Georgia,13013.0,378,23.0,1.0,,,,-0.0221
61844,2020-06-13,Barrow,Georgia,13013.0,382,23.0,4.0,,,,-0.043499999000000004
61845,2020-06-14,Barrow,Georgia,13013.0,382,23.0,0.0,,,,-0.050999999000000004
61846,2020-06-15,Barrow,Georgia,13013.0,388,23.0,6.0,,,,-0.083700001
61847,2020-06-16,Barrow,Georgia,13013.0,395,23.0,7.0,,,,-0.1
61848,2020-06-17,Barrow,Georgia,13013.0,401,25.0,6.0,,,,-0.13
61849,2020-06-18,Barrow,Georgia,13013.0,409,25.0,8.0,,,,-0.15000001
61850,2020-06-19,Barrow,Georgia,13013.0,414,25.0,5.0,,,,-0.13
61851,2020-06-20,Barrow,Georgia,13013.0,415,25.0,1.0,,,,-0.142
61852,2020-06-21,Barrow,Georgia,13013.0,416,25.0,1.0,,,,-0.132
61853,2020-06-22,Barrow,Georgia,13013.0,423,25.0,7.0,,,,-0.114
61854,2020-06-23,Barrow,Georgia,13013.0,432,25.0,9.0,,,,-0.141
61855,2020-06-24,Barrow,Georgia,13013.0,446,25.0,14.0,,,,-0.16
61856,2020-06-25,Barrow,Georgia,13013.0,452,25.0,6.0,,,,-0.15000001
61857,2020-06-26,Barrow,Georgia,13013.0,459,25.0,7.0,,,,-0.177
61858,2020-06-27,Barrow,Georgia,13013.0,466,25.0,7.0,,,,-0.17200001
61859,2020-06-28,Barrow,Georgia,13013.0,466,25.0,0.0,,,,-0.13600001
61860,2020-06-29,Barrow,Georgia,13013.0,485,25.0,19.0,,,,-0.139
61861,2020-06-30,Barrow,Georgia,13013.0,523,25.0,38.0,,,,-0.12
61862,2020-07-01,Barrow,Georgia,13013.0,532,25.0,9.0,,,,-0.11199999999999999
61863,2020-07-02,Barrow,Georgia,13013.0,523,25.0,-9.0,,,,-0.122
61864,2020-07-03,Barrow,Georgia,13013.0,531,25.0,8.0,,,,-0.10800000000000001
61865,2020-07-04,Barrow,Georgia,13013.0,535,25.0,4.0,,,,-0.12
61866,2020-07-05,Barrow,Georgia,13013.0,535,25.0,0.0,,,,-0.12300000000000001
61867,2020-07-06,Barrow,Georgia,13013.0,543,25.0,8.0,,,,-0.102
61868,2020-07-07,Barrow,Georgia,13013.0,562,25.0,19.0,,,,-0.107
61869,2020-07-08,Barrow,Georgia,13013.0,574,25.0,12.0,,,,-0.134
61870,2020-07-09,Barrow,Georgia,13013.0,589,25.0,15.0,,,,-0.146
61871,2020-07-10,Barrow,Georgia,13013.0,606,26.0,17.0,,,,-0.11599999999999999
61872,2020-07-11,Barrow,Georgia,13013.0,625,27.0,19.0,,,,-0.114
61873,2020-07-12,Barrow,Georgia,13013.0,634,26.0,9.0,,,,-0.16699999999999998
61874,2020-07-13,Barrow,Georgia,13013.0,645,27.0,11.0,,,,-0.142
61875,2020-07-14,Barrow,Georgia,13013.0,660,27.0,15.0,,,,-0.114
61876,2020-07-15,Barrow,Georgia,13013.0,681,28.0,21.0,,,,-0.1
61877,2020-07-16,Barrow,Georgia,13013.0,705,29.0,24.0,,,,-0.070699997
61878,2020-07-17,Barrow,Georgia,13013.0,725,29.0,20.0,,,,-0.09799999699999999
61879,2020-07-18,Barrow,Georgia,13013.0,745,30.0,20.0,,,,-0.11699999999999999
61880,2020-07-19,Barrow,Georgia,13013.0,760,29.0,15.0,,,,-0.073600002
61881,2020-07-20,Barrow,Georgia,13013.0,771,29.0,11.0,,,,-0.095299996
61882,2020-07-21,Barrow,Georgia,13013.0,798,30.0,27.0,,,,-0.126
61883,2020-07-22,Barrow,Georgia,13013.0,817,31.0,19.0,,,,-0.086300001
61884,2020-07-23,Barrow,Georgia,13013.0,852,31.0,35.0,,,,-0.077699997
61885,2020-07-24,Barrow,Georgia,13013.0,877,32.0,25.0,,,,-0.040100001
61886,2020-07-25,Barrow,Georgia,13013.0,910,32.0,33.0,,,,-0.07020000400000001
61887,2020-07-26,Barrow,Georgia,13013.0,918,32.0,8.0,,,,-0.088100001
61888,2020-07-27,Barrow,Georgia,13013.0,940,32.0,22.0,,,,-0.037099997999999995
61889,2020-07-28,Barrow,Georgia,13013.0,979,32.0,39.0,,,,-0.0471
61890,2020-07-29,Barrow,Georgia,13013.0,1004,32.0,25.0,,,,-0.0876
61891,2020-07-30,Barrow,Georgia,13013.0,1030,32.0,26.0,,,,-0.122
61892,2020-07-31,Barrow,Georgia,13013.0,1061,32.0,31.0,,,,-0.12899999
61893,2020-08-01,Barrow,Georgia,13013.0,1096,32.0,35.0,,,,-0.10099999999999999
61894,2020-08-02,Barrow,Georgia,13013.0,1112,32.0,16.0,,,,-0.114
61895,2020-08-03,Barrow,Georgia,13013.0,1127,32.0,15.0,,,,-0.141
61896,2020-08-04,Barrow,Georgia,13013.0,1152,32.0,25.0,,,,-0.079400003
61897,2020-08-05,Barrow,Georgia,13013.0,1180,32.0,28.0,,,,-0.0592
61898,2020-08-06,Barrow,Georgia,13013.0,1214,32.0,34.0,,,,-0.074900001
61899,2020-08-07,Barrow,Georgia,13013.0,1250,32.0,36.0,,,,-0.079599999
61900,2020-08-08,Barrow,Georgia,13013.0,1278,32.0,28.0,,,,-0.0854
61901,2020-08-09,Barrow,Georgia,13013.0,1289,32.0,11.0,,,,-0.076099999
61902,2020-08-10,Barrow,Georgia,13013.0,1296,32.0,7.0,,,,-0.094300002
61903,2020-08-11,Barrow,Georgia,13013.0,1323,32.0,27.0,,,,-0.15800001
61904,2020-08-12,Barrow,Georgia,13013.0,1355,34.0,32.0,,,,-0.18799999
61905,2020-08-13,Barrow,Georgia,13013.0,1367,33.0,12.0,,,,-0.13
61906,2020-08-14,Barrow,Georgia,13013.0,1391,33.0,24.0,,,,-0.12
61907,2020-08-15,Barrow,Georgia,13013.0,1412,33.0,21.0,,,,-0.12
61908,2020-08-16,Barrow,Georgia,13013.0,1433,33.0,21.0,,,,-0.131
61909,2020-08-17,Barrow,Georgia,13013.0,1438,34.0,5.0,,,,-0.12899999
61910,2020-08-18,Barrow,Georgia,13013.0,1466,34.0,28.0,,,,-0.086199999
61911,2020-08-19,Barrow,Georgia,13013.0,1489,34.0,23.0,,,,-0.035300002000000004
61912,2020-08-20,Barrow,Georgia,13013.0,1524,36.0,35.0,,,,-0.075199999
61913,2020-08-21,Barrow,Georgia,13013.0,1553,36.0,29.0,,,,-0.096199997
61914,2020-08-22,Barrow,Georgia,13013.0,1578,36.0,25.0,,,,-0.067000002
61915,2020-08-23,Barrow,Georgia,13013.0,1585,36.0,7.0,,,,-0.058899999
61916,2020-08-24,Barrow,Georgia,13013.0,1587,36.0,2.0,,,,-0.0517
61917,2020-08-25,Barrow,Georgia,13013.0,1629,36.0,42.0,,,,-0.052099999
61918,2020-08-26,Barrow,Georgia,13013.0,1655,38.0,26.0,,,,-0.079599999
61919,2020-08-27,Barrow,Georgia,13013.0,1671,37.0,16.0,,,,-0.08919999699999999
61920,2020-08-28,Barrow,Georgia,13013.0,1694,37.0,23.0,,,,-0.059000000000000004
61921,2020-08-29,Barrow,Georgia,13013.0,1717,37.0,23.0,,,,-0.07150000299999999
61922,2020-08-30,Barrow,Georgia,13013.0,1725,37.0,8.0,,,,-0.0605
61923,2020-08-31,Barrow,Georgia,13013.0,1734,37.0,9.0,,,,0.012
61924,2020-09-01,Barrow,Georgia,13013.0,1772,38.0,38.0,,,,-0.016000001
61925,2020-09-02,Barrow,Georgia,13013.0,1809,39.0,37.0,,,,-0.0219
61926,2020-09-03,Barrow,Georgia,13013.0,1833,39.0,24.0,,,,-0.024700001
61927,2020-09-04,Barrow,Georgia,13013.0,1857,41.0,24.0,,,,-0.0473
61928,2020-09-05,Barrow,Georgia,13013.0,1880,41.0,23.0,,,,-0.021400001000000002
61929,2020-09-06,Barrow,Georgia,13013.0,1886,41.0,6.0,,,,-0.0048699998
61930,2020-09-07,Barrow,Georgia,13013.0,1890,41.0,4.0,,,,-0.0254
61931,2020-09-08,Barrow,Georgia,13013.0,1902,41.0,12.0,,,,-0.062799998
61932,2020-09-09,Barrow,Georgia,13013.0,1927,43.0,25.0,,,,0.0019199999999999998
61933,2020-09-10,Barrow,Georgia,13013.0,1948,43.0,21.0,,,,-0.021600001
61934,2020-09-11,Barrow,Georgia,13013.0,1959,43.0,11.0,,,,-0.052900000999999995
61935,2020-09-12,Barrow,Georgia,13013.0,1965,43.0,6.0,,,,-0.10099999999999999
61936,2020-09-13,Barrow,Georgia,13013.0,1971,43.0,6.0,,,,-0.149
61937,2020-09-14,Barrow,Georgia,13013.0,1979,43.0,8.0,,,,-0.19899999999999998
61938,2020-09-15,Barrow,Georgia,13013.0,2010,44.0,31.0,,,,-0.19
61939,2020-09-16,Barrow,Georgia,13013.0,2023,44.0,13.0,,,,-0.23399999999999999
61940,2020-09-17,Barrow,Georgia,13013.0,2036,44.0,13.0,,,,-0.175
61941,2020-09-18,Barrow,Georgia,13013.0,2054,44.0,18.0,,,,-0.13500001
61942,2020-09-19,Barrow,Georgia,13013.0,2079,46.0,25.0,,,,-0.121
61943,2020-09-20,Barrow,Georgia,13013.0,2086,46.0,7.0,,,,-0.074600004
61944,2020-09-21,Barrow,Georgia,13013.0,2103,46.0,17.0,,,,-0.0854
61945,2020-09-22,Barrow,Georgia,13013.0,2106,46.0,3.0,,,,-0.10400000000000001
61946,2020-09-23,Barrow,Georgia,13013.0,2124,46.0,18.0,,,,-0.082199998
61947,2020-09-24,Barrow,Georgia,13013.0,2139,46.0,15.0,,,,-0.092200004
61948,2020-09-25,Barrow,Georgia,13013.0,2158,46.0,19.0,,,,-0.10800000000000001
61949,2020-09-26,Barrow,Georgia,13013.0,2168,48.0,10.0,,,,-0.124
61950,2020-09-27,Barrow,Georgia,13013.0,2174,48.0,6.0,,,,-0.141
61951,2020-09-28,Barrow,Georgia,13013.0,2184,48.0,10.0,,,,-0.146
61952,2020-09-29,Barrow,Georgia,13013.0,2200,48.0,16.0,,,,-0.124
61953,2020-09-30,Barrow,Georgia,13013.0,2219,48.0,19.0,,,,-0.10400000000000001
61954,2020-10-01,Barrow,Georgia,13013.0,2240,48.0,21.0,,,,-0.09080000199999999
61955,2020-10-02,Barrow,Georgia,13013.0,2259,48.0,19.0,,,,-0.065899998
61956,2020-10-03,Barrow,Georgia,13013.0,2268,48.0,9.0,,,,-0.0491
61957,2020-10-04,Barrow,Georgia,13013.0,2274,48.0,6.0,,,,-0.070699997
61958,2020-10-05,Barrow,Georgia,13013.0,2377,48.0,103.0,,,,-0.098899998
61959,2020-10-06,Barrow,Georgia,13013.0,2401,48.0,24.0,,,,-0.062399998
61960,2020-10-07,Barrow,Georgia,13013.0,2416,48.0,15.0,,,,-0.070600003
61961,2020-10-08,Barrow,Georgia,13013.0,2433,47.0,17.0,,,,-0.0858
61962,2020-10-09,Barrow,Georgia,13013.0,2449,47.0,16.0,,,,-0.0682
61963,2020-10-10,Barrow,Georgia,13013.0,2466,47.0,17.0,,,,-0.0801
61964,2020-10-11,Barrow,Georgia,13013.0,2472,47.0,6.0,,,,-0.05840000099999999
61965,2020-10-12,Barrow,Georgia,13013.0,2496,47.0,24.0,,,,-0.050700000999999995
61966,2020-10-13,Barrow,Georgia,13013.0,2518,47.0,22.0,,,,-0.080300003
61967,2020-10-14,Barrow,Georgia,13013.0,2529,47.0,11.0,,,,-0.090599999
61968,2020-10-15,Barrow,Georgia,13013.0,2546,47.0,17.0,,,,-0.10099999999999999
61969,2020-10-16,Barrow,Georgia,13013.0,2564,47.0,18.0,,,,-0.122
61970,2020-10-17,Barrow,Georgia,13013.0,2582,50.0,18.0,,,,-0.124
61971,2020-10-18,Barrow,Georgia,13013.0,2590,50.0,8.0,,,,-0.141
61972,2020-10-19,Barrow,Georgia,13013.0,2598,50.0,8.0,,,,-0.12800001
61973,2020-10-20,Barrow,Georgia,13013.0,2618,50.0,20.0,,,,0.036499999
61974,2020-10-21,Barrow,Georgia,13013.0,2629,50.0,11.0,,,,-0.10300000000000001
61975,2020-10-22,Barrow,Georgia,13013.0,2639,50.0,10.0,,,,-0.09099999800000001
61976,2020-10-23,Barrow,Georgia,13013.0,2659,50.0,20.0,,,,-0.047800000999999995
61977,2020-10-24,Barrow,Georgia,13013.0,2674,50.0,15.0,,,,-0.0317
61978,2020-10-25,Barrow,Georgia,13013.0,2681,50.0,7.0,,,,-0.054000001
61979,2020-10-26,Barrow,Georgia,13013.0,2718,50.0,37.0,,,,-0.057500000999999995
61980,2020-10-27,Barrow,Georgia,13013.0,2741,51.0,23.0,,,,-0.18000001
61981,2020-10-28,Barrow,Georgia,13013.0,2755,51.0,14.0,,,,-0.064499997
61982,2020-10-29,Barrow,Georgia,13013.0,2770,51.0,15.0,,,,-0.0458
61983,2020-10-30,Barrow,Georgia,13013.0,2784,51.0,14.0,,,,-0.09440000400000001
61984,2020-10-31,Barrow,Georgia,13013.0,2801,51.0,17.0,,,,-0.069799997
61985,2020-11-01,Barrow,Georgia,13013.0,2811,51.0,10.0,,,,-0.078400001
61986,2020-11-02,Barrow,Georgia,13013.0,2843,51.0,32.0,,,,-0.086300001
61987,2020-11-03,Barrow,Georgia,13013.0,2862,52.0,19.0,,,,-0.077799998
61988,2020-11-04,Barrow,Georgia,13013.0,2888,52.0,26.0,,,,-0.096799999
61989,2020-11-05,Barrow,Georgia,13013.0,2898,52.0,10.0,,,,-0.127
61990,2020-11-06,Barrow,Georgia,13013.0,2915,54.0,17.0,,,,-0.10300000000000001
61991,2020-11-07,Barrow,Georgia,13013.0,2928,55.0,13.0,,,,-0.086300001
61992,2020-11-08,Barrow,Georgia,13013.0,2941,55.0,13.0,,,,-0.035999998
61993,2020-11-09,Barrow,Georgia,13013.0,2946,55.0,5.0,,,,-0.0167
61994,2020-11-10,Barrow,Georgia,13013.0,2979,55.0,33.0,,,,-0.061099999
61995,2020-11-11,Barrow,Georgia,13013.0,2994,55.0,15.0,,,,-0.053100000999999994
61996,2020-11-12,Barrow,Georgia,13013.0,3023,56.0,29.0,,,,-0.095799997
61997,2020-11-13,Barrow,Georgia,13013.0,3035,56.0,12.0,,,,-0.12899999
61998,2020-11-14,Barrow,Georgia,13013.0,3063,56.0,28.0,,,,-0.11900000000000001
61999,2020-11-15,Barrow,Georgia,13013.0,3069,56.0,6.0,,,,-0.142
62000,2020-11-16,Barrow,Georgia,13013.0,3077,56.0,8.0,,,,-0.19499999
62001,2020-11-17,Barrow,Georgia,13013.0,3110,56.0,33.0,,,,-0.18099999
62002,2020-11-18,Barrow,Georgia,13013.0,3133,56.0,23.0,,,,-0.145
62003,2020-11-19,Barrow,Georgia,13013.0,3171,56.0,38.0,,,,-0.082599998
62004,2020-11-20,Barrow,Georgia,13013.0,3212,56.0,41.0,,,,-0.024599998999999997
62005,2020-11-21,Barrow,Georgia,13013.0,3271,56.0,59.0,,,,-0.066299997
62006,2020-11-22,Barrow,Georgia,13013.0,3279,56.0,8.0,,,,-0.058800001
