,date,county,state,fips,cases,deaths,new_cases,emp_combined,emp_combined_inclow,revenue_all,spend_all
62751,2020-04-06,Brantley,Georgia,13025.0,3,0.0,0.0,,,,-0.20299999
62752,2020-04-07,Brantley,Georgia,13025.0,5,1.0,2.0,,,,-0.223
62753,2020-04-08,Brantley,Georgia,13025.0,5,1.0,0.0,,,,-0.25400001
62754,2020-04-09,Brantley,Georgia,13025.0,6,1.0,1.0,,,,-0.27900001
62755,2020-04-10,Brantley,Georgia,13025.0,7,1.0,1.0,,,,-0.249
62756,2020-04-11,Brantley,Georgia,13025.0,7,1.0,0.0,,,,-0.20100001
62757,2020-04-12,Brantley,Georgia,13025.0,8,1.0,1.0,,,,-0.12800001
62758,2020-04-13,Brantley,Georgia,13025.0,11,1.0,3.0,,,,-0.066600002
62759,2020-04-14,Brantley,Georgia,13025.0,12,1.0,1.0,,,,-0.079300001
62760,2020-04-15,Brantley,Georgia,13025.0,14,1.0,2.0,,,,-0.080899999
62761,2020-04-16,Brantley,Georgia,13025.0,16,1.0,2.0,,,,-0.029999999
62762,2020-04-17,Brantley,Georgia,13025.0,17,2.0,1.0,,,,0.0061499998
62763,2020-04-18,Brantley,Georgia,13025.0,18,2.0,1.0,,,,-0.017999999
62764,2020-04-19,Brantley,Georgia,13025.0,19,2.0,1.0,,,,-0.024
62765,2020-04-20,Brantley,Georgia,13025.0,20,2.0,1.0,,,,-0.132
62766,2020-04-21,Brantley,Georgia,13025.0,20,2.0,0.0,,,,-0.06610000099999999
62767,2020-04-22,Brantley,Georgia,13025.0,20,2.0,0.0,,,,-0.052499998
62768,2020-04-23,Brantley,Georgia,13025.0,20,2.0,0.0,,,,-0.093400002
62769,2020-04-24,Brantley,Georgia,13025.0,20,2.0,0.0,,,,-0.098700002
62770,2020-04-25,Brantley,Georgia,13025.0,21,2.0,1.0,,,,-0.122
62771,2020-04-26,Brantley,Georgia,13025.0,21,2.0,0.0,,,,-0.122
62772,2020-04-27,Brantley,Georgia,13025.0,21,2.0,0.0,,,,-0.146
62773,2020-04-28,Brantley,Georgia,13025.0,22,2.0,1.0,,,,-0.12800001
62774,2020-04-29,Brantley,Georgia,13025.0,22,2.0,0.0,,,,-0.09920000300000001
62775,2020-04-30,Brantley,Georgia,13025.0,23,2.0,1.0,,,,-0.061700001
62776,2020-05-01,Brantley,Georgia,13025.0,23,2.0,0.0,,,,-0.105
62777,2020-05-02,Brantley,Georgia,13025.0,23,2.0,0.0,,,,-0.10099999999999999
62778,2020-05-03,Brantley,Georgia,13025.0,22,2.0,-1.0,,,,-0.111
62779,2020-05-04,Brantley,Georgia,13025.0,22,2.0,0.0,,,,-0.07980000200000001
62780,2020-05-05,Brantley,Georgia,13025.0,22,2.0,0.0,,,,-0.15800001
62781,2020-05-06,Brantley,Georgia,13025.0,22,2.0,0.0,,,,-0.214
62782,2020-05-07,Brantley,Georgia,13025.0,23,2.0,1.0,,,,-0.24100000000000002
62783,2020-05-08,Brantley,Georgia,13025.0,23,2.0,0.0,,,,-0.19400001
62784,2020-05-09,Brantley,Georgia,13025.0,24,2.0,1.0,,,,-0.156
62785,2020-05-10,Brantley,Georgia,13025.0,25,2.0,1.0,,,,-0.182
62786,2020-05-11,Brantley,Georgia,13025.0,26,2.0,1.0,,,,-0.214
62787,2020-05-12,Brantley,Georgia,13025.0,27,2.0,1.0,,,,-0.175
62788,2020-05-13,Brantley,Georgia,13025.0,28,2.0,1.0,,,,-0.080499999
62789,2020-05-14,Brantley,Georgia,13025.0,28,2.0,0.0,,,,0.0261
62790,2020-05-15,Brantley,Georgia,13025.0,35,2.0,7.0,,,,0.088100001
62791,2020-05-16,Brantley,Georgia,13025.0,38,2.0,3.0,,,,0.124
62792,2020-05-17,Brantley,Georgia,13025.0,38,2.0,0.0,,,,0.182
62793,2020-05-18,Brantley,Georgia,13025.0,39,2.0,1.0,,,,0.28200001
62794,2020-05-19,Brantley,Georgia,13025.0,44,2.0,5.0,,,,0.266
62795,2020-05-20,Brantley,Georgia,13025.0,46,2.0,2.0,,,,0.163
62796,2020-05-21,Brantley,Georgia,13025.0,46,2.0,0.0,,,,0.0436
62797,2020-05-22,Brantley,Georgia,13025.0,48,2.0,2.0,,,,-0.057100002000000004
62798,2020-05-23,Brantley,Georgia,13025.0,50,2.0,2.0,,,,-0.07050000099999999
62799,2020-05-24,Brantley,Georgia,13025.0,51,2.0,1.0,,,,-0.10400000000000001
62800,2020-05-25,Brantley,Georgia,13025.0,51,2.0,0.0,,,,-0.15700001
62801,2020-05-26,Brantley,Georgia,13025.0,50,2.0,-1.0,,,,-0.133
62802,2020-05-27,Brantley,Georgia,13025.0,50,2.0,0.0,,,,-0.09239999900000001
62803,2020-05-28,Brantley,Georgia,13025.0,51,2.0,1.0,,,,-0.13600001
62804,2020-05-29,Brantley,Georgia,13025.0,54,2.0,3.0,,,,-0.127
62805,2020-05-30,Brantley,Georgia,13025.0,56,2.0,2.0,,,,-0.18000001
62806,2020-05-31,Brantley,Georgia,13025.0,56,2.0,0.0,,,,-0.25
62807,2020-06-01,Brantley,Georgia,13025.0,57,2.0,1.0,,,,-0.27900001
62808,2020-06-02,Brantley,Georgia,13025.0,58,2.0,1.0,,,,-0.204
62809,2020-06-03,Brantley,Georgia,13025.0,59,2.0,1.0,,,,-0.213
62810,2020-06-04,Brantley,Georgia,13025.0,61,2.0,2.0,,,,-0.192
62811,2020-06-05,Brantley,Georgia,13025.0,62,2.0,1.0,,,,-0.14399999
62812,2020-06-06,Brantley,Georgia,13025.0,62,2.0,0.0,,,,-0.086099997
62813,2020-06-07,Brantley,Georgia,13025.0,62,2.0,0.0,,,,-0.0074700001
62814,2020-06-08,Brantley,Georgia,13025.0,63,2.0,1.0,,,,0.041099999
62815,2020-06-09,Brantley,Georgia,13025.0,63,2.0,0.0,,,,-0.0107
62816,2020-06-10,Brantley,Georgia,13025.0,63,2.0,0.0,,,,0.00059399998
62817,2020-06-11,Brantley,Georgia,13025.0,64,2.0,1.0,,,,-0.017000001
62818,2020-06-12,Brantley,Georgia,13025.0,68,2.0,4.0,,,,-0.021400001000000002
62819,2020-06-13,Brantley,Georgia,13025.0,68,2.0,0.0,,,,-0.063600004
62820,2020-06-14,Brantley,Georgia,13025.0,68,2.0,0.0,,,,-0.11699999999999999
62821,2020-06-15,Brantley,Georgia,13025.0,69,2.0,1.0,,,,-0.131
62822,2020-06-16,Brantley,Georgia,13025.0,70,2.0,1.0,,,,-0.153
62823,2020-06-17,Brantley,Georgia,13025.0,71,2.0,1.0,,,,-0.13500001
62824,2020-06-18,Brantley,Georgia,13025.0,72,2.0,1.0,,,,-0.09359999699999999
62825,2020-06-19,Brantley,Georgia,13025.0,73,2.0,1.0,,,,-0.067599997
62826,2020-06-20,Brantley,Georgia,13025.0,73,2.0,0.0,,,,-0.069899999
62827,2020-06-21,Brantley,Georgia,13025.0,73,2.0,0.0,,,,-0.00771
62828,2020-06-22,Brantley,Georgia,13025.0,76,2.0,3.0,,,,-0.0142
62829,2020-06-23,Brantley,Georgia,13025.0,78,2.0,2.0,,,,0.026699999
62830,2020-06-24,Brantley,Georgia,13025.0,79,2.0,1.0,,,,0.0307
62831,2020-06-25,Brantley,Georgia,13025.0,82,2.0,3.0,,,,0.00017299999
62832,2020-06-26,Brantley,Georgia,13025.0,85,2.0,3.0,,,,-0.059599999
62833,2020-06-27,Brantley,Georgia,13025.0,85,2.0,0.0,,,,-0.11599999999999999
62834,2020-06-28,Brantley,Georgia,13025.0,85,2.0,0.0,,,,-0.14800000000000002
62835,2020-06-29,Brantley,Georgia,13025.0,85,2.0,0.0,,,,-0.124
62836,2020-06-30,Brantley,Georgia,13025.0,94,2.0,9.0,,,,-0.138
62837,2020-07-01,Brantley,Georgia,13025.0,96,2.0,2.0,,,,-0.20900001
62838,2020-07-02,Brantley,Georgia,13025.0,99,3.0,3.0,,,,-0.124
62839,2020-07-03,Brantley,Georgia,13025.0,104,3.0,5.0,,,,-0.09669999800000001
62840,2020-07-04,Brantley,Georgia,13025.0,110,3.0,6.0,,,,-0.0285
62841,2020-07-05,Brantley,Georgia,13025.0,110,3.0,0.0,,,,-0.071099997
62842,2020-07-06,Brantley,Georgia,13025.0,112,3.0,2.0,,,,-0.13
62843,2020-07-07,Brantley,Georgia,13025.0,115,3.0,3.0,,,,-0.14
62844,2020-07-08,Brantley,Georgia,13025.0,120,3.0,5.0,,,,-0.107
62845,2020-07-09,Brantley,Georgia,13025.0,122,3.0,2.0,,,,-0.21699999
62846,2020-07-10,Brantley,Georgia,13025.0,129,3.0,7.0,,,,-0.177
62847,2020-07-11,Brantley,Georgia,13025.0,137,3.0,8.0,,,,-0.16500001
62848,2020-07-12,Brantley,Georgia,13025.0,140,3.0,3.0,,,,-0.168
62849,2020-07-13,Brantley,Georgia,13025.0,144,3.0,4.0,,,,-0.14
62850,2020-07-14,Brantley,Georgia,13025.0,147,3.0,3.0,,,,-0.13699999
62851,2020-07-15,Brantley,Georgia,13025.0,152,3.0,5.0,,,,-0.152
62852,2020-07-16,Brantley,Georgia,13025.0,161,3.0,9.0,,,,-0.037700001000000004
62853,2020-07-17,Brantley,Georgia,13025.0,166,3.0,5.0,,,,-0.0163
62854,2020-07-18,Brantley,Georgia,13025.0,169,3.0,3.0,,,,0.0307
62855,2020-07-19,Brantley,Georgia,13025.0,171,3.0,2.0,,,,0.059999999000000005
62856,2020-07-20,Brantley,Georgia,13025.0,174,3.0,3.0,,,,-0.00141
62857,2020-07-21,Brantley,Georgia,13025.0,179,3.0,5.0,,,,-0.00346
62858,2020-07-22,Brantley,Georgia,13025.0,181,3.0,2.0,,,,-0.024800001000000002
62859,2020-07-23,Brantley,Georgia,13025.0,186,3.0,5.0,,,,-0.093800001
62860,2020-07-24,Brantley,Georgia,13025.0,192,3.0,6.0,,,,-0.081699997
62861,2020-07-25,Brantley,Georgia,13025.0,196,3.0,4.0,,,,-0.088100001
62862,2020-07-26,Brantley,Georgia,13025.0,200,3.0,4.0,,,,-0.15700001
62863,2020-07-27,Brantley,Georgia,13025.0,205,4.0,5.0,,,,-0.149
62864,2020-07-28,Brantley,Georgia,13025.0,214,4.0,9.0,,,,-0.156
62865,2020-07-29,Brantley,Georgia,13025.0,217,4.0,3.0,,,,-0.114
62866,2020-07-30,Brantley,Georgia,13025.0,218,4.0,1.0,,,,-0.15000001
62867,2020-07-31,Brantley,Georgia,13025.0,219,4.0,1.0,,,,-0.126
62868,2020-08-01,Brantley,Georgia,13025.0,224,4.0,5.0,,,,-0.08800000000000001
62869,2020-08-02,Brantley,Georgia,13025.0,224,4.0,0.0,,,,-0.0407
62870,2020-08-03,Brantley,Georgia,13025.0,228,4.0,4.0,,,,-0.0254
62871,2020-08-04,Brantley,Georgia,13025.0,232,4.0,4.0,,,,0.0097599998
62872,2020-08-05,Brantley,Georgia,13025.0,237,4.0,5.0,,,,0.0284
62873,2020-08-06,Brantley,Georgia,13025.0,238,4.0,1.0,,,,0.066299997
62874,2020-08-07,Brantley,Georgia,13025.0,242,4.0,4.0,,,,0.0066800001
62875,2020-08-08,Brantley,Georgia,13025.0,244,5.0,2.0,,,,-0.052099999
62876,2020-08-09,Brantley,Georgia,13025.0,249,5.0,5.0,,,,-0.07299999900000001
62877,2020-08-10,Brantley,Georgia,13025.0,251,5.0,2.0,,,,-0.061500002000000005
62878,2020-08-11,Brantley,Georgia,13025.0,255,6.0,4.0,,,,-0.077100001
62879,2020-08-12,Brantley,Georgia,13025.0,257,6.0,2.0,,,,-0.082000002
62880,2020-08-13,Brantley,Georgia,13025.0,261,6.0,4.0,,,,-0.10300000000000001
62881,2020-08-14,Brantley,Georgia,13025.0,269,6.0,8.0,,,,-0.13699999
62882,2020-08-15,Brantley,Georgia,13025.0,271,7.0,2.0,,,,-0.12300000000000001
62883,2020-08-16,Brantley,Georgia,13025.0,272,8.0,1.0,,,,-0.071699999
62884,2020-08-17,Brantley,Georgia,13025.0,275,8.0,3.0,,,,-0.050299998
62885,2020-08-18,Brantley,Georgia,13025.0,277,8.0,2.0,,,,-0.055
62886,2020-08-19,Brantley,Georgia,13025.0,279,8.0,2.0,,,,-0.061000001
62887,2020-08-20,Brantley,Georgia,13025.0,283,8.0,4.0,,,,-0.109
62888,2020-08-21,Brantley,Georgia,13025.0,286,8.0,3.0,,,,-0.0528
62889,2020-08-22,Brantley,Georgia,13025.0,289,8.0,3.0,,,,-0.106
62890,2020-08-23,Brantley,Georgia,13025.0,289,8.0,0.0,,,,-0.17399999
62891,2020-08-24,Brantley,Georgia,13025.0,292,8.0,3.0,,,,-0.21100000000000002
62892,2020-08-25,Brantley,Georgia,13025.0,296,8.0,4.0,,,,-0.214
62893,2020-08-26,Brantley,Georgia,13025.0,297,8.0,1.0,,,,-0.23199999
62894,2020-08-27,Brantley,Georgia,13025.0,299,8.0,2.0,,,,-0.19400001
62895,2020-08-28,Brantley,Georgia,13025.0,301,8.0,2.0,,,,-0.17600000000000002
62896,2020-08-29,Brantley,Georgia,13025.0,301,8.0,0.0,,,,-0.114
62897,2020-08-30,Brantley,Georgia,13025.0,304,8.0,3.0,,,,-0.13
62898,2020-08-31,Brantley,Georgia,13025.0,308,8.0,4.0,,,,-0.11199999999999999
62899,2020-09-01,Brantley,Georgia,13025.0,310,8.0,2.0,,,,-0.0603
62900,2020-09-02,Brantley,Georgia,13025.0,310,8.0,0.0,,,,-0.0096399998
62901,2020-09-03,Brantley,Georgia,13025.0,318,8.0,8.0,,,,-0.0057799997999999995
62902,2020-09-04,Brantley,Georgia,13025.0,315,8.0,-3.0,,,,0.057300000999999996
62903,2020-09-05,Brantley,Georgia,13025.0,315,8.0,0.0,,,,0.008929999499999999
62904,2020-09-06,Brantley,Georgia,13025.0,317,8.0,2.0,,,,-0.043000000999999996
62905,2020-09-07,Brantley,Georgia,13025.0,317,8.0,0.0,,,,-0.074500002
62906,2020-09-08,Brantley,Georgia,13025.0,319,8.0,2.0,,,,-0.0064699999
62907,2020-09-09,Brantley,Georgia,13025.0,321,8.0,2.0,,,,0.024599998999999997
62908,2020-09-10,Brantley,Georgia,13025.0,321,8.0,0.0,,,,0.198
62909,2020-09-11,Brantley,Georgia,13025.0,321,8.0,0.0,,,,0.08569999800000001
62910,2020-09-12,Brantley,Georgia,13025.0,324,8.0,3.0,,,,0.18099999
62911,2020-09-13,Brantley,Georgia,13025.0,325,8.0,1.0,,,,0.115
62912,2020-09-14,Brantley,Georgia,13025.0,325,8.0,0.0,,,,0.05090000099999999
62913,2020-09-15,Brantley,Georgia,13025.0,329,8.0,4.0,,,,0.0148
62914,2020-09-16,Brantley,Georgia,13025.0,332,8.0,3.0,,,,-0.087700002
62915,2020-09-17,Brantley,Georgia,13025.0,331,8.0,-1.0,,,,-0.08910000300000001
62916,2020-09-18,Brantley,Georgia,13025.0,334,9.0,3.0,,,,-0.067699999
62917,2020-09-19,Brantley,Georgia,13025.0,341,10.0,7.0,,,,-0.12800001
62918,2020-09-20,Brantley,Georgia,13025.0,342,10.0,1.0,,,,-0.15800001
62919,2020-09-21,Brantley,Georgia,13025.0,343,10.0,1.0,,,,-0.111
62920,2020-09-22,Brantley,Georgia,13025.0,343,10.0,0.0,,,,-0.113
62921,2020-09-23,Brantley,Georgia,13025.0,343,10.0,0.0,,,,-0.10400000000000001
62922,2020-09-24,Brantley,Georgia,13025.0,343,10.0,0.0,,,,-0.098899998
62923,2020-09-25,Brantley,Georgia,13025.0,343,10.0,0.0,,,,-0.10800000000000001
62924,2020-09-26,Brantley,Georgia,13025.0,343,10.0,0.0,,,,-0.1
62925,2020-09-27,Brantley,Georgia,13025.0,344,10.0,1.0,,,,-0.124
62926,2020-09-28,Brantley,Georgia,13025.0,344,10.0,0.0,,,,-0.191
62927,2020-09-29,Brantley,Georgia,13025.0,345,10.0,1.0,,,,-0.221
62928,2020-09-30,Brantley,Georgia,13025.0,346,10.0,1.0,,,,-0.20100001
62929,2020-10-01,Brantley,Georgia,13025.0,347,10.0,1.0,,,,-0.193
62930,2020-10-02,Brantley,Georgia,13025.0,350,10.0,3.0,,,,-0.16699999999999998
62931,2020-10-03,Brantley,Georgia,13025.0,350,10.0,0.0,,,,-0.152
62932,2020-10-04,Brantley,Georgia,13025.0,351,10.0,1.0,,,,-0.122
62933,2020-10-05,Brantley,Georgia,13025.0,480,10.0,129.0,,,,-0.09399999699999999
62934,2020-10-06,Brantley,Georgia,13025.0,482,10.0,2.0,,,,-0.059300002000000004
62935,2020-10-07,Brantley,Georgia,13025.0,484,10.0,2.0,,,,-0.121
62936,2020-10-08,Brantley,Georgia,13025.0,486,11.0,2.0,,,,-0.13500001
62937,2020-10-09,Brantley,Georgia,13025.0,491,11.0,5.0,,,,-0.19899999999999998
62938,2020-10-10,Brantley,Georgia,13025.0,498,11.0,7.0,,,,-0.19599999
62939,2020-10-11,Brantley,Georgia,13025.0,502,11.0,4.0,,,,-0.182
62940,2020-10-12,Brantley,Georgia,13025.0,525,11.0,23.0,,,,-0.134
62941,2020-10-13,Brantley,Georgia,13025.0,525,11.0,0.0,,,,-0.134
62942,2020-10-14,Brantley,Georgia,13025.0,526,11.0,1.0,,,,-0.09279999900000001
62943,2020-10-15,Brantley,Georgia,13025.0,534,11.0,8.0,,,,-0.079000004
62944,2020-10-16,Brantley,Georgia,13025.0,547,11.0,13.0,,,,-0.017000001
62945,2020-10-17,Brantley,Georgia,13025.0,554,12.0,7.0,,,,0.030999999
62946,2020-10-18,Brantley,Georgia,13025.0,555,12.0,1.0,,,,0.045200001
62947,2020-10-19,Brantley,Georgia,13025.0,582,12.0,27.0,,,,0.06899999799999999
62948,2020-10-20,Brantley,Georgia,13025.0,584,12.0,2.0,,,,0.0605
62949,2020-10-21,Brantley,Georgia,13025.0,586,13.0,2.0,,,,0.075199999
62950,2020-10-22,Brantley,Georgia,13025.0,593,13.0,7.0,,,,0.032600001
62951,2020-10-23,Brantley,Georgia,13025.0,595,13.0,2.0,,,,-0.0054299999
62952,2020-10-24,Brantley,Georgia,13025.0,601,13.0,6.0,,,,-0.09650000199999999
62953,2020-10-25,Brantley,Georgia,13025.0,619,13.0,18.0,,,,-0.091399997
62954,2020-10-26,Brantley,Georgia,13025.0,641,13.0,22.0,,,,-0.12300000000000001
62955,2020-10-27,Brantley,Georgia,13025.0,650,13.0,9.0,,,,-0.121
62956,2020-10-28,Brantley,Georgia,13025.0,657,13.0,7.0,,,,-0.15099999
62957,2020-10-29,Brantley,Georgia,13025.0,658,13.0,1.0,,,,-0.185
62958,2020-10-30,Brantley,Georgia,13025.0,661,13.0,3.0,,,,-0.171
62959,2020-10-31,Brantley,Georgia,13025.0,668,13.0,7.0,,,,-0.184
62960,2020-11-01,Brantley,Georgia,13025.0,668,13.0,0.0,,,,-0.20600000000000002
62961,2020-11-02,Brantley,Georgia,13025.0,679,13.0,11.0,,,,-0.21600001
62962,2020-11-03,Brantley,Georgia,13025.0,682,13.0,3.0,,,,-0.248
62963,2020-11-04,Brantley,Georgia,13025.0,690,14.0,8.0,,,,-0.20100001
62964,2020-11-05,Brantley,Georgia,13025.0,694,14.0,4.0,,,,-0.142
62965,2020-11-06,Brantley,Georgia,13025.0,696,14.0,2.0,,,,-0.11900000000000001
62966,2020-11-07,Brantley,Georgia,13025.0,699,14.0,3.0,,,,-0.08590000099999999
62967,2020-11-08,Brantley,Georgia,13025.0,701,14.0,2.0,,,,-0.073700003
62968,2020-11-09,Brantley,Georgia,13025.0,703,14.0,2.0,,,,-0.10800000000000001
62969,2020-11-10,Brantley,Georgia,13025.0,707,14.0,4.0,,,,-0.055599999000000004
62970,2020-11-11,Brantley,Georgia,13025.0,710,14.0,3.0,,,,-0.0469
62971,2020-11-12,Brantley,Georgia,13025.0,713,14.0,3.0,,,,-0.077600002
62972,2020-11-13,Brantley,Georgia,13025.0,716,14.0,3.0,,,,-0.146
62973,2020-11-14,Brantley,Georgia,13025.0,722,15.0,6.0,,,,-0.14800000000000002
62974,2020-11-15,Brantley,Georgia,13025.0,723,15.0,1.0,,,,-0.16599999
62975,2020-11-16,Brantley,Georgia,13025.0,724,15.0,1.0,,,,-0.139
62976,2020-11-17,Brantley,Georgia,13025.0,732,15.0,8.0,,,,-0.124
62977,2020-11-18,Brantley,Georgia,13025.0,735,15.0,3.0,,,,-0.0973
62978,2020-11-19,Brantley,Georgia,13025.0,747,16.0,12.0,,,,-0.133
62979,2020-11-20,Brantley,Georgia,13025.0,749,16.0,2.0,,,,-0.064800002
62980,2020-11-21,Brantley,Georgia,13025.0,761,16.0,12.0,,,,-0.063600004
62981,2020-11-22,Brantley,Georgia,13025.0,761,16.0,0.0,,,,-0.075900003
