,date,county,state,fips,cases,deaths,new_cases,emp_combined,emp_combined_inclow,revenue_all,spend_all
66227,2020-03-22,Coffee,Georgia,13069.0,1,0.0,0.0,,,,-0.122
66228,2020-03-23,Coffee,Georgia,13069.0,1,0.0,0.0,,,,-0.16699999999999998
66229,2020-03-24,Coffee,Georgia,13069.0,2,0.0,1.0,,,,-0.21699999
66230,2020-03-25,Coffee,Georgia,13069.0,2,0.0,0.0,,,,-0.22
66231,2020-03-26,Coffee,Georgia,13069.0,2,0.0,0.0,,,,-0.17399999
66232,2020-03-27,Coffee,Georgia,13069.0,3,0.0,1.0,,,,-0.21899999999999997
66233,2020-03-28,Coffee,Georgia,13069.0,7,0.0,4.0,,,,-0.30399999
66234,2020-03-29,Coffee,Georgia,13069.0,10,0.0,3.0,,,,-0.287
66235,2020-03-30,Coffee,Georgia,13069.0,10,0.0,0.0,,,,-0.287
66236,2020-03-31,Coffee,Georgia,13069.0,11,0.0,1.0,,,,-0.215
66237,2020-04-01,Coffee,Georgia,13069.0,11,0.0,0.0,,,,-0.177
66238,2020-04-02,Coffee,Georgia,13069.0,9,0.0,-2.0,,,,-0.15099999
66239,2020-04-03,Coffee,Georgia,13069.0,15,0.0,6.0,,,,-0.090400003
66240,2020-04-04,Coffee,Georgia,13069.0,15,0.0,0.0,,,,-0.024499998999999998
66241,2020-04-05,Coffee,Georgia,13069.0,15,0.0,0.0,,,,-0.115
66242,2020-04-06,Coffee,Georgia,13069.0,30,0.0,15.0,,,,-0.15700001
66243,2020-04-07,Coffee,Georgia,13069.0,41,2.0,11.0,,,,-0.21899999999999997
66244,2020-04-08,Coffee,Georgia,13069.0,46,2.0,5.0,,,,-0.28299999
66245,2020-04-09,Coffee,Georgia,13069.0,50,2.0,4.0,,,,-0.31999999
66246,2020-04-10,Coffee,Georgia,13069.0,53,2.0,3.0,,,,-0.34900001
66247,2020-04-11,Coffee,Georgia,13069.0,53,2.0,0.0,,,,-0.331
66248,2020-04-12,Coffee,Georgia,13069.0,58,3.0,5.0,,,,-0.29899999
66249,2020-04-13,Coffee,Georgia,13069.0,60,3.0,2.0,,,,-0.171
66250,2020-04-14,Coffee,Georgia,13069.0,64,3.0,4.0,,,,0.040600002
66251,2020-04-15,Coffee,Georgia,13069.0,65,3.0,1.0,,,,0.077
66252,2020-04-16,Coffee,Georgia,13069.0,72,3.0,7.0,,,,-0.126
66253,2020-04-17,Coffee,Georgia,13069.0,74,3.0,2.0,,,,-0.25400001
66254,2020-04-18,Coffee,Georgia,13069.0,76,3.0,2.0,,,,-0.204
66255,2020-04-19,Coffee,Georgia,13069.0,79,4.0,3.0,,,,-0.18000001
66256,2020-04-20,Coffee,Georgia,13069.0,83,4.0,4.0,,,,-0.23600000000000002
66257,2020-04-21,Coffee,Georgia,13069.0,83,4.0,0.0,,,,-0.322
66258,2020-04-22,Coffee,Georgia,13069.0,84,4.0,1.0,,,,-0.31400001
66259,2020-04-23,Coffee,Georgia,13069.0,91,4.0,7.0,,,,-0.08070000299999999
66260,2020-04-24,Coffee,Georgia,13069.0,100,4.0,9.0,,,,-0.055799997999999996
66261,2020-04-25,Coffee,Georgia,13069.0,103,4.0,3.0,,,,0.049699999
66262,2020-04-26,Coffee,Georgia,13069.0,107,4.0,4.0,,,,-0.00605
66263,2020-04-27,Coffee,Georgia,13069.0,109,4.0,2.0,,,,0.064800002
66264,2020-04-28,Coffee,Georgia,13069.0,121,4.0,12.0,,,,-0.0273
66265,2020-04-29,Coffee,Georgia,13069.0,127,6.0,6.0,,,,-0.07829999900000001
66266,2020-04-30,Coffee,Georgia,13069.0,138,7.0,11.0,,,,-0.049800000999999997
66267,2020-05-01,Coffee,Georgia,13069.0,141,7.0,3.0,,,,-0.26899999
66268,2020-05-02,Coffee,Georgia,13069.0,144,7.0,3.0,,,,-0.21799999
66269,2020-05-03,Coffee,Georgia,13069.0,146,7.0,2.0,,,,-0.082999997
66270,2020-05-04,Coffee,Georgia,13069.0,149,7.0,3.0,,,,-0.12899999
66271,2020-05-05,Coffee,Georgia,13069.0,155,8.0,6.0,,,,-0.082500003
66272,2020-05-06,Coffee,Georgia,13069.0,159,8.0,4.0,,,,0.0057199998
66273,2020-05-07,Coffee,Georgia,13069.0,165,8.0,6.0,,,,0.020300001
66274,2020-05-08,Coffee,Georgia,13069.0,171,9.0,6.0,,,,0.063000001
66275,2020-05-09,Coffee,Georgia,13069.0,175,9.0,4.0,,,,0.25299999
66276,2020-05-10,Coffee,Georgia,13069.0,175,9.0,0.0,,,,0.121
66277,2020-05-11,Coffee,Georgia,13069.0,177,10.0,2.0,,,,0.056200001
66278,2020-05-12,Coffee,Georgia,13069.0,183,10.0,6.0,,,,0.069200002
66279,2020-05-13,Coffee,Georgia,13069.0,187,11.0,4.0,,,,0.13600001
66280,2020-05-14,Coffee,Georgia,13069.0,191,11.0,4.0,,,,-0.0153
66281,2020-05-15,Coffee,Georgia,13069.0,192,11.0,1.0,,,,-0.18799999
66282,2020-05-16,Coffee,Georgia,13069.0,192,12.0,0.0,,,,-0.113
66283,2020-05-17,Coffee,Georgia,13069.0,193,12.0,1.0,,,,-0.043200000999999995
66284,2020-05-18,Coffee,Georgia,13069.0,200,12.0,7.0,,,,0.059799999000000006
66285,2020-05-19,Coffee,Georgia,13069.0,209,12.0,9.0,,,,-0.031199999
66286,2020-05-20,Coffee,Georgia,13069.0,210,12.0,1.0,,,,-0.082199998
66287,2020-05-21,Coffee,Georgia,13069.0,218,13.0,8.0,,,,-0.20900001
66288,2020-05-22,Coffee,Georgia,13069.0,225,13.0,7.0,,,,-0.047899999000000006
66289,2020-05-23,Coffee,Georgia,13069.0,227,13.0,2.0,,,,-0.088100001
66290,2020-05-24,Coffee,Georgia,13069.0,248,13.0,21.0,,,,-0.134
66291,2020-05-25,Coffee,Georgia,13069.0,250,13.0,2.0,,,,-0.0189
66292,2020-05-26,Coffee,Georgia,13069.0,254,13.0,4.0,,,,-0.073100001
66293,2020-05-27,Coffee,Georgia,13069.0,262,13.0,8.0,,,,0.017999999
66294,2020-05-28,Coffee,Georgia,13069.0,261,15.0,-1.0,,,,0.06329999900000001
66295,2020-05-29,Coffee,Georgia,13069.0,265,15.0,4.0,,,,-0.056699999
66296,2020-05-30,Coffee,Georgia,13069.0,268,15.0,3.0,,,,-0.156
66297,2020-05-31,Coffee,Georgia,13069.0,271,15.0,3.0,,,,-0.25400001
66298,2020-06-01,Coffee,Georgia,13069.0,277,15.0,6.0,,,,-0.162
66299,2020-06-02,Coffee,Georgia,13069.0,277,15.0,0.0,,,,-0.133
66300,2020-06-03,Coffee,Georgia,13069.0,285,15.0,8.0,,,,-0.23600000000000002
66301,2020-06-04,Coffee,Georgia,13069.0,289,15.0,4.0,,,,-0.38
66302,2020-06-05,Coffee,Georgia,13069.0,292,15.0,3.0,,,,-0.38999999
66303,2020-06-06,Coffee,Georgia,13069.0,299,14.0,7.0,,,,-0.289
66304,2020-06-07,Coffee,Georgia,13069.0,299,14.0,0.0,,,,-0.09920000300000001
66305,2020-06-08,Coffee,Georgia,13069.0,300,14.0,1.0,,,,-0.092200004
66306,2020-06-09,Coffee,Georgia,13069.0,307,14.0,7.0,,,,-0.43000001
66307,2020-06-10,Coffee,Georgia,13069.0,310,14.0,3.0,,,,-0.214
66308,2020-06-11,Coffee,Georgia,13069.0,321,14.0,11.0,,,,-0.058499999000000004
66309,2020-06-12,Coffee,Georgia,13069.0,328,14.0,7.0,,,,-0.039999999
66310,2020-06-13,Coffee,Georgia,13069.0,330,14.0,2.0,,,,-0.078000002
66311,2020-06-14,Coffee,Georgia,13069.0,344,14.0,14.0,,,,-0.0502
66312,2020-06-15,Coffee,Georgia,13069.0,346,14.0,2.0,,,,-0.045899998
66313,2020-06-16,Coffee,Georgia,13069.0,359,14.0,13.0,,,,0.08640000199999999
66314,2020-06-17,Coffee,Georgia,13069.0,369,15.0,10.0,,,,0.13
66315,2020-06-18,Coffee,Georgia,13069.0,380,15.0,11.0,,,,0.055300000999999994
66316,2020-06-19,Coffee,Georgia,13069.0,399,15.0,19.0,,,,0.13600001
66317,2020-06-20,Coffee,Georgia,13069.0,406,15.0,7.0,,,,0.171
66318,2020-06-21,Coffee,Georgia,13069.0,408,15.0,2.0,,,,0.125
66319,2020-06-22,Coffee,Georgia,13069.0,418,15.0,10.0,,,,0.064499997
66320,2020-06-23,Coffee,Georgia,13069.0,444,15.0,26.0,,,,-0.0155
66321,2020-06-24,Coffee,Georgia,13069.0,474,15.0,30.0,,,,0.0162
66322,2020-06-25,Coffee,Georgia,13069.0,484,17.0,10.0,,,,-0.21699999
66323,2020-06-26,Coffee,Georgia,13069.0,484,17.0,0.0,,,,-0.294
66324,2020-06-27,Coffee,Georgia,13069.0,483,17.0,-1.0,,,,-0.32699999
66325,2020-06-28,Coffee,Georgia,13069.0,532,17.0,49.0,,,,-0.377
66326,2020-06-29,Coffee,Georgia,13069.0,534,17.0,2.0,,,,-0.222
66327,2020-06-30,Coffee,Georgia,13069.0,540,17.0,6.0,,,,-0.24100000000000002
66328,2020-07-01,Coffee,Georgia,13069.0,564,17.0,24.0,,,,-0.37400001
66329,2020-07-02,Coffee,Georgia,13069.0,580,17.0,16.0,,,,-0.22400001
66330,2020-07-03,Coffee,Georgia,13069.0,597,17.0,17.0,,,,-0.0612
66331,2020-07-04,Coffee,Georgia,13069.0,613,17.0,16.0,,,,-0.094599999
66332,2020-07-05,Coffee,Georgia,13069.0,617,17.0,4.0,,,,-0.11
66333,2020-07-06,Coffee,Georgia,13069.0,630,17.0,13.0,,,,-0.175
66334,2020-07-07,Coffee,Georgia,13069.0,659,17.0,29.0,,,,-0.068700001
66335,2020-07-08,Coffee,Georgia,13069.0,666,17.0,7.0,,,,0.084399998
66336,2020-07-09,Coffee,Georgia,13069.0,734,17.0,68.0,,,,-0.058600001
66337,2020-07-10,Coffee,Georgia,13069.0,908,17.0,174.0,,,,-0.13699999
66338,2020-07-11,Coffee,Georgia,13069.0,920,17.0,12.0,,,,-0.087200001
66339,2020-07-12,Coffee,Georgia,13069.0,931,17.0,11.0,,,,-0.00942
66340,2020-07-13,Coffee,Georgia,13069.0,942,17.0,11.0,,,,-0.14
66341,2020-07-14,Coffee,Georgia,13069.0,954,17.0,12.0,,,,-0.27700001
66342,2020-07-15,Coffee,Georgia,13069.0,967,17.0,13.0,,,,-0.285
66343,2020-07-16,Coffee,Georgia,13069.0,993,17.0,26.0,,,,-0.285
66344,2020-07-17,Coffee,Georgia,13069.0,1006,18.0,13.0,,,,-0.28200001
66345,2020-07-18,Coffee,Georgia,13069.0,1034,18.0,28.0,,,,-0.31299999
66346,2020-07-19,Coffee,Georgia,13069.0,1049,18.0,15.0,,,,-0.31099999
66347,2020-07-20,Coffee,Georgia,13069.0,1055,18.0,6.0,,,,-0.212
66348,2020-07-21,Coffee,Georgia,13069.0,1071,19.0,16.0,,,,-0.23899999
66349,2020-07-22,Coffee,Georgia,13069.0,1080,21.0,9.0,,,,-0.34200001
66350,2020-07-23,Coffee,Georgia,13069.0,1099,21.0,19.0,,,,-0.23199999
66351,2020-07-24,Coffee,Georgia,13069.0,1156,22.0,57.0,,,,-0.226
66352,2020-07-25,Coffee,Georgia,13069.0,1184,22.0,28.0,,,,-0.29499999
66353,2020-07-26,Coffee,Georgia,13069.0,1198,22.0,14.0,,,,-0.2
66354,2020-07-27,Coffee,Georgia,13069.0,1208,22.0,10.0,,,,-0.28999999
66355,2020-07-28,Coffee,Georgia,13069.0,1236,23.0,28.0,,,,-0.28400001
66356,2020-07-29,Coffee,Georgia,13069.0,1245,23.0,9.0,,,,-0.28299999
66357,2020-07-30,Coffee,Georgia,13069.0,1281,24.0,36.0,,,,-0.34999999
66358,2020-07-31,Coffee,Georgia,13069.0,1299,24.0,18.0,,,,-0.12800001
66359,2020-08-01,Coffee,Georgia,13069.0,1324,25.0,25.0,,,,-0.127
66360,2020-08-02,Coffee,Georgia,13069.0,1341,25.0,17.0,,,,-0.29600000000000004
66361,2020-08-03,Coffee,Georgia,13069.0,1347,25.0,6.0,,,,-0.252
66362,2020-08-04,Coffee,Georgia,13069.0,1370,25.0,23.0,,,,-0.244
66363,2020-08-05,Coffee,Georgia,13069.0,1394,25.0,24.0,,,,0.068300001
66364,2020-08-06,Coffee,Georgia,13069.0,1416,25.0,22.0,,,,-0.013999999999999999
66365,2020-08-07,Coffee,Georgia,13069.0,1433,25.0,17.0,,,,-0.09809999900000001
66366,2020-08-08,Coffee,Georgia,13069.0,1447,28.0,14.0,,,,-0.109
66367,2020-08-09,Coffee,Georgia,13069.0,1462,28.0,15.0,,,,-0.11199999999999999
66368,2020-08-10,Coffee,Georgia,13069.0,1468,29.0,6.0,,,,-0.12800001
66369,2020-08-11,Coffee,Georgia,13069.0,1497,30.0,29.0,,,,-0.27900001
66370,2020-08-12,Coffee,Georgia,13069.0,1529,30.0,32.0,,,,-0.23
66371,2020-08-13,Coffee,Georgia,13069.0,1537,30.0,8.0,,,,-0.257
66372,2020-08-14,Coffee,Georgia,13069.0,1566,30.0,29.0,,,,-0.28
66373,2020-08-15,Coffee,Georgia,13069.0,1585,32.0,19.0,,,,-0.19899999999999998
66374,2020-08-16,Coffee,Georgia,13069.0,1591,32.0,6.0,,,,-0.0995
66375,2020-08-17,Coffee,Georgia,13069.0,1608,33.0,17.0,,,,-0.154
66376,2020-08-18,Coffee,Georgia,13069.0,1616,33.0,8.0,,,,-0.37900001
66377,2020-08-19,Coffee,Georgia,13069.0,1630,33.0,14.0,,,,-0.32800001
66378,2020-08-20,Coffee,Georgia,13069.0,1664,33.0,34.0,,,,-0.20299999
66379,2020-08-21,Coffee,Georgia,13069.0,1673,33.0,9.0,,,,-0.25999999
66380,2020-08-22,Coffee,Georgia,13069.0,1691,34.0,18.0,,,,-0.16500001
66381,2020-08-23,Coffee,Georgia,13069.0,1701,34.0,10.0,,,,-0.078500003
66382,2020-08-24,Coffee,Georgia,13069.0,1715,34.0,14.0,,,,-0.063000001
66383,2020-08-25,Coffee,Georgia,13069.0,1721,36.0,6.0,,,,0.0513
66384,2020-08-26,Coffee,Georgia,13069.0,1730,36.0,9.0,,,,-0.009770000400000001
66385,2020-08-27,Coffee,Georgia,13069.0,1751,36.0,21.0,,,,-0.134
66386,2020-08-28,Coffee,Georgia,13069.0,1767,36.0,16.0,,,,-0.0018399999999999998
66387,2020-08-29,Coffee,Georgia,13069.0,1776,37.0,9.0,,,,-0.0546
66388,2020-08-30,Coffee,Georgia,13069.0,1775,37.0,-1.0,,,,-0.17200001
66389,2020-08-31,Coffee,Georgia,13069.0,1793,37.0,18.0,,,,-0.125
66390,2020-09-01,Coffee,Georgia,13069.0,1797,37.0,4.0,,,,-0.080499999
66391,2020-09-02,Coffee,Georgia,13069.0,1807,38.0,10.0,,,,0.0126
66392,2020-09-03,Coffee,Georgia,13069.0,1829,38.0,22.0,,,,0.0275
66393,2020-09-04,Coffee,Georgia,13069.0,1845,38.0,16.0,,,,-0.121
66394,2020-09-05,Coffee,Georgia,13069.0,1859,38.0,14.0,,,,-0.072499998
66395,2020-09-06,Coffee,Georgia,13069.0,1861,38.0,2.0,,,,0.095799997
66396,2020-09-07,Coffee,Georgia,13069.0,1866,38.0,5.0,,,,0.071000002
66397,2020-09-08,Coffee,Georgia,13069.0,1874,38.0,8.0,,,,0.030200001
66398,2020-09-09,Coffee,Georgia,13069.0,1876,40.0,2.0,,,,-0.23199999
66399,2020-09-10,Coffee,Georgia,13069.0,1893,40.0,17.0,,,,-0.040399998
66400,2020-09-11,Coffee,Georgia,13069.0,1896,40.0,3.0,,,,0.0146
66401,2020-09-12,Coffee,Georgia,13069.0,1907,41.0,11.0,,,,-0.113
66402,2020-09-13,Coffee,Georgia,13069.0,1910,41.0,3.0,,,,-0.134
66403,2020-09-14,Coffee,Georgia,13069.0,1913,41.0,3.0,,,,-0.13600001
66404,2020-09-15,Coffee,Georgia,13069.0,1912,41.0,-1.0,,,,0.0090100002
66405,2020-09-16,Coffee,Georgia,13069.0,1932,41.0,20.0,,,,0.040399998
66406,2020-09-17,Coffee,Georgia,13069.0,1940,42.0,8.0,,,,0.019099999
66407,2020-09-18,Coffee,Georgia,13069.0,1963,42.0,23.0,,,,0.16699999999999998
66408,2020-09-19,Coffee,Georgia,13069.0,1976,43.0,13.0,,,,0.25999999
66409,2020-09-20,Coffee,Georgia,13069.0,1981,43.0,5.0,,,,0.18099999
66410,2020-09-21,Coffee,Georgia,13069.0,1982,43.0,1.0,,,,0.212
66411,2020-09-22,Coffee,Georgia,13069.0,2004,43.0,22.0,,,,0.175
66412,2020-09-23,Coffee,Georgia,13069.0,2009,43.0,5.0,,,,0.16500001
66413,2020-09-24,Coffee,Georgia,13069.0,2026,47.0,17.0,,,,0.11199999999999999
66414,2020-09-25,Coffee,Georgia,13069.0,2036,48.0,10.0,,,,-0.08510000300000001
66415,2020-09-26,Coffee,Georgia,13069.0,2043,49.0,7.0,,,,-0.25
66416,2020-09-27,Coffee,Georgia,13069.0,2053,49.0,10.0,,,,-0.192
66417,2020-09-28,Coffee,Georgia,13069.0,2056,49.0,3.0,,,,-0.18899999999999997
66418,2020-09-29,Coffee,Georgia,13069.0,2061,50.0,5.0,,,,-0.16500001
66419,2020-09-30,Coffee,Georgia,13069.0,2070,50.0,9.0,,,,-0.22400001
66420,2020-10-01,Coffee,Georgia,13069.0,2079,50.0,9.0,,,,-0.249
66421,2020-10-02,Coffee,Georgia,13069.0,2084,51.0,5.0,,,,-0.00036400001
66422,2020-10-03,Coffee,Georgia,13069.0,2094,51.0,10.0,,,,0.0143
66423,2020-10-04,Coffee,Georgia,13069.0,2096,52.0,2.0,,,,-0.0341
66424,2020-10-05,Coffee,Georgia,13069.0,2304,53.0,208.0,,,,0.071099997
66425,2020-10-06,Coffee,Georgia,13069.0,2306,54.0,2.0,,,,0.093800001
66426,2020-10-07,Coffee,Georgia,13069.0,2325,54.0,19.0,,,,0.26300001
66427,2020-10-08,Coffee,Georgia,13069.0,2334,54.0,9.0,,,,0.18700001
66428,2020-10-09,Coffee,Georgia,13069.0,2345,55.0,11.0,,,,0.38699999
66429,2020-10-10,Coffee,Georgia,13069.0,2351,56.0,6.0,,,,0.315
66430,2020-10-11,Coffee,Georgia,13069.0,2353,57.0,2.0,,,,0.354
66431,2020-10-12,Coffee,Georgia,13069.0,2355,57.0,2.0,,,,0.26899999
66432,2020-10-13,Coffee,Georgia,13069.0,2356,57.0,1.0,,,,0.18799999
66433,2020-10-14,Coffee,Georgia,13069.0,2360,57.0,4.0,,,,0.069700003
66434,2020-10-15,Coffee,Georgia,13069.0,2374,57.0,14.0,,,,-0.02
66435,2020-10-16,Coffee,Georgia,13069.0,2386,57.0,12.0,,,,-0.092900001
66436,2020-10-17,Coffee,Georgia,13069.0,2388,58.0,2.0,,,,0.045699999000000005
66437,2020-10-18,Coffee,Georgia,13069.0,2391,59.0,3.0,,,,0.058800001
66438,2020-10-19,Coffee,Georgia,13069.0,2409,59.0,18.0,,,,-0.1
66439,2020-10-20,Coffee,Georgia,13069.0,2415,59.0,6.0,,,,-0.15700001
66440,2020-10-21,Coffee,Georgia,13069.0,2422,60.0,7.0,,,,-0.16599999
66441,2020-10-22,Coffee,Georgia,13069.0,2437,60.0,15.0,,,,-0.0898
66442,2020-10-23,Coffee,Georgia,13069.0,2452,60.0,15.0,,,,-0.0788
66443,2020-10-24,Coffee,Georgia,13069.0,2462,60.0,10.0,,,,-0.183
66444,2020-10-25,Coffee,Georgia,13069.0,2464,60.0,2.0,,,,-0.20100001
66445,2020-10-26,Coffee,Georgia,13069.0,2475,60.0,11.0,,,,-0.075999998
66446,2020-10-27,Coffee,Georgia,13069.0,2486,60.0,11.0,,,,0.0109
66447,2020-10-28,Coffee,Georgia,13069.0,2491,60.0,5.0,,,,0.057599999000000006
66448,2020-10-29,Coffee,Georgia,13069.0,2505,62.0,14.0,,,,0.048099998
66449,2020-10-30,Coffee,Georgia,13069.0,2527,63.0,22.0,,,,0.15000001
66450,2020-10-31,Coffee,Georgia,13069.0,2534,64.0,7.0,,,,0.037300002
66451,2020-11-01,Coffee,Georgia,13069.0,2536,64.0,2.0,,,,0.0339
66452,2020-11-02,Coffee,Georgia,13069.0,2550,64.0,14.0,,,,0.076499999
66453,2020-11-03,Coffee,Georgia,13069.0,2558,64.0,8.0,,,,0.0055399998
66454,2020-11-04,Coffee,Georgia,13069.0,2577,67.0,19.0,,,,-0.248
66455,2020-11-05,Coffee,Georgia,13069.0,2587,68.0,10.0,,,,-0.32800001
66456,2020-11-06,Coffee,Georgia,13069.0,2608,68.0,21.0,,,,-0.15800001
66457,2020-11-07,Coffee,Georgia,13069.0,2625,68.0,17.0,,,,-0.08269999900000001
66458,2020-11-08,Coffee,Georgia,13069.0,2629,68.0,4.0,,,,-0.065899998
66459,2020-11-09,Coffee,Georgia,13069.0,2637,68.0,8.0,,,,-0.177
66460,2020-11-10,Coffee,Georgia,13069.0,2639,68.0,2.0,,,,-0.12
66461,2020-11-11,Coffee,Georgia,13069.0,2650,70.0,11.0,,,,-0.0348
66462,2020-11-12,Coffee,Georgia,13069.0,2665,70.0,15.0,,,,-0.0244
66463,2020-11-13,Coffee,Georgia,13069.0,2688,70.0,23.0,,,,-0.061099999
66464,2020-11-14,Coffee,Georgia,13069.0,2703,71.0,15.0,,,,0.10099999999999999
66465,2020-11-15,Coffee,Georgia,13069.0,2708,71.0,5.0,,,,0.0066800001
66466,2020-11-16,Coffee,Georgia,13069.0,2722,71.0,14.0,,,,-0.041999999
66467,2020-11-17,Coffee,Georgia,13069.0,2750,72.0,28.0,,,,-0.0722
66468,2020-11-18,Coffee,Georgia,13069.0,2767,72.0,17.0,,,,0.069399998
66469,2020-11-19,Coffee,Georgia,13069.0,2789,73.0,22.0,,,,0.154
66470,2020-11-20,Coffee,Georgia,13069.0,2811,74.0,22.0,,,,0.084600002
66471,2020-11-21,Coffee,Georgia,13069.0,2839,74.0,28.0,,,,-0.023700001000000002
66472,2020-11-22,Coffee,Georgia,13069.0,2843,74.0,4.0,,,,0.033399999
