,date,county,state,fips,cases,deaths,new_cases,emp_combined,emp_combined_inclow,revenue_all,spend_all
67469,2020-03-25,Decatur,Georgia,13087.0,1,0.0,0.0,,,,-0.0372
67470,2020-03-26,Decatur,Georgia,13087.0,2,0.0,1.0,,,,-0.097099997
67471,2020-03-27,Decatur,Georgia,13087.0,3,0.0,1.0,,,,-0.138
67472,2020-03-28,Decatur,Georgia,13087.0,4,0.0,1.0,,,,-0.19899999999999998
67473,2020-03-29,Decatur,Georgia,13087.0,4,0.0,0.0,,,,-0.235
67474,2020-03-30,Decatur,Georgia,13087.0,6,0.0,2.0,,,,-0.264
67475,2020-03-31,Decatur,Georgia,13087.0,8,0.0,2.0,,,,-0.255
67476,2020-04-01,Decatur,Georgia,13087.0,8,0.0,0.0,,,,-0.233
67477,2020-04-02,Decatur,Georgia,13087.0,10,0.0,2.0,,,,-0.18600000000000003
67478,2020-04-03,Decatur,Georgia,13087.0,16,0.0,6.0,,,,-0.17600000000000002
67479,2020-04-04,Decatur,Georgia,13087.0,16,0.0,0.0,,,,-0.155
67480,2020-04-05,Decatur,Georgia,13087.0,17,0.0,1.0,,,,-0.15000001
67481,2020-04-06,Decatur,Georgia,13087.0,13,0.0,-4.0,,,,-0.13
67482,2020-04-07,Decatur,Georgia,13087.0,21,0.0,8.0,,,,-0.154
67483,2020-04-08,Decatur,Georgia,13087.0,22,0.0,1.0,,,,-0.156
67484,2020-04-09,Decatur,Georgia,13087.0,25,0.0,3.0,,,,-0.163
67485,2020-04-10,Decatur,Georgia,13087.0,27,0.0,2.0,,,,-0.133
67486,2020-04-11,Decatur,Georgia,13087.0,28,0.0,1.0,,,,-0.125
67487,2020-04-12,Decatur,Georgia,13087.0,29,0.0,1.0,,,,-0.124
67488,2020-04-13,Decatur,Georgia,13087.0,39,0.0,10.0,,,,-0.153
67489,2020-04-14,Decatur,Georgia,13087.0,46,0.0,7.0,,,,-0.098700002
67490,2020-04-15,Decatur,Georgia,13087.0,51,0.0,5.0,,,,0.025599999
67491,2020-04-16,Decatur,Georgia,13087.0,55,0.0,4.0,,,,0.10300000000000001
67492,2020-04-17,Decatur,Georgia,13087.0,55,0.0,0.0,,,,0.114
67493,2020-04-18,Decatur,Georgia,13087.0,55,0.0,0.0,,,,0.139
67494,2020-04-19,Decatur,Georgia,13087.0,62,1.0,7.0,,,,0.22499999
67495,2020-04-20,Decatur,Georgia,13087.0,60,1.0,-2.0,,,,0.27599999
67496,2020-04-21,Decatur,Georgia,13087.0,53,1.0,-7.0,,,,0.32600001
67497,2020-04-22,Decatur,Georgia,13087.0,50,1.0,-3.0,,,,0.22400001
67498,2020-04-23,Decatur,Georgia,13087.0,61,1.0,11.0,,,,0.114
67499,2020-04-24,Decatur,Georgia,13087.0,59,1.0,-2.0,,,,0.125
67500,2020-04-25,Decatur,Georgia,13087.0,60,1.0,1.0,,,,0.168
67501,2020-04-26,Decatur,Georgia,13087.0,60,1.0,0.0,,,,0.109
67502,2020-04-27,Decatur,Georgia,13087.0,64,1.0,4.0,,,,0.125
67503,2020-04-28,Decatur,Georgia,13087.0,66,1.0,2.0,,,,0.0744
67504,2020-04-29,Decatur,Georgia,13087.0,81,1.0,15.0,,,,0.147
67505,2020-04-30,Decatur,Georgia,13087.0,83,1.0,2.0,,,,0.22
67506,2020-05-01,Decatur,Georgia,13087.0,87,1.0,4.0,,,,0.30000001
67507,2020-05-02,Decatur,Georgia,13087.0,90,1.0,3.0,,,,0.26199999
67508,2020-05-03,Decatur,Georgia,13087.0,91,1.0,1.0,,,,0.303
67509,2020-05-04,Decatur,Georgia,13087.0,94,1.0,3.0,,,,0.32100001
67510,2020-05-05,Decatur,Georgia,13087.0,96,2.0,2.0,,,,0.35100001
67511,2020-05-06,Decatur,Georgia,13087.0,105,2.0,9.0,,,,0.30000001
67512,2020-05-07,Decatur,Georgia,13087.0,105,2.0,0.0,,,,0.22899999999999998
67513,2020-05-08,Decatur,Georgia,13087.0,109,2.0,4.0,,,,0.20999999
67514,2020-05-09,Decatur,Georgia,13087.0,109,2.0,0.0,,,,0.257
67515,2020-05-10,Decatur,Georgia,13087.0,109,2.0,0.0,,,,0.214
67516,2020-05-11,Decatur,Georgia,13087.0,109,3.0,0.0,,,,0.17299999
67517,2020-05-12,Decatur,Georgia,13087.0,113,3.0,4.0,,,,0.15700001
67518,2020-05-13,Decatur,Georgia,13087.0,115,3.0,2.0,,,,0.20999999
67519,2020-05-14,Decatur,Georgia,13087.0,115,3.0,0.0,,,,0.233
67520,2020-05-15,Decatur,Georgia,13087.0,116,3.0,1.0,,,,0.27000001
67521,2020-05-16,Decatur,Georgia,13087.0,116,3.0,0.0,,,,0.243
67522,2020-05-17,Decatur,Georgia,13087.0,116,3.0,0.0,,,,0.27200001
67523,2020-05-18,Decatur,Georgia,13087.0,128,4.0,12.0,,,,0.29899999
67524,2020-05-19,Decatur,Georgia,13087.0,131,4.0,3.0,,,,0.29699999
67525,2020-05-20,Decatur,Georgia,13087.0,140,4.0,9.0,,,,0.226
67526,2020-05-21,Decatur,Georgia,13087.0,144,4.0,4.0,,,,0.19499999
67527,2020-05-22,Decatur,Georgia,13087.0,145,4.0,1.0,,,,0.145
67528,2020-05-23,Decatur,Georgia,13087.0,145,4.0,0.0,,,,0.13699999
67529,2020-05-24,Decatur,Georgia,13087.0,146,4.0,1.0,,,,0.162
67530,2020-05-25,Decatur,Georgia,13087.0,153,4.0,7.0,,,,0.145
67531,2020-05-26,Decatur,Georgia,13087.0,156,4.0,3.0,,,,0.15000001
67532,2020-05-27,Decatur,Georgia,13087.0,161,4.0,5.0,,,,0.142
67533,2020-05-28,Decatur,Georgia,13087.0,181,4.0,20.0,,,,0.15899999
67534,2020-05-29,Decatur,Georgia,13087.0,185,4.0,4.0,,,,0.20999999
67535,2020-05-30,Decatur,Georgia,13087.0,186,4.0,1.0,,,,0.19599999
67536,2020-05-31,Decatur,Georgia,13087.0,186,5.0,0.0,,,,0.13
67537,2020-06-01,Decatur,Georgia,13087.0,194,5.0,8.0,,,,0.16
67538,2020-06-02,Decatur,Georgia,13087.0,204,5.0,10.0,,,,0.133
67539,2020-06-03,Decatur,Georgia,13087.0,206,5.0,2.0,,,,0.10300000000000001
67540,2020-06-04,Decatur,Georgia,13087.0,205,6.0,-1.0,,,,0.096900001
67541,2020-06-05,Decatur,Georgia,13087.0,207,6.0,2.0,,,,0.09799999699999999
67542,2020-06-06,Decatur,Georgia,13087.0,209,6.0,2.0,,,,0.13699999
67543,2020-06-07,Decatur,Georgia,13087.0,209,6.0,0.0,,,,0.177
67544,2020-06-08,Decatur,Georgia,13087.0,214,6.0,5.0,,,,0.14800000000000002
67545,2020-06-09,Decatur,Georgia,13087.0,218,6.0,4.0,,,,0.171
67546,2020-06-10,Decatur,Georgia,13087.0,219,7.0,1.0,,,,0.19899999999999998
67547,2020-06-11,Decatur,Georgia,13087.0,219,7.0,0.0,,,,0.228
67548,2020-06-12,Decatur,Georgia,13087.0,222,7.0,3.0,,,,0.20999999
67549,2020-06-13,Decatur,Georgia,13087.0,223,7.0,1.0,,,,0.09790000300000001
67550,2020-06-14,Decatur,Georgia,13087.0,224,7.0,1.0,,,,0.067699999
67551,2020-06-15,Decatur,Georgia,13087.0,224,8.0,0.0,,,,0.0513
67552,2020-06-16,Decatur,Georgia,13087.0,236,8.0,12.0,,,,0.093800001
67553,2020-06-17,Decatur,Georgia,13087.0,235,8.0,-1.0,,,,0.12800001
67554,2020-06-18,Decatur,Georgia,13087.0,239,8.0,4.0,,,,0.121
67555,2020-06-19,Decatur,Georgia,13087.0,242,8.0,3.0,,,,0.115
67556,2020-06-20,Decatur,Georgia,13087.0,243,8.0,1.0,,,,0.221
67557,2020-06-21,Decatur,Georgia,13087.0,243,8.0,0.0,,,,0.25799999
67558,2020-06-22,Decatur,Georgia,13087.0,244,8.0,1.0,,,,0.27500001
67559,2020-06-23,Decatur,Georgia,13087.0,245,8.0,1.0,,,,0.205
67560,2020-06-24,Decatur,Georgia,13087.0,246,8.0,1.0,,,,0.192
67561,2020-06-25,Decatur,Georgia,13087.0,248,8.0,2.0,,,,0.18799999
67562,2020-06-26,Decatur,Georgia,13087.0,249,8.0,1.0,,,,0.18000001
67563,2020-06-27,Decatur,Georgia,13087.0,249,8.0,0.0,,,,0.13
67564,2020-06-28,Decatur,Georgia,13087.0,249,8.0,0.0,,,,0.06459999799999999
67565,2020-06-29,Decatur,Georgia,13087.0,250,8.0,1.0,,,,0.062700003
67566,2020-06-30,Decatur,Georgia,13087.0,253,8.0,3.0,,,,0.105
67567,2020-07-01,Decatur,Georgia,13087.0,253,8.0,0.0,,,,0.10300000000000001
67568,2020-07-02,Decatur,Georgia,13087.0,261,8.0,8.0,,,,0.113
67569,2020-07-03,Decatur,Georgia,13087.0,262,8.0,1.0,,,,0.0999
67570,2020-07-04,Decatur,Georgia,13087.0,266,8.0,4.0,,,,0.15000001
67571,2020-07-05,Decatur,Georgia,13087.0,268,8.0,2.0,,,,0.19899999999999998
67572,2020-07-06,Decatur,Georgia,13087.0,265,8.0,-3.0,,,,0.2
67573,2020-07-07,Decatur,Georgia,13087.0,268,8.0,3.0,,,,0.18099999
67574,2020-07-08,Decatur,Georgia,13087.0,271,8.0,3.0,,,,0.20100001
67575,2020-07-09,Decatur,Georgia,13087.0,282,8.0,11.0,,,,0.214
67576,2020-07-10,Decatur,Georgia,13087.0,301,8.0,19.0,,,,0.205
67577,2020-07-11,Decatur,Georgia,13087.0,310,8.0,9.0,,,,0.19699999999999998
67578,2020-07-12,Decatur,Georgia,13087.0,312,8.0,2.0,,,,0.20800000000000002
67579,2020-07-13,Decatur,Georgia,13087.0,318,8.0,6.0,,,,0.153
67580,2020-07-14,Decatur,Georgia,13087.0,324,8.0,6.0,,,,0.15899999
67581,2020-07-15,Decatur,Georgia,13087.0,337,8.0,13.0,,,,0.132
67582,2020-07-16,Decatur,Georgia,13087.0,343,8.0,6.0,,,,0.105
67583,2020-07-17,Decatur,Georgia,13087.0,346,8.0,3.0,,,,0.121
67584,2020-07-18,Decatur,Georgia,13087.0,365,8.0,19.0,,,,0.15700001
67585,2020-07-19,Decatur,Georgia,13087.0,377,8.0,12.0,,,,0.2
67586,2020-07-20,Decatur,Georgia,13087.0,383,8.0,6.0,,,,0.19499999
67587,2020-07-21,Decatur,Georgia,13087.0,398,8.0,15.0,,,,0.237
67588,2020-07-22,Decatur,Georgia,13087.0,417,8.0,19.0,,,,0.271
67589,2020-07-23,Decatur,Georgia,13087.0,445,8.0,28.0,,,,0.322
67590,2020-07-24,Decatur,Georgia,13087.0,469,8.0,24.0,,,,0.315
67591,2020-07-25,Decatur,Georgia,13087.0,496,8.0,27.0,,,,0.29600000000000004
67592,2020-07-26,Decatur,Georgia,13087.0,505,8.0,9.0,,,,0.27700001
67593,2020-07-27,Decatur,Georgia,13087.0,515,8.0,10.0,,,,0.26499999
67594,2020-07-28,Decatur,Georgia,13087.0,541,8.0,26.0,,,,0.214
67595,2020-07-29,Decatur,Georgia,13087.0,564,8.0,23.0,,,,0.19599999
67596,2020-07-30,Decatur,Georgia,13087.0,588,8.0,24.0,,,,0.146
67597,2020-07-31,Decatur,Georgia,13087.0,604,8.0,16.0,,,,0.15700001
67598,2020-08-01,Decatur,Georgia,13087.0,630,8.0,26.0,,,,0.139
67599,2020-08-02,Decatur,Georgia,13087.0,666,8.0,36.0,,,,0.11900000000000001
67600,2020-08-03,Decatur,Georgia,13087.0,677,8.0,11.0,,,,0.16399999999999998
67601,2020-08-04,Decatur,Georgia,13087.0,691,8.0,14.0,,,,0.191
67602,2020-08-05,Decatur,Georgia,13087.0,711,10.0,20.0,,,,0.17600000000000002
67603,2020-08-06,Decatur,Georgia,13087.0,728,10.0,17.0,,,,0.19499999
67604,2020-08-07,Decatur,Georgia,13087.0,750,10.0,22.0,,,,0.205
67605,2020-08-08,Decatur,Georgia,13087.0,770,11.0,20.0,,,,0.222
67606,2020-08-09,Decatur,Georgia,13087.0,793,11.0,23.0,,,,0.27000001
67607,2020-08-10,Decatur,Georgia,13087.0,797,11.0,4.0,,,,0.26499999
67608,2020-08-11,Decatur,Georgia,13087.0,809,14.0,12.0,,,,0.213
67609,2020-08-12,Decatur,Georgia,13087.0,834,16.0,25.0,,,,0.26800001
67610,2020-08-13,Decatur,Georgia,13087.0,837,16.0,3.0,,,,0.29300001
67611,2020-08-14,Decatur,Georgia,13087.0,845,16.0,8.0,,,,0.308
67612,2020-08-15,Decatur,Georgia,13087.0,839,17.0,-6.0,,,,0.32600001
67613,2020-08-16,Decatur,Georgia,13087.0,846,17.0,7.0,,,,0.287
67614,2020-08-17,Decatur,Georgia,13087.0,850,17.0,4.0,,,,0.29499999
67615,2020-08-18,Decatur,Georgia,13087.0,860,18.0,10.0,,,,0.315
67616,2020-08-19,Decatur,Georgia,13087.0,870,18.0,10.0,,,,0.28299999
67617,2020-08-20,Decatur,Georgia,13087.0,883,18.0,13.0,,,,0.26699999
67618,2020-08-21,Decatur,Georgia,13087.0,902,19.0,19.0,,,,0.23800001
67619,2020-08-22,Decatur,Georgia,13087.0,915,19.0,13.0,,,,0.18099999
67620,2020-08-23,Decatur,Georgia,13087.0,918,19.0,3.0,,,,0.16599999
67621,2020-08-24,Decatur,Georgia,13087.0,923,20.0,5.0,,,,0.13
67622,2020-08-25,Decatur,Georgia,13087.0,929,20.0,6.0,,,,0.11900000000000001
67623,2020-08-26,Decatur,Georgia,13087.0,949,20.0,20.0,,,,0.12
67624,2020-08-27,Decatur,Georgia,13087.0,958,21.0,9.0,,,,0.12800001
67625,2020-08-28,Decatur,Georgia,13087.0,968,21.0,10.0,,,,0.13
67626,2020-08-29,Decatur,Georgia,13087.0,980,21.0,12.0,,,,0.17200001
67627,2020-08-30,Decatur,Georgia,13087.0,986,21.0,6.0,,,,0.115
67628,2020-08-31,Decatur,Georgia,13087.0,990,21.0,4.0,,,,0.142
67629,2020-09-01,Decatur,Georgia,13087.0,992,21.0,2.0,,,,0.16399999999999998
67630,2020-09-02,Decatur,Georgia,13087.0,999,22.0,7.0,,,,0.18899999999999997
67631,2020-09-03,Decatur,Georgia,13087.0,1007,22.0,8.0,,,,0.22699999999999998
67632,2020-09-04,Decatur,Georgia,13087.0,1012,22.0,5.0,,,,0.23399999999999999
67633,2020-09-05,Decatur,Georgia,13087.0,1014,22.0,2.0,,,,0.15700001
67634,2020-09-06,Decatur,Georgia,13087.0,1014,22.0,0.0,,,,0.292
67635,2020-09-07,Decatur,Georgia,13087.0,1021,22.0,7.0,,,,0.255
67636,2020-09-08,Decatur,Georgia,13087.0,1030,22.0,9.0,,,,0.193
67637,2020-09-09,Decatur,Georgia,13087.0,1040,22.0,10.0,,,,0.13500001
67638,2020-09-10,Decatur,Georgia,13087.0,1044,22.0,4.0,,,,0.10400000000000001
67639,2020-09-11,Decatur,Georgia,13087.0,1050,23.0,6.0,,,,0.070799999
67640,2020-09-12,Decatur,Georgia,13087.0,1060,23.0,10.0,,,,0.125
67641,2020-09-13,Decatur,Georgia,13087.0,1064,24.0,4.0,,,,0.096000001
67642,2020-09-14,Decatur,Georgia,13087.0,1066,24.0,2.0,,,,0.059000000000000004
67643,2020-09-15,Decatur,Georgia,13087.0,1068,24.0,2.0,,,,0.076099999
67644,2020-09-16,Decatur,Georgia,13087.0,1080,24.0,12.0,,,,0.075000003
67645,2020-09-17,Decatur,Georgia,13087.0,1082,25.0,2.0,,,,0.081600003
67646,2020-09-18,Decatur,Georgia,13087.0,1087,26.0,5.0,,,,0.11900000000000001
67647,2020-09-19,Decatur,Georgia,13087.0,1100,27.0,13.0,,,,0.12300000000000001
67648,2020-09-20,Decatur,Georgia,13087.0,1108,27.0,8.0,,,,0.13699999
67649,2020-09-21,Decatur,Georgia,13087.0,1115,27.0,7.0,,,,0.161
67650,2020-09-22,Decatur,Georgia,13087.0,1121,29.0,6.0,,,,0.139
67651,2020-09-23,Decatur,Georgia,13087.0,1122,29.0,1.0,,,,0.182
67652,2020-09-24,Decatur,Georgia,13087.0,1124,29.0,2.0,,,,0.18099999
67653,2020-09-25,Decatur,Georgia,13087.0,1133,29.0,9.0,,,,0.177
67654,2020-09-26,Decatur,Georgia,13087.0,1146,29.0,13.0,,,,0.215
67655,2020-09-27,Decatur,Georgia,13087.0,1149,29.0,3.0,,,,0.207
67656,2020-09-28,Decatur,Georgia,13087.0,1155,29.0,6.0,,,,0.19599999
67657,2020-09-29,Decatur,Georgia,13087.0,1156,29.0,1.0,,,,0.22400001
67658,2020-09-30,Decatur,Georgia,13087.0,1165,29.0,9.0,,,,0.21899999999999997
67659,2020-10-01,Decatur,Georgia,13087.0,1173,29.0,8.0,,,,0.243
67660,2020-10-02,Decatur,Georgia,13087.0,1181,29.0,8.0,,,,0.248
67661,2020-10-03,Decatur,Georgia,13087.0,1200,29.0,19.0,,,,0.16399999999999998
67662,2020-10-04,Decatur,Georgia,13087.0,1206,29.0,6.0,,,,0.11900000000000001
67663,2020-10-05,Decatur,Georgia,13087.0,1256,32.0,50.0,,,,0.115
67664,2020-10-06,Decatur,Georgia,13087.0,1261,32.0,5.0,,,,0.10099999999999999
67665,2020-10-07,Decatur,Georgia,13087.0,1264,32.0,3.0,,,,0.053800002
67666,2020-10-08,Decatur,Georgia,13087.0,1274,33.0,10.0,,,,0.0242
67667,2020-10-09,Decatur,Georgia,13087.0,1275,33.0,1.0,,,,0.0139
67668,2020-10-10,Decatur,Georgia,13087.0,1279,34.0,4.0,,,,0.049400002
67669,2020-10-11,Decatur,Georgia,13087.0,1280,34.0,1.0,,,,0.0792
67670,2020-10-12,Decatur,Georgia,13087.0,1299,34.0,19.0,,,,0.13500001
67671,2020-10-13,Decatur,Georgia,13087.0,1300,34.0,1.0,,,,0.11599999999999999
67672,2020-10-14,Decatur,Georgia,13087.0,1304,34.0,4.0,,,,0.095899999
67673,2020-10-15,Decatur,Georgia,13087.0,1311,34.0,7.0,,,,0.115
67674,2020-10-16,Decatur,Georgia,13087.0,1316,34.0,5.0,,,,0.084299996
67675,2020-10-17,Decatur,Georgia,13087.0,1319,34.0,3.0,,,,0.0285
67676,2020-10-18,Decatur,Georgia,13087.0,1322,34.0,3.0,,,,0.040100001
67677,2020-10-19,Decatur,Georgia,13087.0,1350,34.0,28.0,,,,0.0133
67678,2020-10-20,Decatur,Georgia,13087.0,1354,34.0,4.0,,,,-0.0164
67679,2020-10-21,Decatur,Georgia,13087.0,1358,34.0,4.0,,,,0.0061699999
67680,2020-10-22,Decatur,Georgia,13087.0,1363,34.0,5.0,,,,-0.0135
67681,2020-10-23,Decatur,Georgia,13087.0,1368,34.0,5.0,,,,0.031099999
67682,2020-10-24,Decatur,Georgia,13087.0,1377,34.0,9.0,,,,0.1
67683,2020-10-25,Decatur,Georgia,13087.0,1378,34.0,1.0,,,,0.079599999
67684,2020-10-26,Decatur,Georgia,13087.0,1415,34.0,37.0,,,,0.079300001
67685,2020-10-27,Decatur,Georgia,13087.0,1416,34.0,1.0,,,,0.086499996
67686,2020-10-28,Decatur,Georgia,13087.0,1421,34.0,5.0,,,,0.083700001
67687,2020-10-29,Decatur,Georgia,13087.0,1428,34.0,7.0,,,,0.11900000000000001
67688,2020-10-30,Decatur,Georgia,13087.0,1432,35.0,4.0,,,,0.127
67689,2020-10-31,Decatur,Georgia,13087.0,1434,35.0,2.0,,,,0.06319999700000001
67690,2020-11-01,Decatur,Georgia,13087.0,1439,35.0,5.0,,,,0.058499999000000004
67691,2020-11-02,Decatur,Georgia,13087.0,1444,35.0,5.0,,,,0.102
67692,2020-11-03,Decatur,Georgia,13087.0,1444,35.0,0.0,,,,0.113
67693,2020-11-04,Decatur,Georgia,13087.0,1452,40.0,8.0,,,,0.109
67694,2020-11-05,Decatur,Georgia,13087.0,1455,40.0,3.0,,,,0.09839999699999999
67695,2020-11-06,Decatur,Georgia,13087.0,1462,40.0,7.0,,,,0.0491
67696,2020-11-07,Decatur,Georgia,13087.0,1470,40.0,8.0,,,,0.138
67697,2020-11-08,Decatur,Georgia,13087.0,1475,40.0,5.0,,,,0.162
67698,2020-11-09,Decatur,Georgia,13087.0,1480,41.0,5.0,,,,0.13
67699,2020-11-10,Decatur,Georgia,13087.0,1491,41.0,11.0,,,,0.125
67700,2020-11-11,Decatur,Georgia,13087.0,1493,42.0,2.0,,,,0.161
67701,2020-11-12,Decatur,Georgia,13087.0,1507,43.0,14.0,,,,0.142
67702,2020-11-13,Decatur,Georgia,13087.0,1520,43.0,13.0,,,,0.215
67703,2020-11-14,Decatur,Georgia,13087.0,1525,44.0,5.0,,,,0.171
67704,2020-11-15,Decatur,Georgia,13087.0,1527,44.0,2.0,,,,0.146
67705,2020-11-16,Decatur,Georgia,13087.0,1533,44.0,6.0,,,,0.156
67706,2020-11-17,Decatur,Georgia,13087.0,1535,44.0,2.0,,,,0.139
67707,2020-11-18,Decatur,Georgia,13087.0,1541,45.0,6.0,,,,0.15700001
67708,2020-11-19,Decatur,Georgia,13087.0,1552,46.0,11.0,,,,0.15800001
67709,2020-11-20,Decatur,Georgia,13087.0,1552,45.0,0.0,,,,0.12
67710,2020-11-21,Decatur,Georgia,13087.0,1562,45.0,10.0,,,,0.15099999
67711,2020-11-22,Decatur,Georgia,13087.0,1562,45.0,0.0,,,,0.184
