,date,county,state,fips,cases,deaths,new_cases,emp_combined,emp_combined_inclow,revenue_all,spend_all
70464,2020-03-30,Gilmer,Georgia,13123.0,1,0.0,0.0,,,,-0.142
70465,2020-03-31,Gilmer,Georgia,13123.0,1,0.0,0.0,,,,-0.142
70466,2020-04-01,Gilmer,Georgia,13123.0,1,0.0,0.0,,,,-0.198
70467,2020-04-02,Gilmer,Georgia,13123.0,1,0.0,0.0,,,,-0.26899999
70468,2020-04-03,Gilmer,Georgia,13123.0,1,0.0,0.0,,,,-0.40599999
70469,2020-04-04,Gilmer,Georgia,13123.0,1,0.0,0.0,,,,-0.419
70470,2020-04-05,Gilmer,Georgia,13123.0,1,0.0,0.0,,,,-0.359
70471,2020-04-06,Gilmer,Georgia,13123.0,2,0.0,1.0,,,,-0.33899999
70472,2020-04-07,Gilmer,Georgia,13123.0,3,0.0,1.0,,,,-0.39500001
70473,2020-04-08,Gilmer,Georgia,13123.0,4,0.0,1.0,,,,-0.433
70474,2020-04-09,Gilmer,Georgia,13123.0,4,0.0,0.0,,,,-0.41200000000000003
70475,2020-04-10,Gilmer,Georgia,13123.0,6,0.0,2.0,,,,-0.23999999
70476,2020-04-11,Gilmer,Georgia,13123.0,6,0.0,0.0,,,,-0.0513
70477,2020-04-12,Gilmer,Georgia,13123.0,7,0.0,1.0,,,,-0.192
70478,2020-04-13,Gilmer,Georgia,13123.0,7,0.0,0.0,,,,-0.259
70479,2020-04-14,Gilmer,Georgia,13123.0,7,0.0,0.0,,,,-0.243
70480,2020-04-15,Gilmer,Georgia,13123.0,7,0.0,0.0,,,,-0.17800000000000002
70481,2020-04-16,Gilmer,Georgia,13123.0,8,0.0,1.0,,,,-0.154
70482,2020-04-17,Gilmer,Georgia,13123.0,10,0.0,2.0,,,,-0.26199999
70483,2020-04-18,Gilmer,Georgia,13123.0,11,0.0,1.0,,,,-0.31600001
70484,2020-04-19,Gilmer,Georgia,13123.0,12,0.0,1.0,,,,-0.19899999999999998
70485,2020-04-20,Gilmer,Georgia,13123.0,15,0.0,3.0,,,,-0.133
70486,2020-04-21,Gilmer,Georgia,13123.0,19,0.0,4.0,,,,-0.089000002
70487,2020-04-22,Gilmer,Georgia,13123.0,20,0.0,1.0,,,,-0.031500001
70488,2020-04-23,Gilmer,Georgia,13123.0,28,0.0,8.0,,,,-0.193
70489,2020-04-24,Gilmer,Georgia,13123.0,31,0.0,3.0,,,,-0.315
70490,2020-04-25,Gilmer,Georgia,13123.0,36,0.0,5.0,,,,-0.155
70491,2020-04-26,Gilmer,Georgia,13123.0,46,0.0,10.0,,,,-0.18799999
70492,2020-04-27,Gilmer,Georgia,13123.0,54,0.0,8.0,,,,-0.23
70493,2020-04-28,Gilmer,Georgia,13123.0,57,0.0,3.0,,,,-0.19899999999999998
70494,2020-04-29,Gilmer,Georgia,13123.0,65,0.0,8.0,,,,-0.28999999
70495,2020-04-30,Gilmer,Georgia,13123.0,69,0.0,4.0,,,,-0.11599999999999999
70496,2020-05-01,Gilmer,Georgia,13123.0,69,0.0,0.0,,,,-0.0308
70497,2020-05-02,Gilmer,Georgia,13123.0,73,0.0,4.0,,,,-0.13
70498,2020-05-03,Gilmer,Georgia,13123.0,73,0.0,0.0,,,,-0.10400000000000001
70499,2020-05-04,Gilmer,Georgia,13123.0,77,0.0,4.0,,,,-0.00148
70500,2020-05-05,Gilmer,Georgia,13123.0,77,0.0,0.0,,,,-0.15800001
70501,2020-05-06,Gilmer,Georgia,13123.0,83,0.0,6.0,,,,-0.09000000400000001
70502,2020-05-07,Gilmer,Georgia,13123.0,89,0.0,6.0,,,,-0.067699999
70503,2020-05-08,Gilmer,Georgia,13123.0,89,0.0,0.0,,,,-0.11900000000000001
70504,2020-05-09,Gilmer,Georgia,13123.0,95,0.0,6.0,,,,-0.09629999800000001
70505,2020-05-10,Gilmer,Georgia,13123.0,97,0.0,2.0,,,,-0.14800000000000002
70506,2020-05-11,Gilmer,Georgia,13123.0,98,0.0,1.0,,,,-0.25400001
70507,2020-05-12,Gilmer,Georgia,13123.0,99,1.0,1.0,,,,-0.26300001
70508,2020-05-13,Gilmer,Georgia,13123.0,102,1.0,3.0,,,,-0.252
70509,2020-05-14,Gilmer,Georgia,13123.0,105,0.0,3.0,,,,-0.25799999
70510,2020-05-15,Gilmer,Georgia,13123.0,105,0.0,0.0,,,,-0.192
70511,2020-05-16,Gilmer,Georgia,13123.0,107,0.0,2.0,,,,-0.18700001
70512,2020-05-17,Gilmer,Georgia,13123.0,109,0.0,2.0,,,,-0.214
70513,2020-05-18,Gilmer,Georgia,13123.0,111,0.0,2.0,,,,-0.23800001
70514,2020-05-19,Gilmer,Georgia,13123.0,116,0.0,5.0,,,,-0.153
70515,2020-05-20,Gilmer,Georgia,13123.0,117,0.0,1.0,,,,0.11900000000000001
70516,2020-05-21,Gilmer,Georgia,13123.0,123,0.0,6.0,,,,0.17200001
70517,2020-05-22,Gilmer,Georgia,13123.0,126,0.0,3.0,,,,0.15800001
70518,2020-05-23,Gilmer,Georgia,13123.0,134,0.0,8.0,,,,0.073299997
70519,2020-05-24,Gilmer,Georgia,13123.0,135,0.0,1.0,,,,0.0007740000099999999
70520,2020-05-25,Gilmer,Georgia,13123.0,137,0.0,2.0,,,,0.19
70521,2020-05-26,Gilmer,Georgia,13123.0,139,0.0,2.0,,,,0.0060100001
70522,2020-05-27,Gilmer,Georgia,13123.0,145,0.0,6.0,,,,-0.226
70523,2020-05-28,Gilmer,Georgia,13123.0,148,0.0,3.0,,,,-0.0942
70524,2020-05-29,Gilmer,Georgia,13123.0,147,0.0,-1.0,,,,-0.183
70525,2020-05-30,Gilmer,Georgia,13123.0,149,0.0,2.0,,,,-0.15899999
70526,2020-05-31,Gilmer,Georgia,13123.0,153,0.0,4.0,,,,0.019099999
70527,2020-06-01,Gilmer,Georgia,13123.0,155,0.0,2.0,,,,-0.009859999599999999
70528,2020-06-02,Gilmer,Georgia,13123.0,156,1.0,1.0,,,,-0.072099999
70529,2020-06-03,Gilmer,Georgia,13123.0,157,1.0,1.0,,,,-0.207
70530,2020-06-04,Gilmer,Georgia,13123.0,158,1.0,1.0,,,,-0.25600001
70531,2020-06-05,Gilmer,Georgia,13123.0,159,1.0,1.0,,,,-0.12899999
70532,2020-06-06,Gilmer,Georgia,13123.0,160,1.0,1.0,,,,-0.155
70533,2020-06-07,Gilmer,Georgia,13123.0,160,1.0,0.0,,,,-0.2
70534,2020-06-08,Gilmer,Georgia,13123.0,160,1.0,0.0,,,,-0.12300000000000001
70535,2020-06-09,Gilmer,Georgia,13123.0,161,1.0,1.0,,,,-0.0546
70536,2020-06-10,Gilmer,Georgia,13123.0,166,1.0,5.0,,,,-0.0792
70537,2020-06-11,Gilmer,Georgia,13123.0,167,1.0,1.0,,,,0.0263
70538,2020-06-12,Gilmer,Georgia,13123.0,169,1.0,2.0,,,,-0.0047900002
70539,2020-06-13,Gilmer,Georgia,13123.0,168,1.0,-1.0,,,,0.0149
70540,2020-06-14,Gilmer,Georgia,13123.0,168,1.0,0.0,,,,0.11199999999999999
70541,2020-06-15,Gilmer,Georgia,13123.0,170,1.0,2.0,,,,0.087099999
70542,2020-06-16,Gilmer,Georgia,13123.0,172,2.0,2.0,,,,0.0298
70543,2020-06-17,Gilmer,Georgia,13123.0,176,2.0,4.0,,,,0.0284
70544,2020-06-18,Gilmer,Georgia,13123.0,175,2.0,-1.0,,,,-0.068899997
70545,2020-06-19,Gilmer,Georgia,13123.0,177,2.0,2.0,,,,-0.026699999
70546,2020-06-20,Gilmer,Georgia,13123.0,177,2.0,0.0,,,,0.0089199999
70547,2020-06-21,Gilmer,Georgia,13123.0,178,2.0,1.0,,,,-0.0115
70548,2020-06-22,Gilmer,Georgia,13123.0,178,2.0,0.0,,,,0.0112
70549,2020-06-23,Gilmer,Georgia,13123.0,176,2.0,-2.0,,,,0.025800001
70550,2020-06-24,Gilmer,Georgia,13123.0,180,2.0,4.0,,,,0.22400001
70551,2020-06-25,Gilmer,Georgia,13123.0,181,2.0,1.0,,,,0.26699999
70552,2020-06-26,Gilmer,Georgia,13123.0,181,2.0,0.0,,,,0.15800001
70553,2020-06-27,Gilmer,Georgia,13123.0,181,2.0,0.0,,,,0.16
70554,2020-06-28,Gilmer,Georgia,13123.0,181,2.0,0.0,,,,0.075599998
70555,2020-06-29,Gilmer,Georgia,13123.0,185,2.0,4.0,,,,0.0107
70556,2020-06-30,Gilmer,Georgia,13123.0,184,2.0,-1.0,,,,0.083300002
70557,2020-07-01,Gilmer,Georgia,13123.0,189,2.0,5.0,,,,0.16899999999999998
70558,2020-07-02,Gilmer,Georgia,13123.0,191,2.0,2.0,,,,0.073200002
70559,2020-07-03,Gilmer,Georgia,13123.0,193,2.0,2.0,,,,0.0149
70560,2020-07-04,Gilmer,Georgia,13123.0,195,2.0,2.0,,,,0.049600001
70561,2020-07-05,Gilmer,Georgia,13123.0,196,2.0,1.0,,,,0.102
70562,2020-07-06,Gilmer,Georgia,13123.0,196,2.0,0.0,,,,0.076899998
70563,2020-07-07,Gilmer,Georgia,13123.0,197,2.0,1.0,,,,-0.07540000200000001
70564,2020-07-08,Gilmer,Georgia,13123.0,202,2.0,5.0,,,,0.0162
70565,2020-07-09,Gilmer,Georgia,13123.0,216,2.0,14.0,,,,0.039900001000000004
70566,2020-07-10,Gilmer,Georgia,13123.0,229,2.0,13.0,,,,0.056200001
70567,2020-07-11,Gilmer,Georgia,13123.0,239,2.0,10.0,,,,0.161
70568,2020-07-12,Gilmer,Georgia,13123.0,241,2.0,2.0,,,,0.244
70569,2020-07-13,Gilmer,Georgia,13123.0,257,2.0,16.0,,,,0.085299999
70570,2020-07-14,Gilmer,Georgia,13123.0,262,2.0,5.0,,,,0.15700001
70571,2020-07-15,Gilmer,Georgia,13123.0,311,2.0,49.0,,,,0.146
70572,2020-07-16,Gilmer,Georgia,13123.0,322,2.0,11.0,,,,0.161
70573,2020-07-17,Gilmer,Georgia,13123.0,326,2.0,4.0,,,,0.152
70574,2020-07-18,Gilmer,Georgia,13123.0,347,2.0,21.0,,,,0.06580000400000001
70575,2020-07-19,Gilmer,Georgia,13123.0,354,2.0,7.0,,,,0.047600000999999996
70576,2020-07-20,Gilmer,Georgia,13123.0,360,2.0,6.0,,,,0.038899999
70577,2020-07-21,Gilmer,Georgia,13123.0,367,2.0,7.0,,,,-0.182
70578,2020-07-22,Gilmer,Georgia,13123.0,392,3.0,25.0,,,,-0.27200001
70579,2020-07-23,Gilmer,Georgia,13123.0,405,3.0,13.0,,,,-0.21600001
70580,2020-07-24,Gilmer,Georgia,13123.0,416,3.0,11.0,,,,-0.066799998
70581,2020-07-25,Gilmer,Georgia,13123.0,421,3.0,5.0,,,,-0.127
70582,2020-07-26,Gilmer,Georgia,13123.0,426,3.0,5.0,,,,-0.18700001
70583,2020-07-27,Gilmer,Georgia,13123.0,437,3.0,11.0,,,,-0.18000001
70584,2020-07-28,Gilmer,Georgia,13123.0,459,3.0,22.0,,,,-0.17800000000000002
70585,2020-07-29,Gilmer,Georgia,13123.0,463,3.0,4.0,,,,-0.075000003
70586,2020-07-30,Gilmer,Georgia,13123.0,470,3.0,7.0,,,,-0.0295
70587,2020-07-31,Gilmer,Georgia,13123.0,484,3.0,14.0,,,,-0.10300000000000001
70588,2020-08-01,Gilmer,Georgia,13123.0,491,3.0,7.0,,,,0.0025500001000000002
70589,2020-08-02,Gilmer,Georgia,13123.0,512,3.0,21.0,,,,0.042399999
70590,2020-08-03,Gilmer,Georgia,13123.0,518,3.0,6.0,,,,0.0403
70591,2020-08-04,Gilmer,Georgia,13123.0,526,4.0,8.0,,,,0.09719999900000001
70592,2020-08-05,Gilmer,Georgia,13123.0,553,4.0,27.0,,,,0.0111
70593,2020-08-06,Gilmer,Georgia,13123.0,571,4.0,18.0,,,,-0.10800000000000001
70594,2020-08-07,Gilmer,Georgia,13123.0,583,4.0,12.0,,,,-0.16599999
70595,2020-08-08,Gilmer,Georgia,13123.0,616,4.0,33.0,,,,-0.191
70596,2020-08-09,Gilmer,Georgia,13123.0,620,4.0,4.0,,,,-0.153
70597,2020-08-10,Gilmer,Georgia,13123.0,633,4.0,13.0,,,,-0.109
70598,2020-08-11,Gilmer,Georgia,13123.0,635,4.0,2.0,,,,-0.09210000199999999
70599,2020-08-12,Gilmer,Georgia,13123.0,651,4.0,16.0,,,,-0.17
70600,2020-08-13,Gilmer,Georgia,13123.0,658,4.0,7.0,,,,-0.243
70601,2020-08-14,Gilmer,Georgia,13123.0,665,4.0,7.0,,,,-0.308
70602,2020-08-15,Gilmer,Georgia,13123.0,676,4.0,11.0,,,,-0.331
70603,2020-08-16,Gilmer,Georgia,13123.0,684,4.0,8.0,,,,-0.30000001
70604,2020-08-17,Gilmer,Georgia,13123.0,685,4.0,1.0,,,,-0.20299999
70605,2020-08-18,Gilmer,Georgia,13123.0,687,4.0,2.0,,,,-0.15800001
70606,2020-08-19,Gilmer,Georgia,13123.0,695,4.0,8.0,,,,-0.076800004
70607,2020-08-20,Gilmer,Georgia,13123.0,699,4.0,4.0,,,,0.0407
70608,2020-08-21,Gilmer,Georgia,13123.0,707,5.0,8.0,,,,0.13500001
70609,2020-08-22,Gilmer,Georgia,13123.0,713,5.0,6.0,,,,0.062700003
70610,2020-08-23,Gilmer,Georgia,13123.0,716,5.0,3.0,,,,-0.0296
70611,2020-08-24,Gilmer,Georgia,13123.0,718,5.0,2.0,,,,-0.114
70612,2020-08-25,Gilmer,Georgia,13123.0,719,5.0,1.0,,,,-0.097400002
70613,2020-08-26,Gilmer,Georgia,13123.0,729,5.0,10.0,,,,-0.08519999699999999
70614,2020-08-27,Gilmer,Georgia,13123.0,733,5.0,4.0,,,,-0.131
70615,2020-08-28,Gilmer,Georgia,13123.0,746,5.0,13.0,,,,-0.16500001
70616,2020-08-29,Gilmer,Georgia,13123.0,745,5.0,-1.0,,,,-0.132
70617,2020-08-30,Gilmer,Georgia,13123.0,745,7.0,0.0,,,,-0.080200002
70618,2020-08-31,Gilmer,Georgia,13123.0,750,7.0,5.0,,,,0.037099997999999995
70619,2020-09-01,Gilmer,Georgia,13123.0,751,8.0,1.0,,,,0.088600002
70620,2020-09-02,Gilmer,Georgia,13123.0,755,8.0,4.0,,,,0.065099999
70621,2020-09-03,Gilmer,Georgia,13123.0,758,8.0,3.0,,,,0.12899999
70622,2020-09-04,Gilmer,Georgia,13123.0,763,9.0,5.0,,,,0.153
70623,2020-09-05,Gilmer,Georgia,13123.0,768,9.0,5.0,,,,0.155
70624,2020-09-06,Gilmer,Georgia,13123.0,771,9.0,3.0,,,,0.09239999900000001
70625,2020-09-07,Gilmer,Georgia,13123.0,772,9.0,1.0,,,,-0.061900000999999996
70626,2020-09-08,Gilmer,Georgia,13123.0,773,9.0,1.0,,,,0.073700003
70627,2020-09-09,Gilmer,Georgia,13123.0,775,9.0,2.0,,,,0.175
70628,2020-09-10,Gilmer,Georgia,13123.0,775,9.0,0.0,,,,-0.054299999
70629,2020-09-11,Gilmer,Georgia,13123.0,778,10.0,3.0,,,,-0.08950000300000001
70630,2020-09-12,Gilmer,Georgia,13123.0,780,10.0,2.0,,,,-0.068800002
70631,2020-09-13,Gilmer,Georgia,13123.0,784,10.0,4.0,,,,0.0197
70632,2020-09-14,Gilmer,Georgia,13123.0,784,10.0,0.0,,,,0.028899999
70633,2020-09-15,Gilmer,Georgia,13123.0,784,10.0,0.0,,,,-0.11
70634,2020-09-16,Gilmer,Georgia,13123.0,789,10.0,5.0,,,,-0.204
70635,2020-09-17,Gilmer,Georgia,13123.0,790,11.0,1.0,,,,-0.045400000999999995
70636,2020-09-18,Gilmer,Georgia,13123.0,792,11.0,2.0,,,,0.105
70637,2020-09-19,Gilmer,Georgia,13123.0,792,11.0,0.0,,,,0.0152
70638,2020-09-20,Gilmer,Georgia,13123.0,794,11.0,2.0,,,,-0.0942
70639,2020-09-21,Gilmer,Georgia,13123.0,794,11.0,0.0,,,,-0.049800000999999997
70640,2020-09-22,Gilmer,Georgia,13123.0,796,11.0,2.0,,,,0.081100002
70641,2020-09-23,Gilmer,Georgia,13123.0,801,11.0,5.0,,,,0.080799997
70642,2020-09-24,Gilmer,Georgia,13123.0,807,12.0,6.0,,,,-0.045000002000000004
70643,2020-09-25,Gilmer,Georgia,13123.0,810,12.0,3.0,,,,-0.0656
70644,2020-09-26,Gilmer,Georgia,13123.0,811,13.0,1.0,,,,-0.0115
70645,2020-09-27,Gilmer,Georgia,13123.0,818,13.0,7.0,,,,-0.0069200001
70646,2020-09-28,Gilmer,Georgia,13123.0,819,13.0,1.0,,,,0.017100001
70647,2020-09-29,Gilmer,Georgia,13123.0,820,13.0,1.0,,,,-0.059000000000000004
70648,2020-09-30,Gilmer,Georgia,13123.0,827,12.0,7.0,,,,-0.168
70649,2020-10-01,Gilmer,Georgia,13123.0,830,12.0,3.0,,,,-0.07010000200000001
70650,2020-10-02,Gilmer,Georgia,13123.0,843,13.0,13.0,,,,-0.0726
70651,2020-10-03,Gilmer,Georgia,13123.0,852,13.0,9.0,,,,-0.090599999
70652,2020-10-04,Gilmer,Georgia,13123.0,859,13.0,7.0,,,,0.064900003
70653,2020-10-05,Gilmer,Georgia,13123.0,918,13.0,59.0,,,,-0.045899998
70654,2020-10-06,Gilmer,Georgia,13123.0,926,13.0,8.0,,,,-0.074000001
70655,2020-10-07,Gilmer,Georgia,13123.0,933,14.0,7.0,,,,0.00813
70656,2020-10-08,Gilmer,Georgia,13123.0,939,14.0,6.0,,,,-0.08659999800000001
70657,2020-10-09,Gilmer,Georgia,13123.0,949,13.0,10.0,,,,-0.024499998999999998
70658,2020-10-10,Gilmer,Georgia,13123.0,951,13.0,2.0,,,,-0.0285
70659,2020-10-11,Gilmer,Georgia,13123.0,970,13.0,19.0,,,,-0.0977
70660,2020-10-12,Gilmer,Georgia,13123.0,985,13.0,15.0,,,,-0.055799997999999996
70661,2020-10-13,Gilmer,Georgia,13123.0,986,15.0,1.0,,,,0.0195
70662,2020-10-14,Gilmer,Georgia,13123.0,994,16.0,8.0,,,,0.102
70663,2020-10-15,Gilmer,Georgia,13123.0,1011,16.0,17.0,,,,0.106
70664,2020-10-16,Gilmer,Georgia,13123.0,1017,17.0,6.0,,,,-0.0995
70665,2020-10-17,Gilmer,Georgia,13123.0,1032,19.0,15.0,,,,-0.060199998
70666,2020-10-18,Gilmer,Georgia,13123.0,1038,19.0,6.0,,,,0.0068600001
70667,2020-10-19,Gilmer,Georgia,13123.0,1046,19.0,8.0,,,,-0.0418
70668,2020-10-20,Gilmer,Georgia,13123.0,1048,19.0,2.0,,,,-0.113
70669,2020-10-21,Gilmer,Georgia,13123.0,1061,21.0,13.0,,,,-0.193
70670,2020-10-22,Gilmer,Georgia,13123.0,1068,22.0,7.0,,,,-0.0792
70671,2020-10-23,Gilmer,Georgia,13123.0,1072,23.0,4.0,,,,0.031800002
70672,2020-10-24,Gilmer,Georgia,13123.0,1084,23.0,12.0,,,,0.183
70673,2020-10-25,Gilmer,Georgia,13123.0,1091,23.0,7.0,,,,0.041700002
70674,2020-10-26,Gilmer,Georgia,13123.0,1100,23.0,9.0,,,,0.023499999
70675,2020-10-27,Gilmer,Georgia,13123.0,1106,23.0,6.0,,,,0.088500001
70676,2020-10-28,Gilmer,Georgia,13123.0,1113,23.0,7.0,,,,0.11
70677,2020-10-29,Gilmer,Georgia,13123.0,1122,23.0,9.0,,,,-0.044500001
70678,2020-10-30,Gilmer,Georgia,13123.0,1119,22.0,-3.0,,,,-0.10099999999999999
70679,2020-10-31,Gilmer,Georgia,13123.0,1132,22.0,13.0,,,,-0.12800001
70680,2020-11-01,Gilmer,Georgia,13123.0,1135,23.0,3.0,,,,-0.081600003
70681,2020-11-02,Gilmer,Georgia,13123.0,1135,22.0,0.0,,,,0.0009369999800000001
70682,2020-11-03,Gilmer,Georgia,13123.0,1145,24.0,10.0,,,,-0.028999999
70683,2020-11-04,Gilmer,Georgia,13123.0,1124,26.0,-21.0,,,,-0.085299999
70684,2020-11-05,Gilmer,Georgia,13123.0,1129,26.0,5.0,,,,-0.061500002000000005
70685,2020-11-06,Gilmer,Georgia,13123.0,1129,26.0,0.0,,,,-0.078100003
70686,2020-11-07,Gilmer,Georgia,13123.0,1129,26.0,0.0,,,,-0.039299997999999996
70687,2020-11-08,Gilmer,Georgia,13123.0,1132,26.0,3.0,,,,-0.051100001
70688,2020-11-09,Gilmer,Georgia,13123.0,1167,26.0,35.0,,,,-0.19
70689,2020-11-10,Gilmer,Georgia,13123.0,1175,27.0,8.0,,,,-0.082800001
70690,2020-11-11,Gilmer,Georgia,13123.0,1181,29.0,6.0,,,,-0.058899999
70691,2020-11-12,Gilmer,Georgia,13123.0,1195,29.0,14.0,,,,-0.022500001000000002
70692,2020-11-13,Gilmer,Georgia,13123.0,1198,29.0,3.0,,,,0.153
70693,2020-11-14,Gilmer,Georgia,13123.0,1203,29.0,5.0,,,,0.177
70694,2020-11-15,Gilmer,Georgia,13123.0,1211,29.0,8.0,,,,0.071599998
70695,2020-11-16,Gilmer,Georgia,13123.0,1209,29.0,-2.0,,,,0.10099999999999999
70696,2020-11-17,Gilmer,Georgia,13123.0,1221,31.0,12.0,,,,-0.051199999
70697,2020-11-18,Gilmer,Georgia,13123.0,1228,30.0,7.0,,,,-0.042599998
70698,2020-11-19,Gilmer,Georgia,13123.0,1241,31.0,13.0,,,,0.0482
70699,2020-11-20,Gilmer,Georgia,13123.0,1245,31.0,4.0,,,,0.0014299998999999998
70700,2020-11-21,Gilmer,Georgia,13123.0,1251,30.0,6.0,,,,-0.0535
70701,2020-11-22,Gilmer,Georgia,13123.0,1262,30.0,11.0,,,,0.054099999
