,date,county,state,fips,cases,deaths,new_cases,emp_combined,emp_combined_inclow,revenue_all,spend_all
73676,2020-03-24,Jasper,Georgia,13159.0,1,0.0,0.0,,,,-0.28400001
73677,2020-03-25,Jasper,Georgia,13159.0,2,0.0,1.0,,,,-0.249
73678,2020-03-26,Jasper,Georgia,13159.0,2,0.0,0.0,,,,-0.26300001
73679,2020-03-27,Jasper,Georgia,13159.0,2,0.0,0.0,,,,-0.27000001
73680,2020-03-28,Jasper,Georgia,13159.0,2,0.0,0.0,,,,-0.303
73681,2020-03-29,Jasper,Georgia,13159.0,2,0.0,0.0,,,,-0.31200001
73682,2020-03-30,Jasper,Georgia,13159.0,2,0.0,0.0,,,,-0.34999999
73683,2020-03-31,Jasper,Georgia,13159.0,2,0.0,0.0,,,,-0.255
73684,2020-04-01,Jasper,Georgia,13159.0,2,0.0,0.0,,,,-0.373
73685,2020-04-02,Jasper,Georgia,13159.0,2,0.0,0.0,,,,-0.28099999
73686,2020-04-03,Jasper,Georgia,13159.0,2,0.0,0.0,,,,-0.266
73687,2020-04-04,Jasper,Georgia,13159.0,4,0.0,2.0,,,,-0.27900001
73688,2020-04-05,Jasper,Georgia,13159.0,3,0.0,-1.0,,,,-0.29800001
73689,2020-04-06,Jasper,Georgia,13159.0,4,0.0,1.0,,,,-0.23899999
73690,2020-04-07,Jasper,Georgia,13159.0,6,0.0,2.0,,,,-0.25600001
73691,2020-04-08,Jasper,Georgia,13159.0,5,0.0,-1.0,,,,-0.21799999
73692,2020-04-09,Jasper,Georgia,13159.0,6,0.0,1.0,,,,-0.32100001
73693,2020-04-10,Jasper,Georgia,13159.0,6,0.0,0.0,,,,-0.29800001
73694,2020-04-11,Jasper,Georgia,13159.0,6,0.0,0.0,,,,-0.287
73695,2020-04-12,Jasper,Georgia,13159.0,8,0.0,2.0,,,,-0.23999999
73696,2020-04-13,Jasper,Georgia,13159.0,9,0.0,1.0,,,,-0.29600000000000004
73697,2020-04-14,Jasper,Georgia,13159.0,9,0.0,0.0,,,,-0.27000001
73698,2020-04-15,Jasper,Georgia,13159.0,10,0.0,1.0,,,,-0.20900001
73699,2020-04-16,Jasper,Georgia,13159.0,10,0.0,0.0,,,,-0.146
73700,2020-04-17,Jasper,Georgia,13159.0,14,0.0,4.0,,,,-0.149
73701,2020-04-18,Jasper,Georgia,13159.0,15,0.0,1.0,,,,-0.082400002
73702,2020-04-19,Jasper,Georgia,13159.0,17,0.0,2.0,,,,-0.0583
73703,2020-04-20,Jasper,Georgia,13159.0,17,0.0,0.0,,,,-0.00238
73704,2020-04-21,Jasper,Georgia,13159.0,18,0.0,1.0,,,,-0.035
73705,2020-04-22,Jasper,Georgia,13159.0,18,0.0,0.0,,,,-0.1
73706,2020-04-23,Jasper,Georgia,13159.0,19,0.0,1.0,,,,-0.162
73707,2020-04-24,Jasper,Georgia,13159.0,20,0.0,1.0,,,,-0.168
73708,2020-04-25,Jasper,Georgia,13159.0,20,0.0,0.0,,,,-0.161
73709,2020-04-26,Jasper,Georgia,13159.0,20,0.0,0.0,,,,-0.266
73710,2020-04-27,Jasper,Georgia,13159.0,20,0.0,0.0,,,,-0.289
73711,2020-04-28,Jasper,Georgia,13159.0,22,0.0,2.0,,,,-0.271
73712,2020-04-29,Jasper,Georgia,13159.0,22,0.0,0.0,,,,-0.29300001
73713,2020-04-30,Jasper,Georgia,13159.0,21,0.0,-1.0,,,,-0.259
73714,2020-05-01,Jasper,Georgia,13159.0,22,0.0,1.0,,,,-0.273
73715,2020-05-02,Jasper,Georgia,13159.0,23,0.0,1.0,,,,-0.32100001
73716,2020-05-03,Jasper,Georgia,13159.0,24,0.0,1.0,,,,-0.27000001
73717,2020-05-04,Jasper,Georgia,13159.0,25,0.0,1.0,,,,-0.23999999
73718,2020-05-05,Jasper,Georgia,13159.0,25,0.0,0.0,,,,-0.28200001
73719,2020-05-06,Jasper,Georgia,13159.0,26,0.0,1.0,,,,-0.266
73720,2020-05-07,Jasper,Georgia,13159.0,26,0.0,0.0,,,,-0.28799999
73721,2020-05-08,Jasper,Georgia,13159.0,26,0.0,0.0,,,,-0.30899999
73722,2020-05-09,Jasper,Georgia,13159.0,25,0.0,-1.0,,,,-0.32600001
73723,2020-05-10,Jasper,Georgia,13159.0,25,0.0,0.0,,,,-0.336
73724,2020-05-11,Jasper,Georgia,13159.0,25,0.0,0.0,,,,-0.30700001
73725,2020-05-12,Jasper,Georgia,13159.0,26,0.0,1.0,,,,-0.255
73726,2020-05-13,Jasper,Georgia,13159.0,26,0.0,0.0,,,,-0.20800000000000002
73727,2020-05-14,Jasper,Georgia,13159.0,26,0.0,0.0,,,,-0.091700003
73728,2020-05-15,Jasper,Georgia,13159.0,26,0.0,0.0,,,,-0.0735
73729,2020-05-16,Jasper,Georgia,13159.0,26,0.0,0.0,,,,-0.019099999
73730,2020-05-17,Jasper,Georgia,13159.0,26,0.0,0.0,,,,0.0117
73731,2020-05-18,Jasper,Georgia,13159.0,26,0.0,0.0,,,,-0.027100001000000002
73732,2020-05-19,Jasper,Georgia,13159.0,26,0.0,0.0,,,,-0.046100002
73733,2020-05-20,Jasper,Georgia,13159.0,26,0.0,0.0,,,,-0.08789999800000001
73734,2020-05-21,Jasper,Georgia,13159.0,26,1.0,0.0,,,,-0.1
73735,2020-05-22,Jasper,Georgia,13159.0,31,1.0,5.0,,,,0.021299999
73736,2020-05-23,Jasper,Georgia,13159.0,31,1.0,0.0,,,,-0.0142
73737,2020-05-24,Jasper,Georgia,13159.0,31,1.0,0.0,,,,-0.038600001
73738,2020-05-25,Jasper,Georgia,13159.0,31,1.0,0.0,,,,-0.093699999
73739,2020-05-26,Jasper,Georgia,13159.0,32,1.0,1.0,,,,-0.061799999
73740,2020-05-27,Jasper,Georgia,13159.0,32,1.0,0.0,,,,-0.0427
73741,2020-05-28,Jasper,Georgia,13159.0,32,1.0,0.0,,,,-0.09719999900000001
73742,2020-05-29,Jasper,Georgia,13159.0,33,1.0,1.0,,,,-0.131
73743,2020-05-30,Jasper,Georgia,13159.0,36,1.0,3.0,,,,-0.0845
73744,2020-05-31,Jasper,Georgia,13159.0,36,1.0,0.0,,,,-0.25999999
73745,2020-06-01,Jasper,Georgia,13159.0,40,1.0,4.0,,,,-0.22899999999999998
73746,2020-06-02,Jasper,Georgia,13159.0,39,1.0,-1.0,,,,-0.19699999999999998
73747,2020-06-03,Jasper,Georgia,13159.0,40,1.0,1.0,,,,-0.301
73748,2020-06-04,Jasper,Georgia,13159.0,45,1.0,5.0,,,,-0.317
73749,2020-06-05,Jasper,Georgia,13159.0,46,1.0,1.0,,,,-0.36199999
73750,2020-06-06,Jasper,Georgia,13159.0,47,1.0,1.0,,,,-0.345
73751,2020-06-07,Jasper,Georgia,13159.0,48,1.0,1.0,,,,-0.23800001
73752,2020-06-08,Jasper,Georgia,13159.0,49,1.0,1.0,,,,-0.27599999
73753,2020-06-09,Jasper,Georgia,13159.0,51,1.0,2.0,,,,-0.315
73754,2020-06-10,Jasper,Georgia,13159.0,51,1.0,0.0,,,,-0.20299999
73755,2020-06-11,Jasper,Georgia,13159.0,55,1.0,4.0,,,,-0.16699999999999998
73756,2020-06-12,Jasper,Georgia,13159.0,56,1.0,1.0,,,,-0.11
73757,2020-06-13,Jasper,Georgia,13159.0,56,1.0,0.0,,,,-0.11
73758,2020-06-14,Jasper,Georgia,13159.0,56,1.0,0.0,,,,-0.162
73759,2020-06-15,Jasper,Georgia,13159.0,56,1.0,0.0,,,,-0.132
73760,2020-06-16,Jasper,Georgia,13159.0,56,1.0,0.0,,,,-0.0902
73761,2020-06-17,Jasper,Georgia,13159.0,59,1.0,3.0,,,,-0.15000001
73762,2020-06-18,Jasper,Georgia,13159.0,61,1.0,2.0,,,,-0.149
73763,2020-06-19,Jasper,Georgia,13159.0,61,1.0,0.0,,,,-0.105
73764,2020-06-20,Jasper,Georgia,13159.0,61,1.0,0.0,,,,-0.126
73765,2020-06-21,Jasper,Georgia,13159.0,61,1.0,0.0,,,,-0.0814
73766,2020-06-22,Jasper,Georgia,13159.0,63,1.0,2.0,,,,0.0083699999
73767,2020-06-23,Jasper,Georgia,13159.0,65,1.0,2.0,,,,-0.0471
73768,2020-06-24,Jasper,Georgia,13159.0,65,1.0,0.0,,,,0.0131
73769,2020-06-25,Jasper,Georgia,13159.0,64,1.0,-1.0,,,,0.16399999999999998
73770,2020-06-26,Jasper,Georgia,13159.0,65,1.0,1.0,,,,0.17399999
73771,2020-06-27,Jasper,Georgia,13159.0,67,1.0,2.0,,,,0.23899999
73772,2020-06-28,Jasper,Georgia,13159.0,66,1.0,-1.0,,,,0.301
73773,2020-06-29,Jasper,Georgia,13159.0,66,1.0,0.0,,,,0.249
73774,2020-06-30,Jasper,Georgia,13159.0,68,1.0,2.0,,,,0.315
73775,2020-07-01,Jasper,Georgia,13159.0,69,1.0,1.0,,,,0.255
73776,2020-07-02,Jasper,Georgia,13159.0,69,1.0,0.0,,,,0.19899999999999998
73777,2020-07-03,Jasper,Georgia,13159.0,76,1.0,7.0,,,,0.221
73778,2020-07-04,Jasper,Georgia,13159.0,77,1.0,1.0,,,,0.25600001
73779,2020-07-05,Jasper,Georgia,13159.0,77,1.0,0.0,,,,0.133
73780,2020-07-06,Jasper,Georgia,13159.0,78,1.0,1.0,,,,0.086499996
73781,2020-07-07,Jasper,Georgia,13159.0,79,1.0,1.0,,,,0.12
73782,2020-07-08,Jasper,Georgia,13159.0,78,1.0,-1.0,,,,0.086499996
73783,2020-07-09,Jasper,Georgia,13159.0,83,1.0,5.0,,,,0.023
73784,2020-07-10,Jasper,Georgia,13159.0,83,1.0,0.0,,,,0.029899999
73785,2020-07-11,Jasper,Georgia,13159.0,88,1.0,5.0,,,,-0.028200001000000002
73786,2020-07-12,Jasper,Georgia,13159.0,89,1.0,1.0,,,,-0.08510000300000001
73787,2020-07-13,Jasper,Georgia,13159.0,89,1.0,0.0,,,,0.034699999
73788,2020-07-14,Jasper,Georgia,13159.0,89,1.0,0.0,,,,0.024800001000000002
73789,2020-07-15,Jasper,Georgia,13159.0,92,1.0,3.0,,,,0.0429
73790,2020-07-16,Jasper,Georgia,13159.0,96,1.0,4.0,,,,-0.054200001
73791,2020-07-17,Jasper,Georgia,13159.0,101,1.0,5.0,,,,-0.082900003
73792,2020-07-18,Jasper,Georgia,13159.0,99,1.0,-2.0,,,,-0.07980000200000001
73793,2020-07-19,Jasper,Georgia,13159.0,102,1.0,3.0,,,,-0.051399997999999995
73794,2020-07-20,Jasper,Georgia,13159.0,103,1.0,1.0,,,,-0.122
73795,2020-07-21,Jasper,Georgia,13159.0,103,1.0,0.0,,,,-0.17800000000000002
73796,2020-07-22,Jasper,Georgia,13159.0,103,1.0,0.0,,,,-0.21799999
73797,2020-07-23,Jasper,Georgia,13159.0,102,1.0,-1.0,,,,-0.0195
73798,2020-07-24,Jasper,Georgia,13159.0,103,1.0,1.0,,,,0.00132
73799,2020-07-25,Jasper,Georgia,13159.0,106,1.0,3.0,,,,0.053199999000000005
73800,2020-07-26,Jasper,Georgia,13159.0,109,1.0,3.0,,,,0.0043799998
73801,2020-07-27,Jasper,Georgia,13159.0,112,1.0,3.0,,,,-0.0265
73802,2020-07-28,Jasper,Georgia,13159.0,118,1.0,6.0,,,,-0.0096000005
73803,2020-07-29,Jasper,Georgia,13159.0,116,1.0,-2.0,,,,-0.0206
73804,2020-07-30,Jasper,Georgia,13159.0,120,1.0,4.0,,,,-0.10099999999999999
73805,2020-07-31,Jasper,Georgia,13159.0,121,1.0,1.0,,,,-0.237
73806,2020-08-01,Jasper,Georgia,13159.0,123,1.0,2.0,,,,-0.20600000000000002
73807,2020-08-02,Jasper,Georgia,13159.0,124,1.0,1.0,,,,-0.21799999
73808,2020-08-03,Jasper,Georgia,13159.0,126,1.0,2.0,,,,-0.20100001
73809,2020-08-04,Jasper,Georgia,13159.0,129,1.0,3.0,,,,-0.11900000000000001
73810,2020-08-05,Jasper,Georgia,13159.0,135,1.0,6.0,,,,-0.079999998
73811,2020-08-06,Jasper,Georgia,13159.0,149,1.0,14.0,,,,-0.070699997
73812,2020-08-07,Jasper,Georgia,13159.0,153,1.0,4.0,,,,0.073600002
73813,2020-08-08,Jasper,Georgia,13159.0,161,1.0,8.0,,,,0.08940000099999999
73814,2020-08-09,Jasper,Georgia,13159.0,162,1.0,1.0,,,,0.11
73815,2020-08-10,Jasper,Georgia,13159.0,164,1.0,2.0,,,,0.082999997
73816,2020-08-11,Jasper,Georgia,13159.0,168,1.0,4.0,,,,-0.0801
73817,2020-08-12,Jasper,Georgia,13159.0,170,2.0,2.0,,,,-0.027000001000000003
73818,2020-08-13,Jasper,Georgia,13159.0,171,2.0,1.0,,,,-0.09210000199999999
73819,2020-08-14,Jasper,Georgia,13159.0,175,2.0,4.0,,,,-0.11699999999999999
73820,2020-08-15,Jasper,Georgia,13159.0,176,2.0,1.0,,,,-0.19899999999999998
73821,2020-08-16,Jasper,Georgia,13159.0,176,2.0,0.0,,,,-0.156
73822,2020-08-17,Jasper,Georgia,13159.0,183,2.0,7.0,,,,-0.133
73823,2020-08-18,Jasper,Georgia,13159.0,185,2.0,2.0,,,,-0.142
73824,2020-08-19,Jasper,Georgia,13159.0,186,2.0,1.0,,,,-0.15800001
73825,2020-08-20,Jasper,Georgia,13159.0,186,2.0,0.0,,,,-0.17900001
73826,2020-08-21,Jasper,Georgia,13159.0,187,2.0,1.0,,,,-0.040800001
73827,2020-08-22,Jasper,Georgia,13159.0,187,2.0,0.0,,,,-0.062799998
73828,2020-08-23,Jasper,Georgia,13159.0,187,2.0,0.0,,,,-0.07540000200000001
73829,2020-08-24,Jasper,Georgia,13159.0,189,2.0,2.0,,,,-0.102
73830,2020-08-25,Jasper,Georgia,13159.0,191,3.0,2.0,,,,-0.11699999999999999
73831,2020-08-26,Jasper,Georgia,13159.0,193,3.0,2.0,,,,-0.13500001
73832,2020-08-27,Jasper,Georgia,13159.0,194,3.0,1.0,,,,-0.0407
73833,2020-08-28,Jasper,Georgia,13159.0,195,3.0,1.0,,,,-0.038600001
73834,2020-08-29,Jasper,Georgia,13159.0,195,3.0,0.0,,,,-0.036600001
73835,2020-08-30,Jasper,Georgia,13159.0,195,3.0,0.0,,,,-0.0146
73836,2020-08-31,Jasper,Georgia,13159.0,195,3.0,0.0,,,,-0.083300002
73837,2020-09-01,Jasper,Georgia,13159.0,195,4.0,0.0,,,,-0.08569999800000001
73838,2020-09-02,Jasper,Georgia,13159.0,190,4.0,-5.0,,,,-0.059599999
73839,2020-09-03,Jasper,Georgia,13159.0,191,4.0,1.0,,,,-0.21899999999999997
73840,2020-09-04,Jasper,Georgia,13159.0,192,4.0,1.0,,,,-0.155
73841,2020-09-05,Jasper,Georgia,13159.0,193,4.0,1.0,,,,-0.024800001000000002
73842,2020-09-06,Jasper,Georgia,13159.0,194,4.0,1.0,,,,0.0189
73843,2020-09-07,Jasper,Georgia,13159.0,195,4.0,1.0,,,,0.0031099999
73844,2020-09-08,Jasper,Georgia,13159.0,200,4.0,5.0,,,,-0.10400000000000001
73845,2020-09-09,Jasper,Georgia,13159.0,200,4.0,0.0,,,,0.0106
73846,2020-09-10,Jasper,Georgia,13159.0,201,4.0,1.0,,,,0.10300000000000001
73847,2020-09-11,Jasper,Georgia,13159.0,201,4.0,0.0,,,,-0.146
73848,2020-09-12,Jasper,Georgia,13159.0,202,4.0,1.0,,,,-0.25600001
73849,2020-09-13,Jasper,Georgia,13159.0,202,4.0,0.0,,,,-0.212
73850,2020-09-14,Jasper,Georgia,13159.0,203,4.0,1.0,,,,-0.20999999
73851,2020-09-15,Jasper,Georgia,13159.0,202,4.0,-1.0,,,,-0.21600001
73852,2020-09-16,Jasper,Georgia,13159.0,206,4.0,4.0,,,,-0.294
73853,2020-09-17,Jasper,Georgia,13159.0,208,4.0,2.0,,,,-0.26899999
73854,2020-09-18,Jasper,Georgia,13159.0,209,4.0,1.0,,,,-0.14399999
73855,2020-09-19,Jasper,Georgia,13159.0,209,4.0,0.0,,,,-0.0007960000099999999
73856,2020-09-20,Jasper,Georgia,13159.0,210,4.0,1.0,,,,-0.122
73857,2020-09-21,Jasper,Georgia,13159.0,210,4.0,0.0,,,,-0.048
73858,2020-09-22,Jasper,Georgia,13159.0,210,4.0,0.0,,,,0.023499999
73859,2020-09-23,Jasper,Georgia,13159.0,211,4.0,1.0,,,,0.039000001
73860,2020-09-24,Jasper,Georgia,13159.0,211,4.0,0.0,,,,0.0125
73861,2020-09-25,Jasper,Georgia,13159.0,216,4.0,5.0,,,,-0.0407
73862,2020-09-26,Jasper,Georgia,13159.0,220,4.0,4.0,,,,-0.13600001
73863,2020-09-27,Jasper,Georgia,13159.0,221,4.0,1.0,,,,-0.07010000200000001
73864,2020-09-28,Jasper,Georgia,13159.0,221,4.0,0.0,,,,-0.11699999999999999
73865,2020-09-29,Jasper,Georgia,13159.0,221,4.0,0.0,,,,-0.14
73866,2020-09-30,Jasper,Georgia,13159.0,222,4.0,1.0,,,,-0.14399999
73867,2020-10-01,Jasper,Georgia,13159.0,221,4.0,-1.0,,,,-0.0186
73868,2020-10-02,Jasper,Georgia,13159.0,222,4.0,1.0,,,,-0.059099998
73869,2020-10-03,Jasper,Georgia,13159.0,224,4.0,2.0,,,,0.0151
73870,2020-10-04,Jasper,Georgia,13159.0,225,4.0,1.0,,,,0.084799998
73871,2020-10-05,Jasper,Georgia,13159.0,330,4.0,105.0,,,,0.21799999
73872,2020-10-06,Jasper,Georgia,13159.0,331,4.0,1.0,,,,0.161
73873,2020-10-07,Jasper,Georgia,13159.0,331,4.0,0.0,,,,0.0286
73874,2020-10-08,Jasper,Georgia,13159.0,332,4.0,1.0,,,,-0.11199999999999999
73875,2020-10-09,Jasper,Georgia,13159.0,333,3.0,1.0,,,,-0.0337
73876,2020-10-10,Jasper,Georgia,13159.0,334,3.0,1.0,,,,-0.13
73877,2020-10-11,Jasper,Georgia,13159.0,335,3.0,1.0,,,,-0.20999999
73878,2020-10-12,Jasper,Georgia,13159.0,339,3.0,4.0,,,,-0.29899999
73879,2020-10-13,Jasper,Georgia,13159.0,342,3.0,3.0,,,,-0.20999999
73880,2020-10-14,Jasper,Georgia,13159.0,343,3.0,1.0,,,,-0.17399999
73881,2020-10-15,Jasper,Georgia,13159.0,344,4.0,1.0,,,,-0.152
73882,2020-10-16,Jasper,Georgia,13159.0,346,4.0,2.0,,,,-0.142
73883,2020-10-17,Jasper,Georgia,13159.0,347,4.0,1.0,,,,-0.125
73884,2020-10-18,Jasper,Georgia,13159.0,345,4.0,-2.0,,,,-0.026699999
73885,2020-10-19,Jasper,Georgia,13159.0,350,4.0,5.0,,,,-0.177
73886,2020-10-20,Jasper,Georgia,13159.0,349,4.0,-1.0,,,,-0.17800000000000002
73887,2020-10-21,Jasper,Georgia,13159.0,349,4.0,0.0,,,,-0.079400003
73888,2020-10-22,Jasper,Georgia,13159.0,349,4.0,0.0,,,,-0.078400001
73889,2020-10-23,Jasper,Georgia,13159.0,351,4.0,2.0,,,,-0.0112
73890,2020-10-24,Jasper,Georgia,13159.0,351,4.0,0.0,,,,0.0038699998999999997
73891,2020-10-25,Jasper,Georgia,13159.0,352,4.0,1.0,,,,-0.153
73892,2020-10-26,Jasper,Georgia,13159.0,358,4.0,6.0,,,,-0.12300000000000001
73893,2020-10-27,Jasper,Georgia,13159.0,358,4.0,0.0,,,,-0.087099999
73894,2020-10-28,Jasper,Georgia,13159.0,359,4.0,1.0,,,,-0.149
73895,2020-10-29,Jasper,Georgia,13159.0,361,4.0,2.0,,,,-0.162
73896,2020-10-30,Jasper,Georgia,13159.0,361,4.0,0.0,,,,-0.16599999
73897,2020-10-31,Jasper,Georgia,13159.0,361,4.0,0.0,,,,-0.184
73898,2020-11-01,Jasper,Georgia,13159.0,361,4.0,0.0,,,,-0.11900000000000001
73899,2020-11-02,Jasper,Georgia,13159.0,371,4.0,10.0,,,,-0.0361
73900,2020-11-03,Jasper,Georgia,13159.0,373,4.0,2.0,,,,-0.027899998999999998
73901,2020-11-04,Jasper,Georgia,13159.0,375,6.0,2.0,,,,-0.07540000200000001
73902,2020-11-05,Jasper,Georgia,13159.0,377,6.0,2.0,,,,-0.038699999
73903,2020-11-06,Jasper,Georgia,13159.0,379,6.0,2.0,,,,-0.077799998
73904,2020-11-07,Jasper,Georgia,13159.0,380,6.0,1.0,,,,-0.049600001
73905,2020-11-08,Jasper,Georgia,13159.0,381,6.0,1.0,,,,0.0175
73906,2020-11-09,Jasper,Georgia,13159.0,382,6.0,1.0,,,,0.079300001
73907,2020-11-10,Jasper,Georgia,13159.0,387,6.0,5.0,,,,0.155
73908,2020-11-11,Jasper,Georgia,13159.0,390,6.0,3.0,,,,0.23
73909,2020-11-12,Jasper,Georgia,13159.0,392,6.0,2.0,,,,0.111
73910,2020-11-13,Jasper,Georgia,13159.0,396,6.0,4.0,,,,0.0986
73911,2020-11-14,Jasper,Georgia,13159.0,401,6.0,5.0,,,,0.16599999
73912,2020-11-15,Jasper,Georgia,13159.0,402,6.0,1.0,,,,0.0504
73913,2020-11-16,Jasper,Georgia,13159.0,405,6.0,3.0,,,,-0.107
73914,2020-11-17,Jasper,Georgia,13159.0,414,6.0,9.0,,,,-0.18600000000000003
73915,2020-11-18,Jasper,Georgia,13159.0,421,6.0,7.0,,,,-0.177
73916,2020-11-19,Jasper,Georgia,13159.0,430,6.0,9.0,,,,-0.09099999800000001
73917,2020-11-20,Jasper,Georgia,13159.0,435,6.0,5.0,,,,0.06570000200000001
73918,2020-11-21,Jasper,Georgia,13159.0,440,6.0,5.0,,,,0.0142
73919,2020-11-22,Jasper,Georgia,13159.0,440,6.0,0.0,,,,0.071800001
