,date,county,state,fips,cases,deaths,new_cases,emp_combined,emp_combined_inclow,revenue_all,spend_all
74412,2020-03-23,Liberty,Georgia,13179.0,1,0.0,0.0,,,,-0.17299999
74413,2020-03-24,Liberty,Georgia,13179.0,1,0.0,0.0,,,,-0.29899999
74414,2020-03-25,Liberty,Georgia,13179.0,1,0.0,0.0,,,,-0.37900001
74415,2020-03-26,Liberty,Georgia,13179.0,1,0.0,0.0,,,,-0.41499999
74416,2020-03-27,Liberty,Georgia,13179.0,1,0.0,0.0,,,,-0.36199999
74417,2020-03-28,Liberty,Georgia,13179.0,3,0.0,2.0,,,,-0.32899999999999996
74418,2020-03-29,Liberty,Georgia,13179.0,3,0.0,0.0,,,,-0.33000001
74419,2020-03-30,Liberty,Georgia,13179.0,4,0.0,1.0,,,,-0.34700000000000003
74420,2020-03-31,Liberty,Georgia,13179.0,5,0.0,1.0,,,,-0.21699999
74421,2020-04-01,Liberty,Georgia,13179.0,7,0.0,2.0,,,,-0.077500001
74422,2020-04-02,Liberty,Georgia,13179.0,7,0.0,0.0,,,,-0.0306
74423,2020-04-03,Liberty,Georgia,13179.0,9,0.0,2.0,,,,-0.0854
74424,2020-04-04,Liberty,Georgia,13179.0,10,0.0,1.0,,,,-0.10099999999999999
74425,2020-04-05,Liberty,Georgia,13179.0,13,0.0,3.0,,,,-0.13
74426,2020-04-06,Liberty,Georgia,13179.0,12,0.0,-1.0,,,,-0.19499999
74427,2020-04-07,Liberty,Georgia,13179.0,13,0.0,1.0,,,,-0.17900001
74428,2020-04-08,Liberty,Georgia,13179.0,13,0.0,0.0,,,,-0.271
74429,2020-04-09,Liberty,Georgia,13179.0,14,0.0,1.0,,,,-0.41999999
74430,2020-04-10,Liberty,Georgia,13179.0,16,0.0,2.0,,,,-0.39300001
74431,2020-04-11,Liberty,Georgia,13179.0,16,0.0,0.0,,,,-0.389
74432,2020-04-12,Liberty,Georgia,13179.0,17,0.0,1.0,,,,-0.38499999
74433,2020-04-13,Liberty,Georgia,13179.0,20,0.0,3.0,,,,-0.317
74434,2020-04-14,Liberty,Georgia,13179.0,21,0.0,1.0,,,,-0.345
74435,2020-04-15,Liberty,Georgia,13179.0,26,0.0,5.0,,,,-0.29600000000000004
74436,2020-04-16,Liberty,Georgia,13179.0,26,0.0,0.0,,,,-0.23999999
74437,2020-04-17,Liberty,Georgia,13179.0,32,0.0,6.0,,,,-0.25999999
74438,2020-04-18,Liberty,Georgia,13179.0,32,0.0,0.0,,,,-0.25
74439,2020-04-19,Liberty,Georgia,13179.0,32,0.0,0.0,,,,-0.22899999999999998
74440,2020-04-20,Liberty,Georgia,13179.0,34,0.0,2.0,,,,-0.222
74441,2020-04-21,Liberty,Georgia,13179.0,34,0.0,0.0,,,,-0.25999999
74442,2020-04-22,Liberty,Georgia,13179.0,34,0.0,0.0,,,,-0.34799999
74443,2020-04-23,Liberty,Georgia,13179.0,35,0.0,1.0,,,,-0.38699999
74444,2020-04-24,Liberty,Georgia,13179.0,35,0.0,0.0,,,,-0.24100000000000002
74445,2020-04-25,Liberty,Georgia,13179.0,35,0.0,0.0,,,,-0.23600000000000002
74446,2020-04-26,Liberty,Georgia,13179.0,35,0.0,0.0,,,,-0.26699999
74447,2020-04-27,Liberty,Georgia,13179.0,35,0.0,0.0,,,,-0.223
74448,2020-04-28,Liberty,Georgia,13179.0,37,0.0,2.0,,,,-0.191
74449,2020-04-29,Liberty,Georgia,13179.0,36,0.0,-1.0,,,,-0.2
74450,2020-04-30,Liberty,Georgia,13179.0,37,0.0,1.0,,,,-0.156
74451,2020-05-01,Liberty,Georgia,13179.0,37,0.0,0.0,,,,-0.278
74452,2020-05-02,Liberty,Georgia,13179.0,37,0.0,0.0,,,,-0.27500001
74453,2020-05-03,Liberty,Georgia,13179.0,38,0.0,1.0,,,,-0.198
74454,2020-05-04,Liberty,Georgia,13179.0,37,0.0,-1.0,,,,-0.175
74455,2020-05-05,Liberty,Georgia,13179.0,37,0.0,0.0,,,,-0.029999999
74456,2020-05-06,Liberty,Georgia,13179.0,39,0.0,2.0,,,,-0.068499997
74457,2020-05-07,Liberty,Georgia,13179.0,41,0.0,2.0,,,,-0.076899998
74458,2020-05-08,Liberty,Georgia,13179.0,43,0.0,2.0,,,,0.0124
74459,2020-05-09,Liberty,Georgia,13179.0,43,0.0,0.0,,,,-0.0096699996
74460,2020-05-10,Liberty,Georgia,13179.0,44,0.0,1.0,,,,-0.0211
74461,2020-05-11,Liberty,Georgia,13179.0,44,0.0,0.0,,,,-0.033
74462,2020-05-12,Liberty,Georgia,13179.0,44,0.0,0.0,,,,-0.182
74463,2020-05-13,Liberty,Georgia,13179.0,45,0.0,1.0,,,,-0.082500003
74464,2020-05-14,Liberty,Georgia,13179.0,45,0.0,0.0,,,,-0.008290000300000001
74465,2020-05-15,Liberty,Georgia,13179.0,45,0.0,0.0,,,,-0.047499999
74466,2020-05-16,Liberty,Georgia,13179.0,46,0.0,1.0,,,,-0.053199999000000005
74467,2020-05-17,Liberty,Georgia,13179.0,46,0.0,0.0,,,,-0.105
74468,2020-05-18,Liberty,Georgia,13179.0,47,0.0,1.0,,,,-0.115
74469,2020-05-19,Liberty,Georgia,13179.0,47,0.0,0.0,,,,-0.0243
74470,2020-05-20,Liberty,Georgia,13179.0,47,0.0,0.0,,,,-0.046500001
74471,2020-05-21,Liberty,Georgia,13179.0,60,0.0,13.0,,,,-0.106
74472,2020-05-22,Liberty,Georgia,13179.0,63,0.0,3.0,,,,-0.10300000000000001
74473,2020-05-23,Liberty,Georgia,13179.0,64,0.0,1.0,,,,-0.08749999900000001
74474,2020-05-24,Liberty,Georgia,13179.0,65,0.0,1.0,,,,-0.039099998999999996
74475,2020-05-25,Liberty,Georgia,13179.0,67,0.0,2.0,,,,-0.064800002
74476,2020-05-26,Liberty,Georgia,13179.0,68,0.0,1.0,,,,-0.14399999
74477,2020-05-27,Liberty,Georgia,13179.0,70,0.0,2.0,,,,-0.11
74478,2020-05-28,Liberty,Georgia,13179.0,72,0.0,2.0,,,,-0.0942
74479,2020-05-29,Liberty,Georgia,13179.0,81,0.0,9.0,,,,-0.20800000000000002
74480,2020-05-30,Liberty,Georgia,13179.0,82,0.0,1.0,,,,-0.17600000000000002
74481,2020-05-31,Liberty,Georgia,13179.0,82,0.0,0.0,,,,-0.141
74482,2020-06-01,Liberty,Georgia,13179.0,82,0.0,0.0,,,,-0.088699996
74483,2020-06-02,Liberty,Georgia,13179.0,82,1.0,0.0,,,,-0.102
74484,2020-06-03,Liberty,Georgia,13179.0,83,1.0,1.0,,,,-0.145
74485,2020-06-04,Liberty,Georgia,13179.0,85,1.0,2.0,,,,-0.124
74486,2020-06-05,Liberty,Georgia,13179.0,87,1.0,2.0,,,,0.004529999999999999
74487,2020-06-06,Liberty,Georgia,13179.0,87,1.0,0.0,,,,0.0208
74488,2020-06-07,Liberty,Georgia,13179.0,87,1.0,0.0,,,,-0.0042300001
74489,2020-06-08,Liberty,Georgia,13179.0,87,1.0,0.0,,,,-0.078100003
74490,2020-06-09,Liberty,Georgia,13179.0,86,1.0,-1.0,,,,-0.115
74491,2020-06-10,Liberty,Georgia,13179.0,86,1.0,0.0,,,,-0.060400002
74492,2020-06-11,Liberty,Georgia,13179.0,86,1.0,0.0,,,,0.0295
74493,2020-06-12,Liberty,Georgia,13179.0,90,1.0,4.0,,,,-0.0068199998
74494,2020-06-13,Liberty,Georgia,13179.0,95,1.0,5.0,,,,-0.071199998
74495,2020-06-14,Liberty,Georgia,13179.0,95,1.0,0.0,,,,-0.086900003
74496,2020-06-15,Liberty,Georgia,13179.0,95,1.0,0.0,,,,-0.013000000000000001
74497,2020-06-16,Liberty,Georgia,13179.0,96,1.0,1.0,,,,0.0133
74498,2020-06-17,Liberty,Georgia,13179.0,97,1.0,1.0,,,,-0.059300002000000004
74499,2020-06-18,Liberty,Georgia,13179.0,98,1.0,1.0,,,,-0.07540000200000001
74500,2020-06-19,Liberty,Georgia,13179.0,100,1.0,2.0,,,,0.038199998
74501,2020-06-20,Liberty,Georgia,13179.0,100,1.0,0.0,,,,0.102
74502,2020-06-21,Liberty,Georgia,13179.0,101,1.0,1.0,,,,0.09260000300000001
74503,2020-06-22,Liberty,Georgia,13179.0,102,1.0,1.0,,,,0.0779
74504,2020-06-23,Liberty,Georgia,13179.0,110,1.0,8.0,,,,0.193
74505,2020-06-24,Liberty,Georgia,13179.0,112,1.0,2.0,,,,0.13500001
74506,2020-06-25,Liberty,Georgia,13179.0,112,1.0,0.0,,,,0.078599997
74507,2020-06-26,Liberty,Georgia,13179.0,112,1.0,0.0,,,,0.0228
74508,2020-06-27,Liberty,Georgia,13179.0,114,1.0,2.0,,,,-0.0090300003
74509,2020-06-28,Liberty,Georgia,13179.0,114,1.0,0.0,,,,-0.021400001000000002
74510,2020-06-29,Liberty,Georgia,13179.0,114,1.0,0.0,,,,-0.0020900001
74511,2020-06-30,Liberty,Georgia,13179.0,121,1.0,7.0,,,,-0.0010199999999999999
74512,2020-07-01,Liberty,Georgia,13179.0,127,1.0,6.0,,,,0.09470000099999999
74513,2020-07-02,Liberty,Georgia,13179.0,131,1.0,4.0,,,,-0.034699999
74514,2020-07-03,Liberty,Georgia,13179.0,139,1.0,8.0,,,,-0.079599999
74515,2020-07-04,Liberty,Georgia,13179.0,146,1.0,7.0,,,,0.0228
74516,2020-07-05,Liberty,Georgia,13179.0,157,1.0,11.0,,,,0.0107
74517,2020-07-06,Liberty,Georgia,13179.0,161,1.0,4.0,,,,-0.0186
74518,2020-07-07,Liberty,Georgia,13179.0,168,1.0,7.0,,,,-0.026000001000000002
74519,2020-07-08,Liberty,Georgia,13179.0,171,1.0,3.0,,,,-0.084299996
74520,2020-07-09,Liberty,Georgia,13179.0,178,1.0,7.0,,,,0.027000001000000003
74521,2020-07-10,Liberty,Georgia,13179.0,195,1.0,17.0,,,,0.071099997
74522,2020-07-11,Liberty,Georgia,13179.0,238,1.0,43.0,,,,0.033300001
74523,2020-07-12,Liberty,Georgia,13179.0,251,1.0,13.0,,,,0.039299997999999996
74524,2020-07-13,Liberty,Georgia,13179.0,273,2.0,22.0,,,,0.066299997
74525,2020-07-14,Liberty,Georgia,13179.0,281,2.0,8.0,,,,0.050099999000000006
74526,2020-07-15,Liberty,Georgia,13179.0,302,2.0,21.0,,,,0.0605
74527,2020-07-16,Liberty,Georgia,13179.0,315,2.0,13.0,,,,0.0546
74528,2020-07-17,Liberty,Georgia,13179.0,329,2.0,14.0,,,,0.0405
74529,2020-07-18,Liberty,Georgia,13179.0,346,2.0,17.0,,,,0.066
74530,2020-07-19,Liberty,Georgia,13179.0,363,2.0,17.0,,,,0.067500003
74531,2020-07-20,Liberty,Georgia,13179.0,377,2.0,14.0,,,,0.0243
74532,2020-07-21,Liberty,Georgia,13179.0,398,2.0,21.0,,,,-0.0029500001
74533,2020-07-22,Liberty,Georgia,13179.0,437,2.0,39.0,,,,0.043699998
74534,2020-07-23,Liberty,Georgia,13179.0,458,2.0,21.0,,,,0.0036500001
74535,2020-07-24,Liberty,Georgia,13179.0,468,2.0,10.0,,,,-0.040399998
74536,2020-07-25,Liberty,Georgia,13179.0,475,2.0,7.0,,,,-0.096199997
74537,2020-07-26,Liberty,Georgia,13179.0,476,2.0,1.0,,,,-0.023600001000000002
74538,2020-07-27,Liberty,Georgia,13179.0,485,2.0,9.0,,,,0.06859999900000001
74539,2020-07-28,Liberty,Georgia,13179.0,524,2.0,39.0,,,,0.00285
74540,2020-07-29,Liberty,Georgia,13179.0,548,2.0,24.0,,,,-0.016100001
74541,2020-07-30,Liberty,Georgia,13179.0,562,2.0,14.0,,,,-0.0088900002
74542,2020-07-31,Liberty,Georgia,13179.0,575,2.0,13.0,,,,0.0044300002
74543,2020-08-01,Liberty,Georgia,13179.0,594,2.0,19.0,,,,0.034699999
74544,2020-08-02,Liberty,Georgia,13179.0,605,2.0,11.0,,,,-0.0063399998
74545,2020-08-03,Liberty,Georgia,13179.0,624,2.0,19.0,,,,-0.081100002
74546,2020-08-04,Liberty,Georgia,13179.0,643,2.0,19.0,,,,0.023499999
74547,2020-08-05,Liberty,Georgia,13179.0,659,3.0,16.0,,,,0.0073199999
74548,2020-08-06,Liberty,Georgia,13179.0,676,3.0,17.0,,,,-0.131
74549,2020-08-07,Liberty,Georgia,13179.0,695,3.0,19.0,,,,-0.091399997
74550,2020-08-08,Liberty,Georgia,13179.0,713,3.0,18.0,,,,0.038199998
74551,2020-08-09,Liberty,Georgia,13179.0,720,3.0,7.0,,,,0.059599999
74552,2020-08-10,Liberty,Georgia,13179.0,727,3.0,7.0,,,,0.027799999
74553,2020-08-11,Liberty,Georgia,13179.0,766,4.0,39.0,,,,-0.090499997
74554,2020-08-12,Liberty,Georgia,13179.0,780,6.0,14.0,,,,-0.060800001
74555,2020-08-13,Liberty,Georgia,13179.0,784,7.0,4.0,,,,0.0515
74556,2020-08-14,Liberty,Georgia,13179.0,789,7.0,5.0,,,,0.145
74557,2020-08-15,Liberty,Georgia,13179.0,798,7.0,9.0,,,,0.09210000199999999
74558,2020-08-16,Liberty,Georgia,13179.0,803,7.0,5.0,,,,0.045400000999999995
74559,2020-08-17,Liberty,Georgia,13179.0,805,7.0,2.0,,,,0.11199999999999999
74560,2020-08-18,Liberty,Georgia,13179.0,811,8.0,6.0,,,,0.23399999999999999
74561,2020-08-19,Liberty,Georgia,13179.0,819,9.0,8.0,,,,0.17299999
74562,2020-08-20,Liberty,Georgia,13179.0,837,11.0,18.0,,,,0.17800000000000002
74563,2020-08-21,Liberty,Georgia,13179.0,851,12.0,14.0,,,,0.19400001
74564,2020-08-22,Liberty,Georgia,13179.0,862,13.0,11.0,,,,0.132
74565,2020-08-23,Liberty,Georgia,13179.0,866,13.0,4.0,,,,0.08829999699999999
74566,2020-08-24,Liberty,Georgia,13179.0,878,13.0,12.0,,,,0.016799999
74567,2020-08-25,Liberty,Georgia,13179.0,884,14.0,6.0,,,,0.025
74568,2020-08-26,Liberty,Georgia,13179.0,894,15.0,10.0,,,,0.11599999999999999
74569,2020-08-27,Liberty,Georgia,13179.0,900,17.0,6.0,,,,0.0592
74570,2020-08-28,Liberty,Georgia,13179.0,914,17.0,14.0,,,,0.012
74571,2020-08-29,Liberty,Georgia,13179.0,924,17.0,10.0,,,,0.0277
74572,2020-08-30,Liberty,Georgia,13179.0,929,17.0,5.0,,,,0.052700002
74573,2020-08-31,Liberty,Georgia,13179.0,930,17.0,1.0,,,,0.16599999
74574,2020-09-01,Liberty,Georgia,13179.0,932,18.0,2.0,,,,0.25299999
74575,2020-09-02,Liberty,Georgia,13179.0,933,18.0,1.0,,,,0.24699999
74576,2020-09-03,Liberty,Georgia,13179.0,940,18.0,7.0,,,,0.26699999
74577,2020-09-04,Liberty,Georgia,13179.0,945,18.0,5.0,,,,0.35699999
74578,2020-09-05,Liberty,Georgia,13179.0,949,18.0,4.0,,,,0.38699999
74579,2020-09-06,Liberty,Georgia,13179.0,956,19.0,7.0,,,,0.28999999
74580,2020-09-07,Liberty,Georgia,13179.0,959,19.0,3.0,,,,0.18099999
74581,2020-09-08,Liberty,Georgia,13179.0,968,19.0,9.0,,,,0.308
74582,2020-09-09,Liberty,Georgia,13179.0,978,19.0,10.0,,,,0.33899999
74583,2020-09-10,Liberty,Georgia,13179.0,981,19.0,3.0,,,,0.257
74584,2020-09-11,Liberty,Georgia,13179.0,989,19.0,8.0,,,,0.21100000000000002
74585,2020-09-12,Liberty,Georgia,13179.0,997,19.0,8.0,,,,0.17900001
74586,2020-09-13,Liberty,Georgia,13179.0,1006,20.0,9.0,,,,0.264
74587,2020-09-14,Liberty,Georgia,13179.0,1009,20.0,3.0,,,,0.317
74588,2020-09-15,Liberty,Georgia,13179.0,1012,20.0,3.0,,,,0.243
74589,2020-09-16,Liberty,Georgia,13179.0,1016,20.0,4.0,,,,0.132
74590,2020-09-17,Liberty,Georgia,13179.0,1029,20.0,13.0,,,,0.17900001
74591,2020-09-18,Liberty,Georgia,13179.0,1050,22.0,21.0,,,,0.20100001
74592,2020-09-19,Liberty,Georgia,13179.0,1060,22.0,10.0,,,,0.13600001
74593,2020-09-20,Liberty,Georgia,13179.0,1062,22.0,2.0,,,,0.0977
74594,2020-09-21,Liberty,Georgia,13179.0,1064,22.0,2.0,,,,0.065399997
74595,2020-09-22,Liberty,Georgia,13179.0,1078,22.0,14.0,,,,0.093199998
74596,2020-09-23,Liberty,Georgia,13179.0,1091,22.0,13.0,,,,0.17600000000000002
74597,2020-09-24,Liberty,Georgia,13179.0,1100,22.0,9.0,,,,0.13
74598,2020-09-25,Liberty,Georgia,13179.0,1103,22.0,3.0,,,,0.043900002
74599,2020-09-26,Liberty,Georgia,13179.0,1105,22.0,2.0,,,,0.085299999
74600,2020-09-27,Liberty,Georgia,13179.0,1108,22.0,3.0,,,,0.13600001
74601,2020-09-28,Liberty,Georgia,13179.0,1110,22.0,2.0,,,,0.11199999999999999
74602,2020-09-29,Liberty,Georgia,13179.0,1118,22.0,8.0,,,,0.05840000099999999
74603,2020-09-30,Liberty,Georgia,13179.0,1125,22.0,7.0,,,,0.052700002
74604,2020-10-01,Liberty,Georgia,13179.0,1129,23.0,4.0,,,,0.109
74605,2020-10-02,Liberty,Georgia,13179.0,1134,23.0,5.0,,,,0.10800000000000001
74606,2020-10-03,Liberty,Georgia,13179.0,1140,23.0,6.0,,,,0.09399999699999999
74607,2020-10-04,Liberty,Georgia,13179.0,1143,23.0,3.0,,,,0.12
74608,2020-10-05,Liberty,Georgia,13179.0,1163,23.0,20.0,,,,0.11199999999999999
74609,2020-10-06,Liberty,Georgia,13179.0,1165,23.0,2.0,,,,0.146
74610,2020-10-07,Liberty,Georgia,13179.0,1167,23.0,2.0,,,,0.16
74611,2020-10-08,Liberty,Georgia,13179.0,1168,23.0,1.0,,,,0.152
74612,2020-10-09,Liberty,Georgia,13179.0,1179,24.0,11.0,,,,0.26199999
74613,2020-10-10,Liberty,Georgia,13179.0,1181,24.0,2.0,,,,0.27000001
74614,2020-10-11,Liberty,Georgia,13179.0,1182,24.0,1.0,,,,0.207
74615,2020-10-12,Liberty,Georgia,13179.0,1188,24.0,6.0,,,,0.146
74616,2020-10-13,Liberty,Georgia,13179.0,1189,24.0,1.0,,,,0.14800000000000002
74617,2020-10-14,Liberty,Georgia,13179.0,1192,24.0,3.0,,,,0.142
74618,2020-10-15,Liberty,Georgia,13179.0,1196,24.0,4.0,,,,0.149
74619,2020-10-16,Liberty,Georgia,13179.0,1203,24.0,7.0,,,,0.11900000000000001
74620,2020-10-17,Liberty,Georgia,13179.0,1207,24.0,4.0,,,,0.12300000000000001
74621,2020-10-18,Liberty,Georgia,13179.0,1216,24.0,9.0,,,,0.08659999800000001
74622,2020-10-19,Liberty,Georgia,13179.0,1223,24.0,7.0,,,,0.154
74623,2020-10-20,Liberty,Georgia,13179.0,1234,24.0,11.0,,,,0.21600001
74624,2020-10-21,Liberty,Georgia,13179.0,1236,24.0,2.0,,,,0.096600004
74625,2020-10-22,Liberty,Georgia,13179.0,1240,25.0,4.0,,,,0.0429
74626,2020-10-23,Liberty,Georgia,13179.0,1250,25.0,10.0,,,,0.0117
74627,2020-10-24,Liberty,Georgia,13179.0,1254,25.0,4.0,,,,0.059500001
74628,2020-10-25,Liberty,Georgia,13179.0,1255,25.0,1.0,,,,0.11
74629,2020-10-26,Liberty,Georgia,13179.0,1259,25.0,4.0,,,,0.051399997999999995
74630,2020-10-27,Liberty,Georgia,13179.0,1272,25.0,13.0,,,,0.0055399998
74631,2020-10-28,Liberty,Georgia,13179.0,1300,25.0,28.0,,,,0.080399998
74632,2020-10-29,Liberty,Georgia,13179.0,1313,25.0,13.0,,,,0.133
74633,2020-10-30,Liberty,Georgia,13179.0,1311,25.0,-2.0,,,,0.12300000000000001
74634,2020-10-31,Liberty,Georgia,13179.0,1315,25.0,4.0,,,,0.020500001
74635,2020-11-01,Liberty,Georgia,13179.0,1314,25.0,-1.0,,,,0.0126
74636,2020-11-02,Liberty,Georgia,13179.0,1312,25.0,-2.0,,,,0.0427
74637,2020-11-03,Liberty,Georgia,13179.0,1318,25.0,6.0,,,,0.0286
74638,2020-11-04,Liberty,Georgia,13179.0,1331,26.0,13.0,,,,-0.0132
74639,2020-11-05,Liberty,Georgia,13179.0,1363,26.0,32.0,,,,-0.032200001
74640,2020-11-06,Liberty,Georgia,13179.0,1365,26.0,2.0,,,,0.0601
74641,2020-11-07,Liberty,Georgia,13179.0,1374,26.0,9.0,,,,0.11699999999999999
74642,2020-11-08,Liberty,Georgia,13179.0,1376,26.0,2.0,,,,0.105
74643,2020-11-09,Liberty,Georgia,13179.0,1388,27.0,12.0,,,,0.141
74644,2020-11-10,Liberty,Georgia,13179.0,1396,27.0,8.0,,,,0.17299999
74645,2020-11-11,Liberty,Georgia,13179.0,1414,28.0,18.0,,,,0.16500001
74646,2020-11-12,Liberty,Georgia,13179.0,1418,28.0,4.0,,,,0.28400001
74647,2020-11-13,Liberty,Georgia,13179.0,1430,28.0,12.0,,,,0.22
74648,2020-11-14,Liberty,Georgia,13179.0,1440,28.0,10.0,,,,0.243
74649,2020-11-15,Liberty,Georgia,13179.0,1441,28.0,1.0,,,,0.24600001
74650,2020-11-16,Liberty,Georgia,13179.0,1452,28.0,11.0,,,,0.212
74651,2020-11-17,Liberty,Georgia,13179.0,1460,28.0,8.0,,,,0.22899999999999998
74652,2020-11-18,Liberty,Georgia,13179.0,1467,28.0,7.0,,,,0.20100001
74653,2020-11-19,Liberty,Georgia,13179.0,1482,28.0,15.0,,,,0.12899999
74654,2020-11-20,Liberty,Georgia,13179.0,1496,28.0,14.0,,,,0.09229999800000001
74655,2020-11-21,Liberty,Georgia,13179.0,1511,28.0,15.0,,,,0.1
74656,2020-11-22,Liberty,Georgia,13179.0,1514,28.0,3.0,,,,0.131
