,date,county,state,fips,cases,deaths,new_cases,emp_combined,emp_combined_inclow,revenue_all,spend_all
74163,2020-03-19,Laurens,Georgia,13175.0,2,0.0,0.0,,,,-0.0704
74164,2020-03-20,Laurens,Georgia,13175.0,2,0.0,0.0,,,,-0.10800000000000001
74165,2020-03-21,Laurens,Georgia,13175.0,2,0.0,0.0,,,,-0.125
74166,2020-03-22,Laurens,Georgia,13175.0,2,0.0,0.0,,,,-0.156
74167,2020-03-23,Laurens,Georgia,13175.0,2,0.0,0.0,,,,-0.20999999
74168,2020-03-24,Laurens,Georgia,13175.0,6,0.0,4.0,,,,-0.24699999
74169,2020-03-25,Laurens,Georgia,13175.0,7,0.0,1.0,,,,-0.27000001
74170,2020-03-26,Laurens,Georgia,13175.0,8,0.0,1.0,,,,-0.30399999
74171,2020-03-27,Laurens,Georgia,13175.0,7,0.0,-1.0,,,,-0.303
74172,2020-03-28,Laurens,Georgia,13175.0,9,0.0,2.0,,,,-0.31400001
74173,2020-03-29,Laurens,Georgia,13175.0,12,0.0,3.0,,,,-0.32600001
74174,2020-03-30,Laurens,Georgia,13175.0,13,0.0,1.0,,,,-0.31600001
74175,2020-03-31,Laurens,Georgia,13175.0,13,0.0,0.0,,,,-0.30899999
74176,2020-04-01,Laurens,Georgia,13175.0,14,0.0,1.0,,,,-0.26499999
74177,2020-04-02,Laurens,Georgia,13175.0,14,0.0,0.0,,,,-0.22699999999999998
74178,2020-04-03,Laurens,Georgia,13175.0,15,0.0,1.0,,,,-0.20900001
74179,2020-04-04,Laurens,Georgia,13175.0,15,0.0,0.0,,,,-0.21600001
74180,2020-04-05,Laurens,Georgia,13175.0,15,0.0,0.0,,,,-0.205
74181,2020-04-06,Laurens,Georgia,13175.0,17,0.0,2.0,,,,-0.18799999
74182,2020-04-07,Laurens,Georgia,13175.0,24,0.0,7.0,,,,-0.182
74183,2020-04-08,Laurens,Georgia,13175.0,27,0.0,3.0,,,,-0.213
74184,2020-04-09,Laurens,Georgia,13175.0,27,0.0,0.0,,,,-0.23600000000000002
74185,2020-04-10,Laurens,Georgia,13175.0,29,1.0,2.0,,,,-0.27000001
74186,2020-04-11,Laurens,Georgia,13175.0,31,1.0,2.0,,,,-0.25999999
74187,2020-04-12,Laurens,Georgia,13175.0,34,1.0,3.0,,,,-0.25999999
74188,2020-04-13,Laurens,Georgia,13175.0,35,1.0,1.0,,,,-0.271
74189,2020-04-14,Laurens,Georgia,13175.0,35,1.0,0.0,,,,-0.255
74190,2020-04-15,Laurens,Georgia,13175.0,35,1.0,0.0,,,,-0.163
74191,2020-04-16,Laurens,Georgia,13175.0,38,1.0,3.0,,,,-0.154
74192,2020-04-17,Laurens,Georgia,13175.0,39,1.0,1.0,,,,-0.09830000300000001
74193,2020-04-18,Laurens,Georgia,13175.0,41,1.0,2.0,,,,-0.064999998
74194,2020-04-19,Laurens,Georgia,13175.0,43,1.0,2.0,,,,-0.033599999
74195,2020-04-20,Laurens,Georgia,13175.0,43,1.0,0.0,,,,-0.0114
74196,2020-04-21,Laurens,Georgia,13175.0,43,1.0,0.0,,,,-0.0037499999
74197,2020-04-22,Laurens,Georgia,13175.0,44,1.0,1.0,,,,-0.0129
74198,2020-04-23,Laurens,Georgia,13175.0,46,1.0,2.0,,,,-0.0059500001
74199,2020-04-24,Laurens,Georgia,13175.0,50,1.0,4.0,,,,-0.0407
74200,2020-04-25,Laurens,Georgia,13175.0,52,1.0,2.0,,,,-0.039500002
74201,2020-04-26,Laurens,Georgia,13175.0,52,1.0,0.0,,,,-0.08569999800000001
74202,2020-04-27,Laurens,Georgia,13175.0,54,1.0,2.0,,,,-0.091300003
74203,2020-04-28,Laurens,Georgia,13175.0,54,1.0,0.0,,,,-0.106
74204,2020-04-29,Laurens,Georgia,13175.0,54,1.0,0.0,,,,-0.14800000000000002
74205,2020-04-30,Laurens,Georgia,13175.0,60,1.0,6.0,,,,-0.152
74206,2020-05-01,Laurens,Georgia,13175.0,62,1.0,2.0,,,,-0.126
74207,2020-05-02,Laurens,Georgia,13175.0,64,1.0,2.0,,,,-0.121
74208,2020-05-03,Laurens,Georgia,13175.0,64,1.0,0.0,,,,-0.113
74209,2020-05-04,Laurens,Georgia,13175.0,67,1.0,3.0,,,,-0.10300000000000001
74210,2020-05-05,Laurens,Georgia,13175.0,68,1.0,1.0,,,,-0.076399997
74211,2020-05-06,Laurens,Georgia,13175.0,70,1.0,2.0,,,,-0.0506
74212,2020-05-07,Laurens,Georgia,13175.0,72,1.0,2.0,,,,-0.074199997
74213,2020-05-08,Laurens,Georgia,13175.0,77,1.0,5.0,,,,-0.097099997
74214,2020-05-09,Laurens,Georgia,13175.0,80,1.0,3.0,,,,-0.126
74215,2020-05-10,Laurens,Georgia,13175.0,80,1.0,0.0,,,,-0.11800000000000001
74216,2020-05-11,Laurens,Georgia,13175.0,82,1.0,2.0,,,,-0.11
74217,2020-05-12,Laurens,Georgia,13175.0,82,1.0,0.0,,,,-0.10300000000000001
74218,2020-05-13,Laurens,Georgia,13175.0,85,1.0,3.0,,,,-0.127
74219,2020-05-14,Laurens,Georgia,13175.0,86,1.0,1.0,,,,-0.11800000000000001
74220,2020-05-15,Laurens,Georgia,13175.0,87,1.0,1.0,,,,-0.10800000000000001
74221,2020-05-16,Laurens,Georgia,13175.0,94,1.0,7.0,,,,-0.0735
74222,2020-05-17,Laurens,Georgia,13175.0,94,1.0,0.0,,,,-0.074699998
74223,2020-05-18,Laurens,Georgia,13175.0,95,1.0,1.0,,,,-0.091600001
74224,2020-05-19,Laurens,Georgia,13175.0,98,1.0,3.0,,,,-0.114
74225,2020-05-20,Laurens,Georgia,13175.0,94,1.0,-4.0,,,,-0.079099998
74226,2020-05-21,Laurens,Georgia,13175.0,95,1.0,1.0,,,,-0.06580000400000001
74227,2020-05-22,Laurens,Georgia,13175.0,96,1.0,1.0,,,,-0.060699999000000004
74228,2020-05-23,Laurens,Georgia,13175.0,100,1.0,4.0,,,,-0.057100002000000004
74229,2020-05-24,Laurens,Georgia,13175.0,101,1.0,1.0,,,,-0.038800001
74230,2020-05-25,Laurens,Georgia,13175.0,104,1.0,3.0,,,,-0.047800000999999995
74231,2020-05-26,Laurens,Georgia,13175.0,105,1.0,1.0,,,,-0.047499999
74232,2020-05-27,Laurens,Georgia,13175.0,104,1.0,-1.0,,,,-0.079000004
74233,2020-05-28,Laurens,Georgia,13175.0,104,1.0,0.0,,,,-0.09669999800000001
74234,2020-05-29,Laurens,Georgia,13175.0,103,1.0,-1.0,,,,-0.07299999900000001
74235,2020-05-30,Laurens,Georgia,13175.0,105,1.0,2.0,,,,-0.097000003
74236,2020-05-31,Laurens,Georgia,13175.0,106,1.0,1.0,,,,-0.126
74237,2020-06-01,Laurens,Georgia,13175.0,108,1.0,2.0,,,,-0.09390000300000001
74238,2020-06-02,Laurens,Georgia,13175.0,108,1.0,0.0,,,,-0.084600002
74239,2020-06-03,Laurens,Georgia,13175.0,108,1.0,0.0,,,,-0.0889
74240,2020-06-04,Laurens,Georgia,13175.0,108,1.0,0.0,,,,-0.073299997
74241,2020-06-05,Laurens,Georgia,13175.0,108,1.0,0.0,,,,-0.09210000199999999
74242,2020-06-06,Laurens,Georgia,13175.0,109,1.0,1.0,,,,-0.0713
74243,2020-06-07,Laurens,Georgia,13175.0,109,1.0,0.0,,,,-0.047200002000000005
74244,2020-06-08,Laurens,Georgia,13175.0,112,1.0,3.0,,,,-0.062799998
74245,2020-06-09,Laurens,Georgia,13175.0,116,1.0,4.0,,,,-0.052000001
74246,2020-06-10,Laurens,Georgia,13175.0,116,1.0,0.0,,,,-0.0339
74247,2020-06-11,Laurens,Georgia,13175.0,116,1.0,0.0,,,,-0.0253
74248,2020-06-12,Laurens,Georgia,13175.0,113,1.0,-3.0,,,,-0.0264
74249,2020-06-13,Laurens,Georgia,13175.0,117,1.0,4.0,,,,-0.036200002
74250,2020-06-14,Laurens,Georgia,13175.0,117,1.0,0.0,,,,-0.051100001
74251,2020-06-15,Laurens,Georgia,13175.0,118,1.0,1.0,,,,-0.050000000999999995
74252,2020-06-16,Laurens,Georgia,13175.0,118,1.0,0.0,,,,-0.066399999
74253,2020-06-17,Laurens,Georgia,13175.0,121,1.0,3.0,,,,-0.07970000099999999
74254,2020-06-18,Laurens,Georgia,13175.0,125,1.0,4.0,,,,-0.088100001
74255,2020-06-19,Laurens,Georgia,13175.0,129,1.0,4.0,,,,-0.0407
74256,2020-06-20,Laurens,Georgia,13175.0,131,1.0,2.0,,,,-0.032499999
74257,2020-06-21,Laurens,Georgia,13175.0,131,1.0,0.0,,,,-0.0209
74258,2020-06-22,Laurens,Georgia,13175.0,133,1.0,2.0,,,,-0.0319
74259,2020-06-23,Laurens,Georgia,13175.0,134,0.0,1.0,,,,-0.036800001
74260,2020-06-24,Laurens,Georgia,13175.0,140,0.0,6.0,,,,-0.042199999
74261,2020-06-25,Laurens,Georgia,13175.0,146,1.0,6.0,,,,-0.0436
74262,2020-06-26,Laurens,Georgia,13175.0,147,1.0,1.0,,,,-0.079400003
74263,2020-06-27,Laurens,Georgia,13175.0,151,1.0,4.0,,,,-0.098200001
74264,2020-06-28,Laurens,Georgia,13175.0,156,1.0,5.0,,,,-0.10300000000000001
74265,2020-06-29,Laurens,Georgia,13175.0,158,1.0,2.0,,,,-0.08209999700000001
74266,2020-06-30,Laurens,Georgia,13175.0,167,1.0,9.0,,,,-0.069799997
74267,2020-07-01,Laurens,Georgia,13175.0,177,1.0,10.0,,,,-0.0603
74268,2020-07-02,Laurens,Georgia,13175.0,202,1.0,25.0,,,,-0.047800000999999995
74269,2020-07-03,Laurens,Georgia,13175.0,209,1.0,7.0,,,,-0.086900003
74270,2020-07-04,Laurens,Georgia,13175.0,220,1.0,11.0,,,,-0.035300002000000004
74271,2020-07-05,Laurens,Georgia,13175.0,225,1.0,5.0,,,,-0.0254
74272,2020-07-06,Laurens,Georgia,13175.0,231,1.0,6.0,,,,-0.036699999
74273,2020-07-07,Laurens,Georgia,13175.0,261,1.0,30.0,,,,-0.041099999
74274,2020-07-08,Laurens,Georgia,13175.0,279,1.0,18.0,,,,-0.043400000999999994
74275,2020-07-09,Laurens,Georgia,13175.0,297,1.0,18.0,,,,-0.044199999000000004
74276,2020-07-10,Laurens,Georgia,13175.0,344,1.0,47.0,,,,-0.023800001
74277,2020-07-11,Laurens,Georgia,13175.0,362,1.0,18.0,,,,-0.0495
74278,2020-07-12,Laurens,Georgia,13175.0,367,1.0,5.0,,,,-0.029899999
74279,2020-07-13,Laurens,Georgia,13175.0,381,1.0,14.0,,,,-0.04410000099999999
74280,2020-07-14,Laurens,Georgia,13175.0,384,1.0,3.0,,,,-0.045400000999999995
74281,2020-07-15,Laurens,Georgia,13175.0,412,1.0,28.0,,,,0.0069800001
74282,2020-07-16,Laurens,Georgia,13175.0,422,1.0,10.0,,,,-0.0019499998999999999
74283,2020-07-17,Laurens,Georgia,13175.0,447,1.0,25.0,,,,-0.0064900001
74284,2020-07-18,Laurens,Georgia,13175.0,463,1.0,16.0,,,,0.034400001
74285,2020-07-19,Laurens,Georgia,13175.0,477,1.0,14.0,,,,0.035300002000000004
74286,2020-07-20,Laurens,Georgia,13175.0,492,1.0,15.0,,,,0.0185
74287,2020-07-21,Laurens,Georgia,13175.0,513,1.0,21.0,,,,0.0136
74288,2020-07-22,Laurens,Georgia,13175.0,537,1.0,24.0,,,,-0.0407
74289,2020-07-23,Laurens,Georgia,13175.0,548,1.0,11.0,,,,-0.0601
74290,2020-07-24,Laurens,Georgia,13175.0,562,1.0,14.0,,,,-0.033100002
74291,2020-07-25,Laurens,Georgia,13175.0,570,1.0,8.0,,,,-0.047899999000000006
74292,2020-07-26,Laurens,Georgia,13175.0,596,2.0,26.0,,,,-0.071099997
74293,2020-07-27,Laurens,Georgia,13175.0,605,2.0,9.0,,,,-0.061799999
74294,2020-07-28,Laurens,Georgia,13175.0,630,2.0,25.0,,,,-0.053800002
74295,2020-07-29,Laurens,Georgia,13175.0,637,3.0,7.0,,,,-0.046100002
74296,2020-07-30,Laurens,Georgia,13175.0,669,3.0,32.0,,,,-0.032400001
74297,2020-07-31,Laurens,Georgia,13175.0,706,4.0,37.0,,,,-0.0447
74298,2020-08-01,Laurens,Georgia,13175.0,727,4.0,21.0,,,,-0.069700003
74299,2020-08-02,Laurens,Georgia,13175.0,749,4.0,22.0,,,,-0.06899999799999999
74300,2020-08-03,Laurens,Georgia,13175.0,762,4.0,13.0,,,,-0.060199998
74301,2020-08-04,Laurens,Georgia,13175.0,774,5.0,12.0,,,,-0.051600002
74302,2020-08-05,Laurens,Georgia,13175.0,785,6.0,11.0,,,,-0.059900000999999994
74303,2020-08-06,Laurens,Georgia,13175.0,828,8.0,43.0,,,,-0.06199999900000001
74304,2020-08-07,Laurens,Georgia,13175.0,865,8.0,37.0,,,,-0.056200001
74305,2020-08-08,Laurens,Georgia,13175.0,886,8.0,21.0,,,,-0.0264
74306,2020-08-09,Laurens,Georgia,13175.0,910,8.0,24.0,,,,0.00562
74307,2020-08-10,Laurens,Georgia,13175.0,951,9.0,41.0,,,,0.0009670000300000001
74308,2020-08-11,Laurens,Georgia,13175.0,993,14.0,42.0,,,,-0.0042400002
74309,2020-08-12,Laurens,Georgia,13175.0,1064,17.0,71.0,,,,0.0147
74310,2020-08-13,Laurens,Georgia,13175.0,1075,17.0,11.0,,,,0.057799999000000005
74311,2020-08-14,Laurens,Georgia,13175.0,1086,17.0,11.0,,,,0.064099997
74312,2020-08-15,Laurens,Georgia,13175.0,1109,19.0,23.0,,,,0.040199999
74313,2020-08-16,Laurens,Georgia,13175.0,1128,19.0,19.0,,,,0.0073799998
74314,2020-08-17,Laurens,Georgia,13175.0,1142,19.0,14.0,,,,-0.00063800003
74315,2020-08-18,Laurens,Georgia,13175.0,1154,19.0,12.0,,,,0.00233
74316,2020-08-19,Laurens,Georgia,13175.0,1167,19.0,13.0,,,,0.0071100001000000005
74317,2020-08-20,Laurens,Georgia,13175.0,1179,25.0,12.0,,,,0.000681
74318,2020-08-21,Laurens,Georgia,13175.0,1197,27.0,18.0,,,,-0.0308
74319,2020-08-22,Laurens,Georgia,13175.0,1212,32.0,15.0,,,,-0.033300001
74320,2020-08-23,Laurens,Georgia,13175.0,1223,34.0,11.0,,,,-0.0036299999
74321,2020-08-24,Laurens,Georgia,13175.0,1227,36.0,4.0,,,,-0.0073500001
74322,2020-08-25,Laurens,Georgia,13175.0,1244,39.0,17.0,,,,-0.020199999
74323,2020-08-26,Laurens,Georgia,13175.0,1253,40.0,9.0,,,,-0.032299998999999996
74324,2020-08-27,Laurens,Georgia,13175.0,1276,40.0,23.0,,,,-0.04410000099999999
74325,2020-08-28,Laurens,Georgia,13175.0,1305,42.0,29.0,,,,-0.048
74326,2020-08-29,Laurens,Georgia,13175.0,1315,44.0,10.0,,,,-0.035
74327,2020-08-30,Laurens,Georgia,13175.0,1323,45.0,8.0,,,,-0.07299999900000001
74328,2020-08-31,Laurens,Georgia,13175.0,1342,47.0,19.0,,,,-0.04630000099999999
74329,2020-09-01,Laurens,Georgia,13175.0,1353,48.0,11.0,,,,-0.045400000999999995
74330,2020-09-02,Laurens,Georgia,13175.0,1350,48.0,-3.0,,,,-0.0298
74331,2020-09-03,Laurens,Georgia,13175.0,1371,49.0,21.0,,,,0.0352
74332,2020-09-04,Laurens,Georgia,13175.0,1379,50.0,8.0,,,,0.035700001
74333,2020-09-05,Laurens,Georgia,13175.0,1387,50.0,8.0,,,,0.042100001
74334,2020-09-06,Laurens,Georgia,13175.0,1398,50.0,11.0,,,,0.11599999999999999
74335,2020-09-07,Laurens,Georgia,13175.0,1416,52.0,18.0,,,,0.08940000099999999
74336,2020-09-08,Laurens,Georgia,13175.0,1428,52.0,12.0,,,,0.0307
74337,2020-09-09,Laurens,Georgia,13175.0,1455,52.0,27.0,,,,0.0155
74338,2020-09-10,Laurens,Georgia,13175.0,1463,54.0,8.0,,,,-0.0175
74339,2020-09-11,Laurens,Georgia,13175.0,1468,54.0,5.0,,,,-0.057500000999999995
74340,2020-09-12,Laurens,Georgia,13175.0,1478,54.0,10.0,,,,-0.0625
74341,2020-09-13,Laurens,Georgia,13175.0,1491,56.0,13.0,,,,-0.072400004
74342,2020-09-14,Laurens,Georgia,13175.0,1502,56.0,11.0,,,,-0.077699997
74343,2020-09-15,Laurens,Georgia,13175.0,1521,59.0,19.0,,,,-0.082599998
74344,2020-09-16,Laurens,Georgia,13175.0,1527,60.0,6.0,,,,-0.0537
74345,2020-09-17,Laurens,Georgia,13175.0,1546,61.0,19.0,,,,-0.05550000099999999
74346,2020-09-18,Laurens,Georgia,13175.0,1557,62.0,11.0,,,,-0.038699999
74347,2020-09-19,Laurens,Georgia,13175.0,1578,62.0,21.0,,,,-0.024800001000000002
74348,2020-09-20,Laurens,Georgia,13175.0,1586,62.0,8.0,,,,-0.016799999
74349,2020-09-21,Laurens,Georgia,13175.0,1587,62.0,1.0,,,,-0.0155
74350,2020-09-22,Laurens,Georgia,13175.0,1595,64.0,8.0,,,,-0.02
74351,2020-09-23,Laurens,Georgia,13175.0,1609,64.0,14.0,,,,-0.0284
74352,2020-09-24,Laurens,Georgia,13175.0,1621,66.0,12.0,,,,-0.022399999
74353,2020-09-25,Laurens,Georgia,13175.0,1632,67.0,11.0,,,,-0.0138
74354,2020-09-26,Laurens,Georgia,13175.0,1644,69.0,12.0,,,,-0.054000001
74355,2020-09-27,Laurens,Georgia,13175.0,1651,69.0,7.0,,,,-0.057700000999999994
74356,2020-09-28,Laurens,Georgia,13175.0,1652,69.0,1.0,,,,-0.082500003
74357,2020-09-29,Laurens,Georgia,13175.0,1657,74.0,5.0,,,,-0.079999998
74358,2020-09-30,Laurens,Georgia,13175.0,1661,75.0,4.0,,,,-0.0722
74359,2020-10-01,Laurens,Georgia,13175.0,1671,75.0,10.0,,,,-0.0513
74360,2020-10-02,Laurens,Georgia,13175.0,1689,75.0,18.0,,,,-0.038199998
74361,2020-10-03,Laurens,Georgia,13175.0,1702,75.0,13.0,,,,-0.0047399998
74362,2020-10-04,Laurens,Georgia,13175.0,1719,75.0,17.0,,,,-0.0109
74363,2020-10-05,Laurens,Georgia,13175.0,1911,76.0,192.0,,,,-0.0024100000000000002
74364,2020-10-06,Laurens,Georgia,13175.0,1927,77.0,16.0,,,,0.0113
74365,2020-10-07,Laurens,Georgia,13175.0,1947,78.0,20.0,,,,-0.02
74366,2020-10-08,Laurens,Georgia,13175.0,1970,79.0,23.0,,,,-0.034200002
74367,2020-10-09,Laurens,Georgia,13175.0,1992,80.0,22.0,,,,-0.043200000999999995
74368,2020-10-10,Laurens,Georgia,13175.0,2013,81.0,21.0,,,,-0.06329999900000001
74369,2020-10-11,Laurens,Georgia,13175.0,2024,81.0,11.0,,,,-0.0425
74370,2020-10-12,Laurens,Georgia,13175.0,2080,82.0,56.0,,,,-0.019400001
74371,2020-10-13,Laurens,Georgia,13175.0,2085,82.0,5.0,,,,-0.039700001
74372,2020-10-14,Laurens,Georgia,13175.0,2096,82.0,11.0,,,,-0.0024600001
74373,2020-10-15,Laurens,Georgia,13175.0,2112,82.0,16.0,,,,0.0078499997
74374,2020-10-16,Laurens,Georgia,13175.0,2123,85.0,11.0,,,,-0.042100001
74375,2020-10-17,Laurens,Georgia,13175.0,2129,85.0,6.0,,,,-0.035
74376,2020-10-18,Laurens,Georgia,13175.0,2129,86.0,0.0,,,,-0.052000001
74377,2020-10-19,Laurens,Georgia,13175.0,2167,86.0,38.0,,,,-0.06710000299999999
74378,2020-10-20,Laurens,Georgia,13175.0,2180,86.0,13.0,,,,-0.058800001
74379,2020-10-21,Laurens,Georgia,13175.0,2184,86.0,4.0,,,,-0.044300001
74380,2020-10-22,Laurens,Georgia,13175.0,2202,86.0,18.0,,,,-0.0471
74381,2020-10-23,Laurens,Georgia,13175.0,2207,86.0,5.0,,,,-0.00428
74382,2020-10-24,Laurens,Georgia,13175.0,2230,86.0,23.0,,,,-0.0274
74383,2020-10-25,Laurens,Georgia,13175.0,2233,86.0,3.0,,,,0.0020399999
74384,2020-10-26,Laurens,Georgia,13175.0,2263,86.0,30.0,,,,-0.0069700000000000005
74385,2020-10-27,Laurens,Georgia,13175.0,2277,86.0,14.0,,,,-0.016799999
74386,2020-10-28,Laurens,Georgia,13175.0,2298,87.0,21.0,,,,-0.041000001
74387,2020-10-29,Laurens,Georgia,13175.0,2302,88.0,4.0,,,,-0.073700003
74388,2020-10-30,Laurens,Georgia,13175.0,2307,88.0,5.0,,,,-0.067699999
74389,2020-10-31,Laurens,Georgia,13175.0,2319,89.0,12.0,,,,-0.06610000099999999
74390,2020-11-01,Laurens,Georgia,13175.0,2326,89.0,7.0,,,,-0.09830000300000001
74391,2020-11-02,Laurens,Georgia,13175.0,2363,89.0,37.0,,,,-0.078500003
74392,2020-11-03,Laurens,Georgia,13175.0,2375,91.0,12.0,,,,-0.0581
74393,2020-11-04,Laurens,Georgia,13175.0,2404,97.0,29.0,,,,-0.059099998
74394,2020-11-05,Laurens,Georgia,13175.0,2414,98.0,10.0,,,,-0.082199998
74395,2020-11-06,Laurens,Georgia,13175.0,2431,99.0,17.0,,,,-0.073399998
74396,2020-11-07,Laurens,Georgia,13175.0,2435,100.0,4.0,,,,-0.043699998
74397,2020-11-08,Laurens,Georgia,13175.0,2443,100.0,8.0,,,,-0.0242
74398,2020-11-09,Laurens,Georgia,13175.0,2450,100.0,7.0,,,,-0.0308
74399,2020-11-10,Laurens,Georgia,13175.0,2459,103.0,9.0,,,,-0.0385
74400,2020-11-11,Laurens,Georgia,13175.0,2467,104.0,8.0,,,,0.0141
74401,2020-11-12,Laurens,Georgia,13175.0,2477,109.0,10.0,,,,-0.0138
74402,2020-11-13,Laurens,Georgia,13175.0,2487,109.0,10.0,,,,-0.016100001
74403,2020-11-14,Laurens,Georgia,13175.0,2496,109.0,9.0,,,,0.0222
74404,2020-11-15,Laurens,Georgia,13175.0,2500,109.0,4.0,,,,0.0091199996
74405,2020-11-16,Laurens,Georgia,13175.0,2501,109.0,1.0,,,,0.0101
74406,2020-11-17,Laurens,Georgia,13175.0,2506,110.0,5.0,,,,0.0103
74407,2020-11-18,Laurens,Georgia,13175.0,2512,110.0,6.0,,,,0.0418
74408,2020-11-19,Laurens,Georgia,13175.0,2518,112.0,6.0,,,,0.06329999900000001
74409,2020-11-20,Laurens,Georgia,13175.0,2521,113.0,3.0,,,,0.043699998
74410,2020-11-21,Laurens,Georgia,13175.0,2539,113.0,18.0,,,,0.0124
74411,2020-11-22,Laurens,Georgia,13175.0,2542,113.0,3.0,,,,0.0262
