,date,county,state,fips,cases,deaths,new_cases,emp_combined,emp_combined_inclow,revenue_all,spend_all
85260,2020-03-24,Cassia,Idaho,16031.0,1,0.0,0.0,,,,-0.22899999999999998
85261,2020-03-25,Cassia,Idaho,16031.0,1,0.0,0.0,,,,-0.205
85262,2020-03-26,Cassia,Idaho,16031.0,1,0.0,0.0,,,,-0.271
85263,2020-03-27,Cassia,Idaho,16031.0,1,0.0,0.0,,,,-0.32300001
85264,2020-03-28,Cassia,Idaho,16031.0,1,0.0,0.0,,,,-0.33500001
85265,2020-03-29,Cassia,Idaho,16031.0,1,0.0,0.0,,,,-0.34700000000000003
85266,2020-03-30,Cassia,Idaho,16031.0,1,0.0,0.0,,,,-0.34700000000000003
85267,2020-03-31,Cassia,Idaho,16031.0,1,1.0,0.0,,,,-0.324
85268,2020-04-01,Cassia,Idaho,16031.0,1,1.0,0.0,,,,-0.36399999
85269,2020-04-02,Cassia,Idaho,16031.0,3,1.0,2.0,,,,-0.384
85270,2020-04-03,Cassia,Idaho,16031.0,4,1.0,1.0,,,,-0.37400001
85271,2020-04-04,Cassia,Idaho,16031.0,4,1.0,0.0,,,,-0.36199999
85272,2020-04-05,Cassia,Idaho,16031.0,4,1.0,0.0,,,,-0.34799999
85273,2020-04-06,Cassia,Idaho,16031.0,5,1.0,1.0,,,,-0.33000001
85274,2020-04-07,Cassia,Idaho,16031.0,5,1.0,0.0,,,,-0.35100001
85275,2020-04-08,Cassia,Idaho,16031.0,5,1.0,0.0,,,,-0.31200001
85276,2020-04-09,Cassia,Idaho,16031.0,6,1.0,1.0,,,,-0.287
85277,2020-04-10,Cassia,Idaho,16031.0,7,1.0,1.0,,,,-0.26699999
85278,2020-04-11,Cassia,Idaho,16031.0,7,1.0,0.0,,,,-0.26300001
85279,2020-04-12,Cassia,Idaho,16031.0,8,1.0,1.0,,,,-0.259
85280,2020-04-13,Cassia,Idaho,16031.0,9,1.0,1.0,,,,-0.212
85281,2020-04-14,Cassia,Idaho,16031.0,9,1.0,0.0,,,,-0.20999999
85282,2020-04-15,Cassia,Idaho,16031.0,9,1.0,0.0,,,,-0.16500001
85283,2020-04-16,Cassia,Idaho,16031.0,10,1.0,1.0,,,,-0.175
85284,2020-04-17,Cassia,Idaho,16031.0,10,1.0,0.0,,,,-0.14800000000000002
85285,2020-04-18,Cassia,Idaho,16031.0,10,1.0,0.0,,,,-0.127
85286,2020-04-19,Cassia,Idaho,16031.0,10,1.0,0.0,,,,-0.12899999
85287,2020-04-20,Cassia,Idaho,16031.0,11,1.0,1.0,,,,-0.14800000000000002
85288,2020-04-21,Cassia,Idaho,16031.0,11,1.0,0.0,,,,-0.106
85289,2020-04-22,Cassia,Idaho,16031.0,12,1.0,1.0,,,,-0.142
85290,2020-04-23,Cassia,Idaho,16031.0,12,1.0,0.0,,,,-0.11599999999999999
85291,2020-04-24,Cassia,Idaho,16031.0,12,1.0,0.0,,,,-0.142
85292,2020-04-25,Cassia,Idaho,16031.0,12,1.0,0.0,,,,-0.12800001
85293,2020-04-26,Cassia,Idaho,16031.0,12,1.0,0.0,,,,-0.125
85294,2020-04-27,Cassia,Idaho,16031.0,12,1.0,0.0,,,,-0.122
85295,2020-04-28,Cassia,Idaho,16031.0,12,1.0,0.0,,,,-0.142
85296,2020-04-29,Cassia,Idaho,16031.0,12,1.0,0.0,,,,-0.114
85297,2020-04-30,Cassia,Idaho,16031.0,13,1.0,1.0,,,,-0.06710000299999999
85298,2020-05-01,Cassia,Idaho,16031.0,13,1.0,0.0,,,,-0.062600002
85299,2020-05-02,Cassia,Idaho,16031.0,13,1.0,0.0,,,,-0.107
85300,2020-05-03,Cassia,Idaho,16031.0,13,1.0,0.0,,,,-0.09759999800000001
85301,2020-05-04,Cassia,Idaho,16031.0,13,1.0,0.0,,,,-0.105
85302,2020-05-05,Cassia,Idaho,16031.0,13,1.0,0.0,,,,-0.109
85303,2020-05-06,Cassia,Idaho,16031.0,13,1.0,0.0,,,,-0.10099999999999999
85304,2020-05-07,Cassia,Idaho,16031.0,13,1.0,0.0,,,,-0.106
85305,2020-05-08,Cassia,Idaho,16031.0,14,1.0,1.0,,,,-0.065099999
85306,2020-05-09,Cassia,Idaho,16031.0,15,1.0,1.0,,,,-0.038400002
85307,2020-05-10,Cassia,Idaho,16031.0,15,1.0,0.0,,,,-0.0425
85308,2020-05-11,Cassia,Idaho,16031.0,15,1.0,0.0,,,,-0.046500001
85309,2020-05-12,Cassia,Idaho,16031.0,15,1.0,0.0,,,,-0.057999998
85310,2020-05-13,Cassia,Idaho,16031.0,16,1.0,1.0,,,,-0.08590000099999999
85311,2020-05-14,Cassia,Idaho,16031.0,16,1.0,0.0,,,,-0.114
85312,2020-05-15,Cassia,Idaho,16031.0,16,1.0,0.0,,,,-0.193
85313,2020-05-16,Cassia,Idaho,16031.0,18,1.0,2.0,,,,-0.27000001
85314,2020-05-17,Cassia,Idaho,16031.0,18,1.0,0.0,,,,-0.25299999
85315,2020-05-18,Cassia,Idaho,16031.0,19,1.0,1.0,,,,-0.259
85316,2020-05-19,Cassia,Idaho,16031.0,19,1.0,0.0,,,,-0.185
85317,2020-05-20,Cassia,Idaho,16031.0,20,1.0,1.0,,,,-0.17399999
85318,2020-05-21,Cassia,Idaho,16031.0,21,1.0,1.0,,,,-0.146
85319,2020-05-22,Cassia,Idaho,16031.0,22,1.0,1.0,,,,-0.0241
85320,2020-05-23,Cassia,Idaho,16031.0,28,1.0,6.0,,,,0.064400002
85321,2020-05-24,Cassia,Idaho,16031.0,39,1.0,11.0,,,,0.067699999
85322,2020-05-25,Cassia,Idaho,16031.0,39,1.0,0.0,,,,0.106
85323,2020-05-26,Cassia,Idaho,16031.0,49,1.0,10.0,,,,0.043499999000000004
85324,2020-05-27,Cassia,Idaho,16031.0,50,1.0,1.0,,,,0.043299999000000006
85325,2020-05-28,Cassia,Idaho,16031.0,56,1.0,6.0,,,,0.039000001
85326,2020-05-29,Cassia,Idaho,16031.0,62,1.0,6.0,,,,-0.0026899999999999997
85327,2020-05-30,Cassia,Idaho,16031.0,63,1.0,1.0,,,,-0.0221
85328,2020-05-31,Cassia,Idaho,16031.0,63,1.0,0.0,,,,-0.067699999
85329,2020-06-01,Cassia,Idaho,16031.0,75,1.0,12.0,,,,-0.053399999000000004
85330,2020-06-02,Cassia,Idaho,16031.0,85,1.0,10.0,,,,-0.067400001
85331,2020-06-03,Cassia,Idaho,16031.0,89,1.0,4.0,,,,-0.032600001
85332,2020-06-04,Cassia,Idaho,16031.0,102,1.0,13.0,,,,-0.041900001
85333,2020-06-05,Cassia,Idaho,16031.0,109,1.0,7.0,,,,0.030400001
85334,2020-06-06,Cassia,Idaho,16031.0,112,1.0,3.0,,,,0.044500001
85335,2020-06-07,Cassia,Idaho,16031.0,112,1.0,0.0,,,,0.066699997
85336,2020-06-08,Cassia,Idaho,16031.0,117,1.0,5.0,,,,0.073200002
85337,2020-06-09,Cassia,Idaho,16031.0,118,1.0,1.0,,,,0.0678
85338,2020-06-10,Cassia,Idaho,16031.0,123,1.0,5.0,,,,0.089000002
85339,2020-06-11,Cassia,Idaho,16031.0,126,1.0,3.0,,,,0.098800004
85340,2020-06-12,Cassia,Idaho,16031.0,131,1.0,5.0,,,,0.08749999900000001
85341,2020-06-13,Cassia,Idaho,16031.0,136,1.0,5.0,,,,0.05519999900000001
85342,2020-06-14,Cassia,Idaho,16031.0,136,1.0,0.0,,,,0.08789999800000001
85343,2020-06-15,Cassia,Idaho,16031.0,143,1.0,7.0,,,,0.077
85344,2020-06-16,Cassia,Idaho,16031.0,149,1.0,6.0,,,,0.0942
85345,2020-06-17,Cassia,Idaho,16031.0,152,1.0,3.0,,,,0.024499998999999998
85346,2020-06-18,Cassia,Idaho,16031.0,158,1.0,6.0,,,,0.0634
85347,2020-06-19,Cassia,Idaho,16031.0,163,1.0,5.0,,,,-0.0118
85348,2020-06-20,Cassia,Idaho,16031.0,167,1.0,4.0,,,,-0.0162
85349,2020-06-21,Cassia,Idaho,16031.0,167,1.0,0.0,,,,-0.0517
85350,2020-06-22,Cassia,Idaho,16031.0,173,1.0,6.0,,,,-0.04630000099999999
85351,2020-06-23,Cassia,Idaho,16031.0,178,1.0,5.0,,,,-0.05229999900000001
85352,2020-06-24,Cassia,Idaho,16031.0,191,1.0,13.0,,,,-0.0117
85353,2020-06-25,Cassia,Idaho,16031.0,193,1.0,2.0,,,,-0.090700001
85354,2020-06-26,Cassia,Idaho,16031.0,200,1.0,7.0,,,,-0.147
85355,2020-06-27,Cassia,Idaho,16031.0,209,1.0,9.0,,,,-0.191
85356,2020-06-28,Cassia,Idaho,16031.0,209,1.0,0.0,,,,-0.171
85357,2020-06-29,Cassia,Idaho,16031.0,228,1.0,19.0,,,,-0.0942
85358,2020-06-30,Cassia,Idaho,16031.0,240,1.0,12.0,,,,-0.07829999900000001
85359,2020-07-01,Cassia,Idaho,16031.0,248,1.0,8.0,,,,-0.09239999900000001
85360,2020-07-02,Cassia,Idaho,16031.0,260,1.0,12.0,,,,-0.04410000099999999
85361,2020-07-03,Cassia,Idaho,16031.0,262,1.0,2.0,,,,0.0438
85362,2020-07-04,Cassia,Idaho,16031.0,262,1.0,0.0,,,,0.0196
85363,2020-07-05,Cassia,Idaho,16031.0,266,1.0,4.0,,,,0.0515
85364,2020-07-06,Cassia,Idaho,16031.0,285,1.0,19.0,,,,0.0174
85365,2020-07-07,Cassia,Idaho,16031.0,285,1.0,0.0,,,,0.0348
85366,2020-07-08,Cassia,Idaho,16031.0,297,1.0,12.0,,,,0.086199999
85367,2020-07-09,Cassia,Idaho,16031.0,307,1.0,10.0,,,,0.0484
85368,2020-07-10,Cassia,Idaho,16031.0,311,1.0,4.0,,,,0.11699999999999999
85369,2020-07-11,Cassia,Idaho,16031.0,323,1.0,12.0,,,,0.146
85370,2020-07-12,Cassia,Idaho,16031.0,323,1.0,0.0,,,,0.14399999
85371,2020-07-13,Cassia,Idaho,16031.0,330,1.0,7.0,,,,0.12
85372,2020-07-14,Cassia,Idaho,16031.0,339,1.0,9.0,,,,0.114
85373,2020-07-15,Cassia,Idaho,16031.0,341,1.0,2.0,,,,0.0484
85374,2020-07-16,Cassia,Idaho,16031.0,342,1.0,1.0,,,,-0.0025899999
85375,2020-07-17,Cassia,Idaho,16031.0,345,1.0,3.0,,,,-0.062399998
85376,2020-07-18,Cassia,Idaho,16031.0,356,1.0,11.0,,,,-0.0348
85377,2020-07-19,Cassia,Idaho,16031.0,360,1.0,4.0,,,,-0.078400001
85378,2020-07-20,Cassia,Idaho,16031.0,382,1.0,22.0,,,,-0.059900000999999994
85379,2020-07-21,Cassia,Idaho,16031.0,381,1.0,-1.0,,,,-0.066500001
85380,2020-07-22,Cassia,Idaho,16031.0,383,1.0,2.0,,,,-0.0252
85381,2020-07-23,Cassia,Idaho,16031.0,388,1.0,5.0,,,,-0.0103
85382,2020-07-24,Cassia,Idaho,16031.0,409,1.0,21.0,,,,0.0062000002
85383,2020-07-25,Cassia,Idaho,16031.0,409,1.0,0.0,,,,0.008399999699999999
85384,2020-07-26,Cassia,Idaho,16031.0,409,1.0,0.0,,,,0.039999999
85385,2020-07-27,Cassia,Idaho,16031.0,430,1.0,21.0,,,,0.0252
85386,2020-07-28,Cassia,Idaho,16031.0,436,1.0,6.0,,,,0.0056599998
85387,2020-07-29,Cassia,Idaho,16031.0,446,1.0,10.0,,,,0.0135
85388,2020-07-30,Cassia,Idaho,16031.0,450,1.0,4.0,,,,0.0070600002
85389,2020-07-31,Cassia,Idaho,16031.0,464,1.0,14.0,,,,-0.0092799999
85390,2020-08-01,Cassia,Idaho,16031.0,472,1.0,8.0,,,,0.042100001
85391,2020-08-02,Cassia,Idaho,16031.0,476,1.0,4.0,,,,0.032600001
85392,2020-08-03,Cassia,Idaho,16031.0,485,1.0,9.0,,,,0.0195
85393,2020-08-04,Cassia,Idaho,16031.0,494,1.0,9.0,,,,0.0187
85394,2020-08-05,Cassia,Idaho,16031.0,506,1.0,12.0,,,,0.034600001
85395,2020-08-06,Cassia,Idaho,16031.0,506,1.0,0.0,,,,0.056499999
85396,2020-08-07,Cassia,Idaho,16031.0,519,1.0,13.0,,,,-0.0008560000000000001
85397,2020-08-08,Cassia,Idaho,16031.0,519,1.0,0.0,,,,0.0309
85398,2020-08-09,Cassia,Idaho,16031.0,519,1.0,0.0,,,,0.049699999
85399,2020-08-10,Cassia,Idaho,16031.0,529,1.0,10.0,,,,0.050999999000000004
85400,2020-08-11,Cassia,Idaho,16031.0,533,1.0,4.0,,,,0.0603
85401,2020-08-12,Cassia,Idaho,16031.0,534,1.0,1.0,,,,0.024599998999999997
85402,2020-08-13,Cassia,Idaho,16031.0,543,1.0,9.0,,,,0.0054000001
85403,2020-08-14,Cassia,Idaho,16031.0,544,1.0,1.0,,,,0.026000001000000002
85404,2020-08-15,Cassia,Idaho,16031.0,545,1.0,1.0,,,,0.0288
85405,2020-08-16,Cassia,Idaho,16031.0,547,1.0,2.0,,,,0.045299999
85406,2020-08-17,Cassia,Idaho,16031.0,555,1.0,8.0,,,,0.070799999
85407,2020-08-18,Cassia,Idaho,16031.0,563,1.0,8.0,,,,0.084799998
85408,2020-08-19,Cassia,Idaho,16031.0,565,1.0,2.0,,,,0.093699999
85409,2020-08-20,Cassia,Idaho,16031.0,569,1.0,4.0,,,,0.07980000200000001
85410,2020-08-21,Cassia,Idaho,16031.0,570,1.0,1.0,,,,0.0471
85411,2020-08-22,Cassia,Idaho,16031.0,570,1.0,0.0,,,,0.0119
85412,2020-08-23,Cassia,Idaho,16031.0,570,1.0,0.0,,,,-0.0363
85413,2020-08-24,Cassia,Idaho,16031.0,570,1.0,0.0,,,,-0.0942
85414,2020-08-25,Cassia,Idaho,16031.0,572,3.0,2.0,,,,-0.09399999699999999
85415,2020-08-26,Cassia,Idaho,16031.0,573,3.0,1.0,,,,-0.114
85416,2020-08-27,Cassia,Idaho,16031.0,578,3.0,5.0,,,,-0.152
85417,2020-08-28,Cassia,Idaho,16031.0,580,4.0,2.0,,,,-0.098800004
85418,2020-08-29,Cassia,Idaho,16031.0,580,4.0,0.0,,,,-0.09269999699999999
85419,2020-08-30,Cassia,Idaho,16031.0,581,4.0,1.0,,,,-0.11699999999999999
85420,2020-08-31,Cassia,Idaho,16031.0,581,4.0,0.0,,,,-0.0801
85421,2020-09-01,Cassia,Idaho,16031.0,584,4.0,3.0,,,,-0.071000002
85422,2020-09-02,Cassia,Idaho,16031.0,584,4.0,0.0,,,,-0.087399997
85423,2020-09-03,Cassia,Idaho,16031.0,586,4.0,2.0,,,,-0.078699999
85424,2020-09-04,Cassia,Idaho,16031.0,587,4.0,1.0,,,,-0.064499997
85425,2020-09-05,Cassia,Idaho,16031.0,587,4.0,0.0,,,,-0.0266
85426,2020-09-06,Cassia,Idaho,16031.0,588,4.0,1.0,,,,-0.047800000999999995
85427,2020-09-07,Cassia,Idaho,16031.0,588,4.0,0.0,,,,-0.0252
85428,2020-09-08,Cassia,Idaho,16031.0,590,4.0,2.0,,,,-0.038600001
85429,2020-09-09,Cassia,Idaho,16031.0,592,5.0,2.0,,,,-0.025699998999999998
85430,2020-09-10,Cassia,Idaho,16031.0,594,5.0,2.0,,,,0.05840000099999999
85431,2020-09-11,Cassia,Idaho,16031.0,594,5.0,0.0,,,,0.0276
85432,2020-09-12,Cassia,Idaho,16031.0,596,5.0,2.0,,,,0.00703
85433,2020-09-13,Cassia,Idaho,16031.0,596,5.0,0.0,,,,0.0036299999
85434,2020-09-14,Cassia,Idaho,16031.0,600,5.0,4.0,,,,-0.0101
85435,2020-09-15,Cassia,Idaho,16031.0,609,5.0,9.0,,,,-0.0296
85436,2020-09-16,Cassia,Idaho,16031.0,616,5.0,7.0,,,,-0.043400000999999994
85437,2020-09-17,Cassia,Idaho,16031.0,624,5.0,8.0,,,,-0.069499999
85438,2020-09-18,Cassia,Idaho,16031.0,629,5.0,5.0,,,,-0.0704
85439,2020-09-19,Cassia,Idaho,16031.0,632,5.0,3.0,,,,-0.069700003
85440,2020-09-20,Cassia,Idaho,16031.0,634,5.0,2.0,,,,-0.0526
85441,2020-09-21,Cassia,Idaho,16031.0,639,5.0,5.0,,,,0.0294
85442,2020-09-22,Cassia,Idaho,16031.0,653,5.0,14.0,,,,0.0414
85443,2020-09-23,Cassia,Idaho,16031.0,656,5.0,3.0,,,,0.037099997999999995
85444,2020-09-24,Cassia,Idaho,16031.0,674,5.0,18.0,,,,0.069700003
85445,2020-09-25,Cassia,Idaho,16031.0,708,5.0,34.0,,,,0.0297
85446,2020-09-26,Cassia,Idaho,16031.0,708,5.0,0.0,,,,0.021299999
85447,2020-09-27,Cassia,Idaho,16031.0,708,5.0,0.0,,,,0.00942
85448,2020-09-28,Cassia,Idaho,16031.0,739,5.0,31.0,,,,-0.066699997
85449,2020-09-29,Cassia,Idaho,16031.0,756,6.0,17.0,,,,-0.062199999000000006
85450,2020-09-30,Cassia,Idaho,16031.0,768,6.0,12.0,,,,-0.0669
85451,2020-10-01,Cassia,Idaho,16031.0,768,6.0,0.0,,,,-0.07630000299999999
85452,2020-10-02,Cassia,Idaho,16031.0,794,6.0,26.0,,,,-0.045600000999999994
85453,2020-10-03,Cassia,Idaho,16031.0,794,6.0,0.0,,,,-0.020099999
85454,2020-10-04,Cassia,Idaho,16031.0,794,6.0,0.0,,,,0.082999997
85455,2020-10-05,Cassia,Idaho,16031.0,827,7.0,33.0,,,,0.107
85456,2020-10-06,Cassia,Idaho,16031.0,866,7.0,39.0,,,,0.09520000199999999
85457,2020-10-07,Cassia,Idaho,16031.0,874,7.0,8.0,,,,0.12
85458,2020-10-08,Cassia,Idaho,16031.0,895,8.0,21.0,,,,0.14300001
85459,2020-10-09,Cassia,Idaho,16031.0,928,8.0,33.0,,,,0.13
85460,2020-10-10,Cassia,Idaho,16031.0,928,8.0,0.0,,,,0.11599999999999999
85461,2020-10-11,Cassia,Idaho,16031.0,928,8.0,0.0,,,,0.0066499999
85462,2020-10-12,Cassia,Idaho,16031.0,928,8.0,0.0,,,,-0.061000001
85463,2020-10-13,Cassia,Idaho,16031.0,993,8.0,65.0,,,,-0.0019399999999999999
85464,2020-10-14,Cassia,Idaho,16031.0,1016,8.0,23.0,,,,-0.024
85465,2020-10-15,Cassia,Idaho,16031.0,1041,8.0,25.0,,,,-0.0416
85466,2020-10-16,Cassia,Idaho,16031.0,1064,8.0,23.0,,,,-0.008190000400000001
85467,2020-10-17,Cassia,Idaho,16031.0,1064,8.0,0.0,,,,-0.0217
85468,2020-10-18,Cassia,Idaho,16031.0,1064,8.0,0.0,,,,-0.0055800001
85469,2020-10-19,Cassia,Idaho,16031.0,1176,8.0,112.0,,,,-0.00028599999
85470,2020-10-20,Cassia,Idaho,16031.0,1201,8.0,25.0,,,,0.060199998
85471,2020-10-21,Cassia,Idaho,16031.0,1222,8.0,21.0,,,,-0.013000000000000001
85472,2020-10-22,Cassia,Idaho,16031.0,1234,8.0,12.0,,,,0.022600001
85473,2020-10-23,Cassia,Idaho,16031.0,1279,8.0,45.0,,,,0.0286
85474,2020-10-24,Cassia,Idaho,16031.0,1324,8.0,45.0,,,,0.0121
85475,2020-10-25,Cassia,Idaho,16031.0,1324,8.0,0.0,,,,0.017899999
85476,2020-10-26,Cassia,Idaho,16031.0,1358,8.0,34.0,,,,0.0077
85477,2020-10-27,Cassia,Idaho,16031.0,1381,8.0,23.0,,,,-0.0416
85478,2020-10-28,Cassia,Idaho,16031.0,1401,9.0,20.0,,,,0.0244
85479,2020-10-29,Cassia,Idaho,16031.0,1428,9.0,27.0,,,,0.018100001
85480,2020-10-30,Cassia,Idaho,16031.0,1437,9.0,9.0,,,,0.0092099998
85481,2020-10-31,Cassia,Idaho,16031.0,1461,9.0,24.0,,,,0.0098400004
85482,2020-11-01,Cassia,Idaho,16031.0,1469,9.0,8.0,,,,0.0039700000000000004
85483,2020-11-02,Cassia,Idaho,16031.0,1490,9.0,21.0,,,,-0.072800003
85484,2020-11-03,Cassia,Idaho,16031.0,1536,9.0,46.0,,,,-0.049400002
85485,2020-11-04,Cassia,Idaho,16031.0,1545,11.0,9.0,,,,-0.0104
85486,2020-11-05,Cassia,Idaho,16031.0,1581,11.0,36.0,,,,0.0744
85487,2020-11-06,Cassia,Idaho,16031.0,1623,11.0,42.0,,,,0.10400000000000001
85488,2020-11-07,Cassia,Idaho,16031.0,1639,11.0,16.0,,,,0.138
85489,2020-11-08,Cassia,Idaho,16031.0,1646,11.0,7.0,,,,0.127
85490,2020-11-09,Cassia,Idaho,16031.0,1671,12.0,25.0,,,,0.146
85491,2020-11-10,Cassia,Idaho,16031.0,1691,13.0,20.0,,,,0.152
85492,2020-11-11,Cassia,Idaho,16031.0,1734,13.0,43.0,,,,0.093199998
85493,2020-11-12,Cassia,Idaho,16031.0,1750,13.0,16.0,,,,0.012
85494,2020-11-13,Cassia,Idaho,16031.0,1791,14.0,41.0,,,,-0.052900000999999995
85495,2020-11-14,Cassia,Idaho,16031.0,1809,14.0,18.0,,,,-0.096100003
85496,2020-11-15,Cassia,Idaho,16031.0,1838,14.0,29.0,,,,-0.09510000099999999
85497,2020-11-16,Cassia,Idaho,16031.0,1878,14.0,40.0,,,,-0.082999997
85498,2020-11-17,Cassia,Idaho,16031.0,1902,15.0,24.0,,,,-0.122
85499,2020-11-18,Cassia,Idaho,16031.0,1927,15.0,25.0,,,,-0.0964
85500,2020-11-19,Cassia,Idaho,16031.0,1956,15.0,29.0,,,,-0.082000002
85501,2020-11-20,Cassia,Idaho,16031.0,1982,17.0,26.0,,,,-0.0209
85502,2020-11-21,Cassia,Idaho,16031.0,1997,17.0,15.0,,,,0.020199999
85503,2020-11-22,Cassia,Idaho,16031.0,2001,17.0,4.0,,,,0.0372
