,date,county,state,fips,cases,deaths,new_cases,emp_combined,emp_combined_inclow,revenue_all,spend_all
88071,2020-03-30,Minidoka,Idaho,16067.0,1,0.0,0.0,,,,-0.204
88072,2020-03-31,Minidoka,Idaho,16067.0,1,0.0,0.0,,,,-0.192
88073,2020-04-01,Minidoka,Idaho,16067.0,1,0.0,0.0,,,,-0.23999999
88074,2020-04-02,Minidoka,Idaho,16067.0,1,0.0,0.0,,,,-0.24600001
88075,2020-04-03,Minidoka,Idaho,16067.0,1,0.0,0.0,,,,-0.23
88076,2020-04-04,Minidoka,Idaho,16067.0,3,0.0,2.0,,,,-0.249
88077,2020-04-05,Minidoka,Idaho,16067.0,3,0.0,0.0,,,,-0.233
88078,2020-04-06,Minidoka,Idaho,16067.0,3,0.0,0.0,,,,-0.24100000000000002
88079,2020-04-07,Minidoka,Idaho,16067.0,3,0.0,0.0,,,,-0.22699999999999998
88080,2020-04-08,Minidoka,Idaho,16067.0,3,0.0,0.0,,,,-0.22699999999999998
88081,2020-04-09,Minidoka,Idaho,16067.0,7,0.0,4.0,,,,-0.20900001
88082,2020-04-10,Minidoka,Idaho,16067.0,8,0.0,1.0,,,,-0.205
88083,2020-04-11,Minidoka,Idaho,16067.0,8,0.0,0.0,,,,-0.18799999
88084,2020-04-12,Minidoka,Idaho,16067.0,9,0.0,1.0,,,,-0.198
88085,2020-04-13,Minidoka,Idaho,16067.0,9,0.0,0.0,,,,-0.15800001
88086,2020-04-14,Minidoka,Idaho,16067.0,9,0.0,0.0,,,,-0.16699999999999998
88087,2020-04-15,Minidoka,Idaho,16067.0,9,0.0,0.0,,,,-0.171
88088,2020-04-16,Minidoka,Idaho,16067.0,9,0.0,0.0,,,,-0.163
88089,2020-04-17,Minidoka,Idaho,16067.0,10,0.0,1.0,,,,-0.156
88090,2020-04-18,Minidoka,Idaho,16067.0,10,0.0,0.0,,,,-0.121
88091,2020-04-19,Minidoka,Idaho,16067.0,10,0.0,0.0,,,,-0.098200001
88092,2020-04-20,Minidoka,Idaho,16067.0,10,0.0,0.0,,,,-0.10099999999999999
88093,2020-04-21,Minidoka,Idaho,16067.0,10,0.0,0.0,,,,-0.068000004
88094,2020-04-22,Minidoka,Idaho,16067.0,10,0.0,0.0,,,,-0.0155
88095,2020-04-23,Minidoka,Idaho,16067.0,10,0.0,0.0,,,,-0.017899999
88096,2020-04-24,Minidoka,Idaho,16067.0,10,0.0,0.0,,,,0.0218
88097,2020-04-25,Minidoka,Idaho,16067.0,10,0.0,0.0,,,,-0.0262
88098,2020-04-26,Minidoka,Idaho,16067.0,10,0.0,0.0,,,,-0.039700001
88099,2020-04-27,Minidoka,Idaho,16067.0,10,0.0,0.0,,,,-0.0647
88100,2020-04-28,Minidoka,Idaho,16067.0,11,0.0,1.0,,,,-0.071199998
88101,2020-04-29,Minidoka,Idaho,16067.0,11,0.0,0.0,,,,-0.078100003
88102,2020-04-30,Minidoka,Idaho,16067.0,11,0.0,0.0,,,,-0.0669
88103,2020-05-01,Minidoka,Idaho,16067.0,10,0.0,-1.0,,,,-0.0451
88104,2020-05-02,Minidoka,Idaho,16067.0,11,0.0,1.0,,,,-0.0263
88105,2020-05-03,Minidoka,Idaho,16067.0,10,0.0,-1.0,,,,-0.034000002
88106,2020-05-04,Minidoka,Idaho,16067.0,11,0.0,1.0,,,,-0.0101
88107,2020-05-05,Minidoka,Idaho,16067.0,11,0.0,0.0,,,,0.065200001
88108,2020-05-06,Minidoka,Idaho,16067.0,11,0.0,0.0,,,,0.037099997999999995
88109,2020-05-07,Minidoka,Idaho,16067.0,11,0.0,0.0,,,,0.031300001
88110,2020-05-08,Minidoka,Idaho,16067.0,11,0.0,0.0,,,,0.0451
88111,2020-05-09,Minidoka,Idaho,16067.0,11,0.0,0.0,,,,0.069799997
88112,2020-05-10,Minidoka,Idaho,16067.0,11,0.0,0.0,,,,0.06319999700000001
88113,2020-05-11,Minidoka,Idaho,16067.0,11,0.0,0.0,,,,0.132
88114,2020-05-12,Minidoka,Idaho,16067.0,12,0.0,1.0,,,,0.0605
88115,2020-05-13,Minidoka,Idaho,16067.0,13,0.0,1.0,,,,0.35200000000000004
88116,2020-05-14,Minidoka,Idaho,16067.0,15,0.0,2.0,,,,0.27599999
88117,2020-05-15,Minidoka,Idaho,16067.0,15,0.0,0.0,,,,0.056299999
88118,2020-05-16,Minidoka,Idaho,16067.0,15,0.0,0.0,,,,0.054900002
88119,2020-05-17,Minidoka,Idaho,16067.0,15,0.0,0.0,,,,0.0535
88120,2020-05-18,Minidoka,Idaho,16067.0,15,0.0,0.0,,,,-0.0221
88121,2020-05-19,Minidoka,Idaho,16067.0,18,0.0,3.0,,,,0.017000001
88122,2020-05-20,Minidoka,Idaho,16067.0,20,0.0,2.0,,,,-0.24100000000000002
88123,2020-05-21,Minidoka,Idaho,16067.0,25,0.0,5.0,,,,-0.17299999
88124,2020-05-22,Minidoka,Idaho,16067.0,26,0.0,1.0,,,,-0.105
88125,2020-05-23,Minidoka,Idaho,16067.0,29,0.0,3.0,,,,-0.056000002
88126,2020-05-24,Minidoka,Idaho,16067.0,36,0.0,7.0,,,,-0.074199997
88127,2020-05-25,Minidoka,Idaho,16067.0,36,0.0,0.0,,,,-0.0021299999
88128,2020-05-26,Minidoka,Idaho,16067.0,40,0.0,4.0,,,,-0.041900001
88129,2020-05-27,Minidoka,Idaho,16067.0,43,0.0,3.0,,,,-0.0955
88130,2020-05-28,Minidoka,Idaho,16067.0,45,0.0,2.0,,,,-0.102
88131,2020-05-29,Minidoka,Idaho,16067.0,46,0.0,1.0,,,,-0.00352
88132,2020-05-30,Minidoka,Idaho,16067.0,50,0.0,4.0,,,,-0.0133
88133,2020-05-31,Minidoka,Idaho,16067.0,50,0.0,0.0,,,,0.024800001000000002
88134,2020-06-01,Minidoka,Idaho,16067.0,56,0.0,6.0,,,,0.07530000099999999
88135,2020-06-02,Minidoka,Idaho,16067.0,58,0.0,2.0,,,,0.063000001
88136,2020-06-03,Minidoka,Idaho,16067.0,61,0.0,3.0,,,,0.078400001
88137,2020-06-04,Minidoka,Idaho,16067.0,66,0.0,5.0,,,,0.134
88138,2020-06-05,Minidoka,Idaho,16067.0,71,0.0,5.0,,,,0.054000001
88139,2020-06-06,Minidoka,Idaho,16067.0,72,0.0,1.0,,,,0.065499999
88140,2020-06-07,Minidoka,Idaho,16067.0,72,0.0,0.0,,,,0.0656
88141,2020-06-08,Minidoka,Idaho,16067.0,78,0.0,6.0,,,,0.0414
88142,2020-06-09,Minidoka,Idaho,16067.0,80,0.0,2.0,,,,0.018999999
88143,2020-06-10,Minidoka,Idaho,16067.0,85,0.0,5.0,,,,0.041700002
88144,2020-06-11,Minidoka,Idaho,16067.0,87,0.0,2.0,,,,0.013000000000000001
88145,2020-06-12,Minidoka,Idaho,16067.0,98,0.0,11.0,,,,0.0272
88146,2020-06-13,Minidoka,Idaho,16067.0,101,0.0,3.0,,,,0.0152
88147,2020-06-14,Minidoka,Idaho,16067.0,101,0.0,0.0,,,,-0.0218
88148,2020-06-15,Minidoka,Idaho,16067.0,103,0.0,2.0,,,,-0.0020800000000000003
88149,2020-06-16,Minidoka,Idaho,16067.0,103,0.0,0.0,,,,0.221
88150,2020-06-17,Minidoka,Idaho,16067.0,109,0.0,6.0,,,,0.037300002
88151,2020-06-18,Minidoka,Idaho,16067.0,113,0.0,4.0,,,,0.12899999
88152,2020-06-19,Minidoka,Idaho,16067.0,115,0.0,2.0,,,,0.113
88153,2020-06-20,Minidoka,Idaho,16067.0,115,0.0,0.0,,,,0.054200001
88154,2020-06-21,Minidoka,Idaho,16067.0,115,0.0,0.0,,,,0.11599999999999999
88155,2020-06-22,Minidoka,Idaho,16067.0,124,0.0,9.0,,,,0.073399998
88156,2020-06-23,Minidoka,Idaho,16067.0,130,0.0,6.0,,,,-0.14
88157,2020-06-24,Minidoka,Idaho,16067.0,136,0.0,6.0,,,,-0.0933
88158,2020-06-25,Minidoka,Idaho,16067.0,138,0.0,2.0,,,,-0.079999998
88159,2020-06-26,Minidoka,Idaho,16067.0,148,0.0,10.0,,,,-0.154
88160,2020-06-27,Minidoka,Idaho,16067.0,153,0.0,5.0,,,,-0.182
88161,2020-06-28,Minidoka,Idaho,16067.0,153,0.0,0.0,,,,-0.184
88162,2020-06-29,Minidoka,Idaho,16067.0,175,0.0,22.0,,,,-0.183
88163,2020-06-30,Minidoka,Idaho,16067.0,185,0.0,10.0,,,,-0.154
88164,2020-07-01,Minidoka,Idaho,16067.0,188,0.0,3.0,,,,-0.182
88165,2020-07-02,Minidoka,Idaho,16067.0,201,0.0,13.0,,,,-0.146
88166,2020-07-03,Minidoka,Idaho,16067.0,201,0.0,0.0,,,,-0.13699999
88167,2020-07-04,Minidoka,Idaho,16067.0,202,0.0,1.0,,,,-0.11699999999999999
88168,2020-07-05,Minidoka,Idaho,16067.0,208,0.0,6.0,,,,-0.106
88169,2020-07-06,Minidoka,Idaho,16067.0,222,0.0,14.0,,,,-0.109
88170,2020-07-07,Minidoka,Idaho,16067.0,227,0.0,5.0,,,,-0.11699999999999999
88171,2020-07-08,Minidoka,Idaho,16067.0,238,0.0,11.0,,,,-0.11699999999999999
88172,2020-07-09,Minidoka,Idaho,16067.0,250,0.0,12.0,,,,-0.162
88173,2020-07-10,Minidoka,Idaho,16067.0,253,0.0,3.0,,,,-0.14800000000000002
88174,2020-07-11,Minidoka,Idaho,16067.0,264,0.0,11.0,,,,-0.07829999900000001
88175,2020-07-12,Minidoka,Idaho,16067.0,264,0.0,0.0,,,,-0.084399998
88176,2020-07-13,Minidoka,Idaho,16067.0,277,0.0,13.0,,,,-0.0581
88177,2020-07-14,Minidoka,Idaho,16067.0,281,0.0,4.0,,,,0.09279999900000001
88178,2020-07-15,Minidoka,Idaho,16067.0,286,0.0,5.0,,,,0.1
88179,2020-07-16,Minidoka,Idaho,16067.0,288,0.0,2.0,,,,0.11900000000000001
88180,2020-07-17,Minidoka,Idaho,16067.0,293,0.0,5.0,,,,0.17
88181,2020-07-18,Minidoka,Idaho,16067.0,300,0.0,7.0,,,,0.13500001
88182,2020-07-19,Minidoka,Idaho,16067.0,308,0.0,8.0,,,,0.0999
88183,2020-07-20,Minidoka,Idaho,16067.0,317,1.0,9.0,,,,0.0583
88184,2020-07-21,Minidoka,Idaho,16067.0,325,1.0,8.0,,,,-0.17
88185,2020-07-22,Minidoka,Idaho,16067.0,328,1.0,3.0,,,,-0.11800000000000001
88186,2020-07-23,Minidoka,Idaho,16067.0,337,1.0,9.0,,,,-0.114
88187,2020-07-24,Minidoka,Idaho,16067.0,369,1.0,32.0,,,,-0.10800000000000001
88188,2020-07-25,Minidoka,Idaho,16067.0,369,1.0,0.0,,,,-0.17299999
88189,2020-07-26,Minidoka,Idaho,16067.0,369,1.0,0.0,,,,-0.191
88190,2020-07-27,Minidoka,Idaho,16067.0,397,1.0,28.0,,,,-0.175
88191,2020-07-28,Minidoka,Idaho,16067.0,404,1.0,7.0,,,,-0.15899999
88192,2020-07-29,Minidoka,Idaho,16067.0,415,2.0,11.0,,,,-0.088500001
88193,2020-07-30,Minidoka,Idaho,16067.0,419,2.0,4.0,,,,-0.09790000300000001
88194,2020-07-31,Minidoka,Idaho,16067.0,420,2.0,1.0,,,,-0.08060000099999999
88195,2020-08-01,Minidoka,Idaho,16067.0,428,2.0,8.0,,,,-0.05840000099999999
88196,2020-08-02,Minidoka,Idaho,16067.0,433,2.0,5.0,,,,-0.0363
88197,2020-08-03,Minidoka,Idaho,16067.0,445,2.0,12.0,,,,-0.0383
88198,2020-08-04,Minidoka,Idaho,16067.0,453,2.0,8.0,,,,-0.0381
88199,2020-08-05,Minidoka,Idaho,16067.0,463,2.0,10.0,,,,-0.065200001
88200,2020-08-06,Minidoka,Idaho,16067.0,464,2.0,1.0,,,,-0.065099999
88201,2020-08-07,Minidoka,Idaho,16067.0,474,2.0,10.0,,,,-0.056499999
88202,2020-08-08,Minidoka,Idaho,16067.0,475,2.0,1.0,,,,-0.192
88203,2020-08-09,Minidoka,Idaho,16067.0,478,2.0,3.0,,,,-0.21799999
88204,2020-08-10,Minidoka,Idaho,16067.0,480,2.0,2.0,,,,-0.21799999
88205,2020-08-11,Minidoka,Idaho,16067.0,484,2.0,4.0,,,,-0.21799999
88206,2020-08-12,Minidoka,Idaho,16067.0,490,2.0,6.0,,,,-0.24100000000000002
88207,2020-08-13,Minidoka,Idaho,16067.0,504,2.0,14.0,,,,-0.25999999
88208,2020-08-14,Minidoka,Idaho,16067.0,505,2.0,1.0,,,,-0.23600000000000002
88209,2020-08-15,Minidoka,Idaho,16067.0,505,2.0,0.0,,,,-0.213
88210,2020-08-16,Minidoka,Idaho,16067.0,505,2.0,0.0,,,,0.017899999
88211,2020-08-17,Minidoka,Idaho,16067.0,510,2.0,5.0,,,,0.028999999
88212,2020-08-18,Minidoka,Idaho,16067.0,514,2.0,4.0,,,,0.0145
88213,2020-08-19,Minidoka,Idaho,16067.0,518,2.0,4.0,,,,0.0083900001
88214,2020-08-20,Minidoka,Idaho,16067.0,524,2.0,6.0,,,,-0.0049899998
88215,2020-08-21,Minidoka,Idaho,16067.0,525,2.0,1.0,,,,0.00151
88216,2020-08-22,Minidoka,Idaho,16067.0,525,2.0,0.0,,,,0.0196
88217,2020-08-23,Minidoka,Idaho,16067.0,526,2.0,1.0,,,,0.033599999
88218,2020-08-24,Minidoka,Idaho,16067.0,529,2.0,3.0,,,,0.013000000000000001
88219,2020-08-25,Minidoka,Idaho,16067.0,540,2.0,11.0,,,,0.024599998999999997
88220,2020-08-26,Minidoka,Idaho,16067.0,541,2.0,1.0,,,,0.132
88221,2020-08-27,Minidoka,Idaho,16067.0,549,2.0,8.0,,,,0.16500001
88222,2020-08-28,Minidoka,Idaho,16067.0,553,2.0,4.0,,,,0.34700000000000003
88223,2020-08-29,Minidoka,Idaho,16067.0,553,2.0,0.0,,,,0.31400001
88224,2020-08-30,Minidoka,Idaho,16067.0,553,2.0,0.0,,,,0.264
88225,2020-08-31,Minidoka,Idaho,16067.0,550,2.0,-3.0,,,,0.26800001
88226,2020-09-01,Minidoka,Idaho,16067.0,562,2.0,12.0,,,,0.26899999
88227,2020-09-02,Minidoka,Idaho,16067.0,563,3.0,1.0,,,,0.198
88228,2020-09-03,Minidoka,Idaho,16067.0,566,3.0,3.0,,,,0.065300003
88229,2020-09-04,Minidoka,Idaho,16067.0,569,4.0,3.0,,,,0.032900002000000005
88230,2020-09-05,Minidoka,Idaho,16067.0,570,4.0,1.0,,,,0.0296
88231,2020-09-06,Minidoka,Idaho,16067.0,570,4.0,0.0,,,,0.109
88232,2020-09-07,Minidoka,Idaho,16067.0,570,4.0,0.0,,,,0.14
88233,2020-09-08,Minidoka,Idaho,16067.0,572,4.0,2.0,,,,0.114
88234,2020-09-09,Minidoka,Idaho,16067.0,574,6.0,2.0,,,,0.11699999999999999
88235,2020-09-10,Minidoka,Idaho,16067.0,583,6.0,9.0,,,,0.149
88236,2020-09-11,Minidoka,Idaho,16067.0,584,7.0,1.0,,,,0.17900001
88237,2020-09-12,Minidoka,Idaho,16067.0,584,7.0,0.0,,,,0.204
88238,2020-09-13,Minidoka,Idaho,16067.0,584,7.0,0.0,,,,0.127
88239,2020-09-14,Minidoka,Idaho,16067.0,584,7.0,0.0,,,,0.14800000000000002
88240,2020-09-15,Minidoka,Idaho,16067.0,594,7.0,10.0,,,,0.15899999
88241,2020-09-16,Minidoka,Idaho,16067.0,604,7.0,10.0,,,,0.105
88242,2020-09-17,Minidoka,Idaho,16067.0,611,7.0,7.0,,,,0.0307
88243,2020-09-18,Minidoka,Idaho,16067.0,620,7.0,9.0,,,,-0.090400003
88244,2020-09-19,Minidoka,Idaho,16067.0,620,7.0,0.0,,,,-0.090599999
88245,2020-09-20,Minidoka,Idaho,16067.0,620,7.0,0.0,,,,-0.0414
88246,2020-09-21,Minidoka,Idaho,16067.0,634,7.0,14.0,,,,-0.061099999
88247,2020-09-22,Minidoka,Idaho,16067.0,646,7.0,12.0,,,,-0.077
88248,2020-09-23,Minidoka,Idaho,16067.0,648,8.0,2.0,,,,-0.0638
88249,2020-09-24,Minidoka,Idaho,16067.0,665,8.0,17.0,,,,0.013999999999999999
88250,2020-09-25,Minidoka,Idaho,16067.0,676,8.0,11.0,,,,0.071099997
88251,2020-09-26,Minidoka,Idaho,16067.0,676,8.0,0.0,,,,0.079099998
88252,2020-09-27,Minidoka,Idaho,16067.0,676,8.0,0.0,,,,0.055599999000000004
88253,2020-09-28,Minidoka,Idaho,16067.0,702,8.0,26.0,,,,0.0779
88254,2020-09-29,Minidoka,Idaho,16067.0,717,8.0,15.0,,,,0.08640000199999999
88255,2020-09-30,Minidoka,Idaho,16067.0,725,8.0,8.0,,,,0.0854
88256,2020-10-01,Minidoka,Idaho,16067.0,725,8.0,0.0,,,,0.10099999999999999
88257,2020-10-02,Minidoka,Idaho,16067.0,747,8.0,22.0,,,,0.102
88258,2020-10-03,Minidoka,Idaho,16067.0,747,8.0,0.0,,,,0.10300000000000001
88259,2020-10-04,Minidoka,Idaho,16067.0,747,8.0,0.0,,,,0.25099999
88260,2020-10-05,Minidoka,Idaho,16067.0,780,8.0,33.0,,,,0.24699999
88261,2020-10-06,Minidoka,Idaho,16067.0,805,8.0,25.0,,,,0.259
88262,2020-10-07,Minidoka,Idaho,16067.0,820,8.0,15.0,,,,0.266
88263,2020-10-08,Minidoka,Idaho,16067.0,849,8.0,29.0,,,,0.26300001
88264,2020-10-09,Minidoka,Idaho,16067.0,874,8.0,25.0,,,,0.30599999
88265,2020-10-10,Minidoka,Idaho,16067.0,874,8.0,0.0,,,,0.289
88266,2020-10-11,Minidoka,Idaho,16067.0,874,8.0,0.0,,,,0.131
88267,2020-10-12,Minidoka,Idaho,16067.0,874,8.0,0.0,,,,0.10099999999999999
88268,2020-10-13,Minidoka,Idaho,16067.0,920,8.0,46.0,,,,0.079599999
88269,2020-10-14,Minidoka,Idaho,16067.0,933,8.0,13.0,,,,0.0995
88270,2020-10-15,Minidoka,Idaho,16067.0,971,8.0,38.0,,,,0.14300001
88271,2020-10-16,Minidoka,Idaho,16067.0,1004,8.0,33.0,,,,0.087200001
88272,2020-10-17,Minidoka,Idaho,16067.0,1004,8.0,0.0,,,,0.077500001
88273,2020-10-18,Minidoka,Idaho,16067.0,1004,8.0,0.0,,,,0.069399998
88274,2020-10-19,Minidoka,Idaho,16067.0,1079,8.0,75.0,,,,0.07620000099999999
88275,2020-10-20,Minidoka,Idaho,16067.0,1099,8.0,20.0,,,,0.0836
88276,2020-10-21,Minidoka,Idaho,16067.0,1108,8.0,9.0,,,,0.034299999
88277,2020-10-22,Minidoka,Idaho,16067.0,1119,8.0,11.0,,,,-0.0163
88278,2020-10-23,Minidoka,Idaho,16067.0,1133,8.0,14.0,,,,0.049899999
88279,2020-10-24,Minidoka,Idaho,16067.0,1148,8.0,15.0,,,,0.08309999900000001
88280,2020-10-25,Minidoka,Idaho,16067.0,1148,8.0,0.0,,,,0.042199999
88281,2020-10-26,Minidoka,Idaho,16067.0,1188,8.0,40.0,,,,0.0136
88282,2020-10-27,Minidoka,Idaho,16067.0,1199,8.0,11.0,,,,0.0074200002000000004
88283,2020-10-28,Minidoka,Idaho,16067.0,1209,9.0,10.0,,,,0.063000001
88284,2020-10-29,Minidoka,Idaho,16067.0,1232,9.0,23.0,,,,0.0867
88285,2020-10-30,Minidoka,Idaho,16067.0,1236,9.0,4.0,,,,0.0469
88286,2020-10-31,Minidoka,Idaho,16067.0,1257,9.0,21.0,,,,0.0392
88287,2020-11-01,Minidoka,Idaho,16067.0,1260,9.0,3.0,,,,0.052999999000000006
88288,2020-11-02,Minidoka,Idaho,16067.0,1267,9.0,7.0,,,,0.054900002
88289,2020-11-03,Minidoka,Idaho,16067.0,1290,9.0,23.0,,,,0.054299999
88290,2020-11-04,Minidoka,Idaho,16067.0,1298,10.0,8.0,,,,0.066200003
88291,2020-11-05,Minidoka,Idaho,16067.0,1326,10.0,28.0,,,,0.14300001
88292,2020-11-06,Minidoka,Idaho,16067.0,1345,10.0,19.0,,,,0.16399999999999998
88293,2020-11-07,Minidoka,Idaho,16067.0,1358,10.0,13.0,,,,0.193
88294,2020-11-08,Minidoka,Idaho,16067.0,1361,10.0,3.0,,,,0.20999999
88295,2020-11-09,Minidoka,Idaho,16067.0,1387,10.0,26.0,,,,0.20600000000000002
88296,2020-11-10,Minidoka,Idaho,16067.0,1401,10.0,14.0,,,,0.38699999
88297,2020-11-11,Minidoka,Idaho,16067.0,1447,10.0,46.0,,,,0.38699999
88298,2020-11-12,Minidoka,Idaho,16067.0,1459,11.0,12.0,,,,0.19499999
88299,2020-11-13,Minidoka,Idaho,16067.0,1484,12.0,25.0,,,,0.324
88300,2020-11-14,Minidoka,Idaho,16067.0,1504,12.0,20.0,,,,0.18700001
88301,2020-11-15,Minidoka,Idaho,16067.0,1530,12.0,26.0,,,,0.184
88302,2020-11-16,Minidoka,Idaho,16067.0,1547,12.0,17.0,,,,0.161
88303,2020-11-17,Minidoka,Idaho,16067.0,1565,13.0,18.0,,,,-0.076499999
88304,2020-11-18,Minidoka,Idaho,16067.0,1586,13.0,21.0,,,,-0.105
88305,2020-11-19,Minidoka,Idaho,16067.0,1603,14.0,17.0,,,,-0.10400000000000001
88306,2020-11-20,Minidoka,Idaho,16067.0,1631,14.0,28.0,,,,-0.069499999
88307,2020-11-21,Minidoka,Idaho,16067.0,1645,14.0,14.0,,,,0.0493
88308,2020-11-22,Minidoka,Idaho,16067.0,1647,14.0,2.0,,,,0.026900001
