,date,county,state,fips,cases,deaths,new_cases,emp_combined,emp_combined_inclow,revenue_all,spend_all
88806,2020-03-18,Twin Falls,Idaho,16083.0,1,0.0,0.0,,,,-0.0070199999
88807,2020-03-19,Twin Falls,Idaho,16083.0,1,0.0,0.0,,,,-0.030999999
88808,2020-03-20,Twin Falls,Idaho,16083.0,1,0.0,0.0,,,,-0.053599997999999996
88809,2020-03-21,Twin Falls,Idaho,16083.0,1,0.0,0.0,,,,-0.096799999
88810,2020-03-22,Twin Falls,Idaho,16083.0,1,0.0,0.0,,,,-0.133
88811,2020-03-23,Twin Falls,Idaho,16083.0,1,0.0,0.0,,,,-0.16399999999999998
88812,2020-03-24,Twin Falls,Idaho,16083.0,1,0.0,0.0,,,,-0.19
88813,2020-03-25,Twin Falls,Idaho,16083.0,1,0.0,0.0,,,,-0.19
88814,2020-03-26,Twin Falls,Idaho,16083.0,1,0.0,0.0,,,,-0.214
88815,2020-03-27,Twin Falls,Idaho,16083.0,2,0.0,1.0,,,,-0.245
88816,2020-03-28,Twin Falls,Idaho,16083.0,2,0.0,0.0,,,,-0.257
88817,2020-03-29,Twin Falls,Idaho,16083.0,3,0.0,1.0,,,,-0.26199999
88818,2020-03-30,Twin Falls,Idaho,16083.0,5,0.0,2.0,,,,-0.26699999
88819,2020-03-31,Twin Falls,Idaho,16083.0,6,0.0,1.0,,,,-0.264
88820,2020-04-01,Twin Falls,Idaho,16083.0,17,0.0,11.0,,,,-0.27399999
88821,2020-04-02,Twin Falls,Idaho,16083.0,32,0.0,15.0,,,,-0.26699999
88822,2020-04-03,Twin Falls,Idaho,16083.0,33,1.0,1.0,,,,-0.25400001
88823,2020-04-04,Twin Falls,Idaho,16083.0,37,1.0,4.0,,,,-0.235
88824,2020-04-05,Twin Falls,Idaho,16083.0,37,1.0,0.0,,,,-0.22400001
88825,2020-04-06,Twin Falls,Idaho,16083.0,53,1.0,16.0,,,,-0.20800000000000002
88826,2020-04-07,Twin Falls,Idaho,16083.0,53,1.0,0.0,,,,-0.193
88827,2020-04-08,Twin Falls,Idaho,16083.0,55,1.0,2.0,,,,-0.19599999
88828,2020-04-09,Twin Falls,Idaho,16083.0,73,1.0,18.0,,,,-0.18000001
88829,2020-04-10,Twin Falls,Idaho,16083.0,76,1.0,3.0,,,,-0.16599999
88830,2020-04-11,Twin Falls,Idaho,16083.0,80,2.0,4.0,,,,-0.163
88831,2020-04-12,Twin Falls,Idaho,16083.0,85,2.0,5.0,,,,-0.177
88832,2020-04-13,Twin Falls,Idaho,16083.0,86,4.0,1.0,,,,-0.17600000000000002
88833,2020-04-14,Twin Falls,Idaho,16083.0,89,7.0,3.0,,,,-0.18000001
88834,2020-04-15,Twin Falls,Idaho,16083.0,99,8.0,10.0,,,,-0.106
88835,2020-04-16,Twin Falls,Idaho,16083.0,100,8.0,1.0,,,,-0.086199999
88836,2020-04-17,Twin Falls,Idaho,16083.0,110,9.0,10.0,,,,-0.0616
88837,2020-04-18,Twin Falls,Idaho,16083.0,115,9.0,5.0,,,,-0.041200001
88838,2020-04-19,Twin Falls,Idaho,16083.0,117,10.0,2.0,,,,-0.0111
88839,2020-04-20,Twin Falls,Idaho,16083.0,123,10.0,6.0,,,,0.000344
88840,2020-04-21,Twin Falls,Idaho,16083.0,132,11.0,9.0,,,,-0.0166
88841,2020-04-22,Twin Falls,Idaho,16083.0,138,11.0,6.0,,,,0.044000000000000004
88842,2020-04-23,Twin Falls,Idaho,16083.0,139,11.0,1.0,,,,0.0122
88843,2020-04-24,Twin Falls,Idaho,16083.0,149,11.0,10.0,,,,-0.0026100001
88844,2020-04-25,Twin Falls,Idaho,16083.0,152,11.0,3.0,,,,-0.0207
88845,2020-04-26,Twin Falls,Idaho,16083.0,156,11.0,4.0,,,,-0.030400001
88846,2020-04-27,Twin Falls,Idaho,16083.0,157,11.0,1.0,,,,-0.033199999
88847,2020-04-28,Twin Falls,Idaho,16083.0,165,11.0,8.0,,,,-0.068400003
88848,2020-04-29,Twin Falls,Idaho,16083.0,170,11.0,5.0,,,,-0.070600003
88849,2020-04-30,Twin Falls,Idaho,16083.0,181,11.0,11.0,,,,-0.044500001
88850,2020-05-01,Twin Falls,Idaho,16083.0,191,11.0,10.0,,,,-0.039799998999999996
88851,2020-05-02,Twin Falls,Idaho,16083.0,196,11.0,5.0,,,,-0.04309999900000001
88852,2020-05-03,Twin Falls,Idaho,16083.0,196,11.0,0.0,,,,-0.051899999
88853,2020-05-04,Twin Falls,Idaho,16083.0,208,11.0,12.0,,,,-0.036200002
88854,2020-05-05,Twin Falls,Idaho,16083.0,218,11.0,10.0,,,,-0.027899998999999998
88855,2020-05-06,Twin Falls,Idaho,16083.0,231,11.0,13.0,,,,-0.0196
88856,2020-05-07,Twin Falls,Idaho,16083.0,239,11.0,8.0,,,,-0.0253
88857,2020-05-08,Twin Falls,Idaho,16083.0,248,11.0,9.0,,,,-0.0243
88858,2020-05-09,Twin Falls,Idaho,16083.0,259,11.0,11.0,,,,-0.00358
88859,2020-05-10,Twin Falls,Idaho,16083.0,259,11.0,0.0,,,,0.0090500005
88860,2020-05-11,Twin Falls,Idaho,16083.0,269,11.0,10.0,,,,-0.0097000003
88861,2020-05-12,Twin Falls,Idaho,16083.0,280,11.0,11.0,,,,-0.0166
88862,2020-05-13,Twin Falls,Idaho,16083.0,288,11.0,8.0,,,,-0.022399999
88863,2020-05-14,Twin Falls,Idaho,16083.0,298,13.0,10.0,,,,-0.0273
88864,2020-05-15,Twin Falls,Idaho,16083.0,310,14.0,12.0,,,,-0.066
88865,2020-05-16,Twin Falls,Idaho,16083.0,318,14.0,8.0,,,,-0.10800000000000001
88866,2020-05-17,Twin Falls,Idaho,16083.0,318,14.0,0.0,,,,-0.096100003
88867,2020-05-18,Twin Falls,Idaho,16083.0,326,15.0,8.0,,,,-0.09440000400000001
88868,2020-05-19,Twin Falls,Idaho,16083.0,332,17.0,6.0,,,,-0.086999997
88869,2020-05-20,Twin Falls,Idaho,16083.0,340,17.0,8.0,,,,-0.067699999
88870,2020-05-21,Twin Falls,Idaho,16083.0,348,17.0,8.0,,,,-0.0526
88871,2020-05-22,Twin Falls,Idaho,16083.0,374,19.0,26.0,,,,-0.0007859999900000001
88872,2020-05-23,Twin Falls,Idaho,16083.0,381,19.0,7.0,,,,0.038899999
88873,2020-05-24,Twin Falls,Idaho,16083.0,383,19.0,2.0,,,,0.037300002
88874,2020-05-25,Twin Falls,Idaho,16083.0,393,19.0,10.0,,,,0.043299999000000006
88875,2020-05-26,Twin Falls,Idaho,16083.0,396,22.0,3.0,,,,0.042399999
88876,2020-05-27,Twin Falls,Idaho,16083.0,404,23.0,8.0,,,,0.0242
88877,2020-05-28,Twin Falls,Idaho,16083.0,410,23.0,6.0,,,,0.0155
88878,2020-05-29,Twin Falls,Idaho,16083.0,416,23.0,6.0,,,,0.037000000000000005
88879,2020-05-30,Twin Falls,Idaho,16083.0,419,23.0,3.0,,,,0.022000000000000002
88880,2020-05-31,Twin Falls,Idaho,16083.0,424,23.0,5.0,,,,0.0148
88881,2020-06-01,Twin Falls,Idaho,16083.0,425,23.0,1.0,,,,0.0309
88882,2020-06-02,Twin Falls,Idaho,16083.0,428,23.0,3.0,,,,0.038899999
88883,2020-06-03,Twin Falls,Idaho,16083.0,432,23.0,4.0,,,,0.057799999000000005
88884,2020-06-04,Twin Falls,Idaho,16083.0,435,23.0,3.0,,,,0.055300000999999994
88885,2020-06-05,Twin Falls,Idaho,16083.0,437,23.0,2.0,,,,0.041299999
88886,2020-06-06,Twin Falls,Idaho,16083.0,445,23.0,8.0,,,,0.046599999
88887,2020-06-07,Twin Falls,Idaho,16083.0,445,23.0,0.0,,,,0.0614
88888,2020-06-08,Twin Falls,Idaho,16083.0,456,23.0,11.0,,,,0.07090000099999999
88889,2020-06-09,Twin Falls,Idaho,16083.0,463,25.0,7.0,,,,0.06899999799999999
88890,2020-06-10,Twin Falls,Idaho,16083.0,469,25.0,6.0,,,,0.055300000999999994
88891,2020-06-11,Twin Falls,Idaho,16083.0,470,26.0,1.0,,,,0.066200003
88892,2020-06-12,Twin Falls,Idaho,16083.0,480,26.0,10.0,,,,0.07389999900000001
88893,2020-06-13,Twin Falls,Idaho,16083.0,479,26.0,-1.0,,,,0.08680000199999999
88894,2020-06-14,Twin Falls,Idaho,16083.0,480,26.0,1.0,,,,0.08820000300000001
88895,2020-06-15,Twin Falls,Idaho,16083.0,483,26.0,3.0,,,,0.077500001
88896,2020-06-16,Twin Falls,Idaho,16083.0,489,26.0,6.0,,,,0.0814
88897,2020-06-17,Twin Falls,Idaho,16083.0,499,26.0,10.0,,,,0.0845
88898,2020-06-18,Twin Falls,Idaho,16083.0,504,26.0,5.0,,,,0.089699998
88899,2020-06-19,Twin Falls,Idaho,16083.0,507,26.0,3.0,,,,0.089000002
88900,2020-06-20,Twin Falls,Idaho,16083.0,511,26.0,4.0,,,,0.088399999
88901,2020-06-21,Twin Falls,Idaho,16083.0,511,26.0,0.0,,,,0.07829999900000001
88902,2020-06-22,Twin Falls,Idaho,16083.0,518,26.0,7.0,,,,0.0823
88903,2020-06-23,Twin Falls,Idaho,16083.0,522,26.0,4.0,,,,0.07299999900000001
88904,2020-06-24,Twin Falls,Idaho,16083.0,532,26.0,10.0,,,,0.054200001
88905,2020-06-25,Twin Falls,Idaho,16083.0,540,26.0,8.0,,,,-0.051100001
88906,2020-06-26,Twin Falls,Idaho,16083.0,546,26.0,6.0,,,,-0.08349999799999999
88907,2020-06-27,Twin Falls,Idaho,16083.0,551,26.0,5.0,,,,-0.134
88908,2020-06-28,Twin Falls,Idaho,16083.0,551,25.0,0.0,,,,-0.14800000000000002
88909,2020-06-29,Twin Falls,Idaho,16083.0,566,26.0,15.0,,,,-0.155
88910,2020-06-30,Twin Falls,Idaho,16083.0,599,26.0,33.0,,,,-0.146
88911,2020-07-01,Twin Falls,Idaho,16083.0,614,26.0,15.0,,,,-0.127
88912,2020-07-02,Twin Falls,Idaho,16083.0,642,26.0,28.0,,,,-0.0911
88913,2020-07-03,Twin Falls,Idaho,16083.0,656,26.0,14.0,,,,-0.060600000999999994
88914,2020-07-04,Twin Falls,Idaho,16083.0,662,26.0,6.0,,,,-0.0309
88915,2020-07-05,Twin Falls,Idaho,16083.0,669,26.0,7.0,,,,-0.0255
88916,2020-07-06,Twin Falls,Idaho,16083.0,685,26.0,16.0,,,,-0.021600001
88917,2020-07-07,Twin Falls,Idaho,16083.0,727,26.0,42.0,,,,-0.021400001000000002
88918,2020-07-08,Twin Falls,Idaho,16083.0,756,26.0,29.0,,,,-0.04630000099999999
88919,2020-07-09,Twin Falls,Idaho,16083.0,788,26.0,32.0,,,,-0.059599999
88920,2020-07-10,Twin Falls,Idaho,16083.0,812,26.0,24.0,,,,-0.0105
88921,2020-07-11,Twin Falls,Idaho,16083.0,816,26.0,4.0,,,,0.00075399998
88922,2020-07-12,Twin Falls,Idaho,16083.0,830,26.0,14.0,,,,-0.004520000000000001
88923,2020-07-13,Twin Falls,Idaho,16083.0,853,26.0,23.0,,,,-0.0198
88924,2020-07-14,Twin Falls,Idaho,16083.0,861,26.0,8.0,,,,-0.069799997
88925,2020-07-15,Twin Falls,Idaho,16083.0,874,26.0,13.0,,,,-0.113
88926,2020-07-16,Twin Falls,Idaho,16083.0,894,26.0,20.0,,,,-0.11900000000000001
88927,2020-07-17,Twin Falls,Idaho,16083.0,907,26.0,13.0,,,,-0.122
88928,2020-07-18,Twin Falls,Idaho,16083.0,920,26.0,13.0,,,,-0.107
88929,2020-07-19,Twin Falls,Idaho,16083.0,927,26.0,7.0,,,,-0.111
88930,2020-07-20,Twin Falls,Idaho,16083.0,946,26.0,19.0,,,,-0.09749999599999999
88931,2020-07-21,Twin Falls,Idaho,16083.0,951,26.0,5.0,,,,-0.091300003
88932,2020-07-22,Twin Falls,Idaho,16083.0,960,27.0,9.0,,,,-0.08070000299999999
88933,2020-07-23,Twin Falls,Idaho,16083.0,984,27.0,24.0,,,,-0.048599999000000005
88934,2020-07-24,Twin Falls,Idaho,16083.0,1023,27.0,39.0,,,,-0.028899999
88935,2020-07-25,Twin Falls,Idaho,16083.0,1028,28.0,5.0,,,,-0.037000000000000005
88936,2020-07-26,Twin Falls,Idaho,16083.0,1028,28.0,0.0,,,,-0.039999999
88937,2020-07-27,Twin Falls,Idaho,16083.0,1094,28.0,66.0,,,,-0.021400001000000002
88938,2020-07-28,Twin Falls,Idaho,16083.0,1138,30.0,44.0,,,,-0.0286
88939,2020-07-29,Twin Falls,Idaho,16083.0,1167,30.0,29.0,,,,-0.0009570000099999999
88940,2020-07-30,Twin Falls,Idaho,16083.0,1173,31.0,6.0,,,,0.0041499999
88941,2020-07-31,Twin Falls,Idaho,16083.0,1199,32.0,26.0,,,,0.0034700001
88942,2020-08-01,Twin Falls,Idaho,16083.0,1206,32.0,7.0,,,,-0.00238
88943,2020-08-02,Twin Falls,Idaho,16083.0,1215,32.0,9.0,,,,-0.0109
88944,2020-08-03,Twin Falls,Idaho,16083.0,1251,33.0,36.0,,,,-0.0144
88945,2020-08-04,Twin Falls,Idaho,16083.0,1257,33.0,6.0,,,,-0.0067799999
88946,2020-08-05,Twin Falls,Idaho,16083.0,1293,33.0,36.0,,,,-0.031500001
88947,2020-08-06,Twin Falls,Idaho,16083.0,1310,33.0,17.0,,,,-0.0077999998
88948,2020-08-07,Twin Falls,Idaho,16083.0,1341,33.0,31.0,,,,-0.0166
88949,2020-08-08,Twin Falls,Idaho,16083.0,1384,33.0,43.0,,,,-0.0134
88950,2020-08-09,Twin Falls,Idaho,16083.0,1412,33.0,28.0,,,,0.0029800001
88951,2020-08-10,Twin Falls,Idaho,16083.0,1430,33.0,18.0,,,,0.0070600002
88952,2020-08-11,Twin Falls,Idaho,16083.0,1436,33.0,6.0,,,,-0.00106
88953,2020-08-12,Twin Falls,Idaho,16083.0,1470,33.0,34.0,,,,0.0054700002
88954,2020-08-13,Twin Falls,Idaho,16083.0,1493,33.0,23.0,,,,-0.033100002
88955,2020-08-14,Twin Falls,Idaho,16083.0,1508,34.0,15.0,,,,-0.041499997999999996
88956,2020-08-15,Twin Falls,Idaho,16083.0,1517,34.0,9.0,,,,-0.0403
88957,2020-08-16,Twin Falls,Idaho,16083.0,1521,34.0,4.0,,,,-0.048099998
88958,2020-08-17,Twin Falls,Idaho,16083.0,1533,34.0,12.0,,,,-0.0678
88959,2020-08-18,Twin Falls,Idaho,16083.0,1544,34.0,11.0,,,,-0.063699998
88960,2020-08-19,Twin Falls,Idaho,16083.0,1550,34.0,6.0,,,,-0.06329999900000001
88961,2020-08-20,Twin Falls,Idaho,16083.0,1573,34.0,23.0,,,,-0.043200000999999995
88962,2020-08-21,Twin Falls,Idaho,16083.0,1583,34.0,10.0,,,,-0.0251
88963,2020-08-22,Twin Falls,Idaho,16083.0,1589,34.0,6.0,,,,-0.0276
88964,2020-08-23,Twin Falls,Idaho,16083.0,1600,34.0,11.0,,,,-0.037099997999999995
88965,2020-08-24,Twin Falls,Idaho,16083.0,1604,34.0,4.0,,,,-0.0374
88966,2020-08-25,Twin Falls,Idaho,16083.0,1611,35.0,7.0,,,,-0.031300001
88967,2020-08-26,Twin Falls,Idaho,16083.0,1628,35.0,17.0,,,,-0.0427
88968,2020-08-27,Twin Falls,Idaho,16083.0,1645,35.0,17.0,,,,-0.0352
88969,2020-08-28,Twin Falls,Idaho,16083.0,1655,35.0,10.0,,,,-0.030999999
88970,2020-08-29,Twin Falls,Idaho,16083.0,1665,35.0,10.0,,,,-0.0287
88971,2020-08-30,Twin Falls,Idaho,16083.0,1673,35.0,8.0,,,,-0.016799999
88972,2020-08-31,Twin Falls,Idaho,16083.0,1685,35.0,12.0,,,,-0.0080000004
88973,2020-09-01,Twin Falls,Idaho,16083.0,1691,35.0,6.0,,,,-0.0054399999999999995
88974,2020-09-02,Twin Falls,Idaho,16083.0,1699,35.0,8.0,,,,0.0163
88975,2020-09-03,Twin Falls,Idaho,16083.0,1739,35.0,40.0,,,,0.027899998999999998
88976,2020-09-04,Twin Falls,Idaho,16083.0,1759,36.0,20.0,,,,-0.00012300001
88977,2020-09-05,Twin Falls,Idaho,16083.0,1768,36.0,9.0,,,,0.00101
88978,2020-09-06,Twin Falls,Idaho,16083.0,1783,36.0,15.0,,,,0.045299999
88979,2020-09-07,Twin Falls,Idaho,16083.0,1797,36.0,14.0,,,,0.045699999000000005
88980,2020-09-08,Twin Falls,Idaho,16083.0,1808,36.0,11.0,,,,0.016100001
88981,2020-09-09,Twin Falls,Idaho,16083.0,1818,36.0,10.0,,,,-0.0416
88982,2020-09-10,Twin Falls,Idaho,16083.0,1842,36.0,24.0,,,,-0.041099999
88983,2020-09-11,Twin Falls,Idaho,16083.0,1863,36.0,21.0,,,,-0.050000000999999995
88984,2020-09-12,Twin Falls,Idaho,16083.0,1871,36.0,8.0,,,,-0.0458
88985,2020-09-13,Twin Falls,Idaho,16083.0,1871,36.0,0.0,,,,-0.056899998
88986,2020-09-14,Twin Falls,Idaho,16083.0,1917,36.0,46.0,,,,-0.042599998
88987,2020-09-15,Twin Falls,Idaho,16083.0,1932,36.0,15.0,,,,-0.0143
88988,2020-09-16,Twin Falls,Idaho,16083.0,1939,36.0,7.0,,,,0.0095300004
88989,2020-09-17,Twin Falls,Idaho,16083.0,1979,36.0,40.0,,,,0.0088400003
88990,2020-09-18,Twin Falls,Idaho,16083.0,2002,36.0,23.0,,,,0.021199999
88991,2020-09-19,Twin Falls,Idaho,16083.0,2020,36.0,18.0,,,,0.023499999
88992,2020-09-20,Twin Falls,Idaho,16083.0,2037,36.0,17.0,,,,0.037799999
88993,2020-09-21,Twin Falls,Idaho,16083.0,2081,36.0,44.0,,,,0.038699999
88994,2020-09-22,Twin Falls,Idaho,16083.0,2096,36.0,15.0,,,,0.0309
88995,2020-09-23,Twin Falls,Idaho,16083.0,2112,36.0,16.0,,,,0.0162
88996,2020-09-24,Twin Falls,Idaho,16083.0,2169,37.0,57.0,,,,0.0031300001
88997,2020-09-25,Twin Falls,Idaho,16083.0,2199,38.0,30.0,,,,-0.0068199998
88998,2020-09-26,Twin Falls,Idaho,16083.0,2199,38.0,0.0,,,,-0.0038000001
88999,2020-09-27,Twin Falls,Idaho,16083.0,2199,38.0,0.0,,,,0.0041600000000000005
89000,2020-09-28,Twin Falls,Idaho,16083.0,2301,38.0,102.0,,,,-0.0013599999999999999
89001,2020-09-29,Twin Falls,Idaho,16083.0,2319,38.0,18.0,,,,-0.0083600003
89002,2020-09-30,Twin Falls,Idaho,16083.0,2385,39.0,66.0,,,,-0.0199
89003,2020-10-01,Twin Falls,Idaho,16083.0,2385,39.0,0.0,,,,-0.0046899999
89004,2020-10-02,Twin Falls,Idaho,16083.0,2451,39.0,66.0,,,,0.0008449999699999998
89005,2020-10-03,Twin Falls,Idaho,16083.0,2451,39.0,0.0,,,,0.0129
89006,2020-10-04,Twin Falls,Idaho,16083.0,2451,39.0,0.0,,,,0.065099999
89007,2020-10-05,Twin Falls,Idaho,16083.0,2527,39.0,76.0,,,,0.10400000000000001
89008,2020-10-06,Twin Falls,Idaho,16083.0,2607,41.0,80.0,,,,0.11800000000000001
89009,2020-10-07,Twin Falls,Idaho,16083.0,2674,41.0,67.0,,,,0.106
89010,2020-10-08,Twin Falls,Idaho,16083.0,2772,41.0,98.0,,,,0.10300000000000001
89011,2020-10-09,Twin Falls,Idaho,16083.0,2826,41.0,54.0,,,,0.13
89012,2020-10-10,Twin Falls,Idaho,16083.0,2826,41.0,0.0,,,,0.125
89013,2020-10-11,Twin Falls,Idaho,16083.0,2826,41.0,0.0,,,,0.06610000099999999
89014,2020-10-12,Twin Falls,Idaho,16083.0,2826,41.0,0.0,,,,0.043400000999999994
89015,2020-10-13,Twin Falls,Idaho,16083.0,2988,42.0,162.0,,,,0.0427
89016,2020-10-14,Twin Falls,Idaho,16083.0,3028,42.0,40.0,,,,0.037799999
89017,2020-10-15,Twin Falls,Idaho,16083.0,3144,42.0,116.0,,,,0.0513
89018,2020-10-16,Twin Falls,Idaho,16083.0,3216,43.0,72.0,,,,0.0232
89019,2020-10-17,Twin Falls,Idaho,16083.0,3216,43.0,0.0,,,,0.013000000000000001
89020,2020-10-18,Twin Falls,Idaho,16083.0,3216,43.0,0.0,,,,0.0095100002
89021,2020-10-19,Twin Falls,Idaho,16083.0,3358,43.0,142.0,,,,-0.023
89022,2020-10-20,Twin Falls,Idaho,16083.0,3450,43.0,92.0,,,,-0.0207
89023,2020-10-21,Twin Falls,Idaho,16083.0,3562,43.0,112.0,,,,-0.0095600002
89024,2020-10-22,Twin Falls,Idaho,16083.0,3677,44.0,115.0,,,,-0.022600001
89025,2020-10-23,Twin Falls,Idaho,16083.0,3736,45.0,59.0,,,,-0.017000001
89026,2020-10-24,Twin Falls,Idaho,16083.0,3804,47.0,68.0,,,,-0.016100001
89027,2020-10-25,Twin Falls,Idaho,16083.0,3804,47.0,0.0,,,,-0.0184
89028,2020-10-26,Twin Falls,Idaho,16083.0,3914,47.0,110.0,,,,-0.0241
89029,2020-10-27,Twin Falls,Idaho,16083.0,4002,47.0,88.0,,,,-0.028999999
89030,2020-10-28,Twin Falls,Idaho,16083.0,4113,47.0,111.0,,,,-0.033199999
89031,2020-10-29,Twin Falls,Idaho,16083.0,4209,49.0,96.0,,,,-0.024800001000000002
89032,2020-10-30,Twin Falls,Idaho,16083.0,4275,50.0,66.0,,,,-0.027000001000000003
89033,2020-10-31,Twin Falls,Idaho,16083.0,4316,50.0,41.0,,,,-0.0275
89034,2020-11-01,Twin Falls,Idaho,16083.0,4363,50.0,47.0,,,,-0.042199999
89035,2020-11-02,Twin Falls,Idaho,16083.0,4444,51.0,81.0,,,,-0.0328
89036,2020-11-03,Twin Falls,Idaho,16083.0,4563,51.0,119.0,,,,-0.021400001000000002
89037,2020-11-04,Twin Falls,Idaho,16083.0,4709,53.0,146.0,,,,-0.017000001
89038,2020-11-05,Twin Falls,Idaho,16083.0,4849,54.0,140.0,,,,0.044300001
89039,2020-11-06,Twin Falls,Idaho,16083.0,4985,55.0,136.0,,,,0.070799999
89040,2020-11-07,Twin Falls,Idaho,16083.0,5076,55.0,91.0,,,,0.088799998
89041,2020-11-08,Twin Falls,Idaho,16083.0,5114,55.0,38.0,,,,0.109
89042,2020-11-09,Twin Falls,Idaho,16083.0,5225,61.0,111.0,,,,0.10800000000000001
89043,2020-11-10,Twin Falls,Idaho,16083.0,5262,62.0,37.0,,,,0.121
89044,2020-11-11,Twin Falls,Idaho,16083.0,5450,66.0,188.0,,,,0.14399999
89045,2020-11-12,Twin Falls,Idaho,16083.0,5609,69.0,159.0,,,,0.0788
89046,2020-11-13,Twin Falls,Idaho,16083.0,5684,69.0,75.0,,,,0.040100001
89047,2020-11-14,Twin Falls,Idaho,16083.0,5748,68.0,64.0,,,,0.053199999000000005
89048,2020-11-15,Twin Falls,Idaho,16083.0,5817,68.0,69.0,,,,0.056000002
89049,2020-11-16,Twin Falls,Idaho,16083.0,5912,68.0,95.0,,,,0.049800000999999997
89050,2020-11-17,Twin Falls,Idaho,16083.0,5996,73.0,84.0,,,,0.034000002
89051,2020-11-18,Twin Falls,Idaho,16083.0,6133,73.0,137.0,,,,0.0396
89052,2020-11-19,Twin Falls,Idaho,16083.0,6235,76.0,102.0,,,,0.039900001000000004
89053,2020-11-20,Twin Falls,Idaho,16083.0,6321,76.0,86.0,,,,0.04410000099999999
89054,2020-11-21,Twin Falls,Idaho,16083.0,6368,76.0,47.0,,,,0.025699998999999998
89055,2020-11-22,Twin Falls,Idaho,16083.0,6393,76.0,25.0,,,,0.0123
