,date,county,state,fips,cases,deaths,new_cases,emp_combined,emp_combined_inclow,revenue_all,spend_all
89536,2020-03-15,Clinton,Illinois,17027.0,1,0.0,0.0,,,,-0.138
89537,2020-03-16,Clinton,Illinois,17027.0,1,0.0,0.0,,,,-0.146
89538,2020-03-17,Clinton,Illinois,17027.0,2,0.0,1.0,,,,-0.12800001
89539,2020-03-18,Clinton,Illinois,17027.0,3,0.0,1.0,,,,-0.19699999999999998
89540,2020-03-19,Clinton,Illinois,17027.0,3,0.0,0.0,,,,-0.16599999
89541,2020-03-20,Clinton,Illinois,17027.0,3,0.0,0.0,,,,-0.221
89542,2020-03-21,Clinton,Illinois,17027.0,3,0.0,0.0,,,,-0.25600001
89543,2020-03-22,Clinton,Illinois,17027.0,3,0.0,0.0,,,,-0.31999999
89544,2020-03-23,Clinton,Illinois,17027.0,3,0.0,0.0,,,,-0.28600001
89545,2020-03-24,Clinton,Illinois,17027.0,3,0.0,0.0,,,,-0.41999999
89546,2020-03-25,Clinton,Illinois,17027.0,4,0.0,1.0,,,,-0.40400001
89547,2020-03-26,Clinton,Illinois,17027.0,5,0.0,1.0,,,,-0.39399999
89548,2020-03-27,Clinton,Illinois,17027.0,5,0.0,0.0,,,,-0.40900001
89549,2020-03-28,Clinton,Illinois,17027.0,5,0.0,0.0,,,,-0.39300001
89550,2020-03-29,Clinton,Illinois,17027.0,6,0.0,1.0,,,,-0.37200001
89551,2020-03-30,Clinton,Illinois,17027.0,6,0.0,0.0,,,,-0.396
89552,2020-03-31,Clinton,Illinois,17027.0,7,0.0,1.0,,,,-0.42100000000000004
89553,2020-04-01,Clinton,Illinois,17027.0,8,0.0,1.0,,,,-0.40700001
89554,2020-04-02,Clinton,Illinois,17027.0,8,0.0,0.0,,,,-0.40299999999999997
89555,2020-04-03,Clinton,Illinois,17027.0,8,0.0,0.0,,,,-0.33500001
89556,2020-04-04,Clinton,Illinois,17027.0,10,0.0,2.0,,,,-0.317
89557,2020-04-05,Clinton,Illinois,17027.0,10,0.0,0.0,,,,-0.31799999
89558,2020-04-06,Clinton,Illinois,17027.0,11,0.0,1.0,,,,-0.32100001
89559,2020-04-07,Clinton,Illinois,17027.0,11,0.0,0.0,,,,-0.315
89560,2020-04-08,Clinton,Illinois,17027.0,13,0.0,2.0,,,,-0.31900001
89561,2020-04-09,Clinton,Illinois,17027.0,31,0.0,18.0,,,,-0.28799999
89562,2020-04-10,Clinton,Illinois,17027.0,32,0.0,1.0,,,,-0.32499999
89563,2020-04-11,Clinton,Illinois,17027.0,37,0.0,5.0,,,,-0.37200001
89564,2020-04-12,Clinton,Illinois,17027.0,37,0.0,0.0,,,,-0.38
89565,2020-04-13,Clinton,Illinois,17027.0,38,0.0,1.0,,,,-0.44999999
89566,2020-04-14,Clinton,Illinois,17027.0,38,0.0,0.0,,,,-0.39700001
89567,2020-04-15,Clinton,Illinois,17027.0,39,0.0,1.0,,,,-0.42899999
89568,2020-04-16,Clinton,Illinois,17027.0,39,0.0,0.0,,,,-0.31
89569,2020-04-17,Clinton,Illinois,17027.0,42,0.0,3.0,,,,-0.31200001
89570,2020-04-18,Clinton,Illinois,17027.0,44,0.0,2.0,,,,-0.22699999999999998
89571,2020-04-19,Clinton,Illinois,17027.0,45,0.0,1.0,,,,-0.21799999
89572,2020-04-20,Clinton,Illinois,17027.0,45,0.0,0.0,,,,-0.153
89573,2020-04-21,Clinton,Illinois,17027.0,46,0.0,1.0,,,,-0.16899999999999998
89574,2020-04-22,Clinton,Illinois,17027.0,49,0.0,3.0,,,,-0.17800000000000002
89575,2020-04-23,Clinton,Illinois,17027.0,51,0.0,2.0,,,,-0.257
89576,2020-04-24,Clinton,Illinois,17027.0,73,1.0,22.0,,,,-0.23600000000000002
89577,2020-04-25,Clinton,Illinois,17027.0,82,1.0,9.0,,,,-0.31999999
89578,2020-04-26,Clinton,Illinois,17027.0,84,1.0,2.0,,,,-0.31900001
89579,2020-04-27,Clinton,Illinois,17027.0,85,1.0,1.0,,,,-0.289
89580,2020-04-28,Clinton,Illinois,17027.0,90,1.0,5.0,,,,-0.25799999
89581,2020-04-29,Clinton,Illinois,17027.0,101,1.0,11.0,,,,-0.26100001
89582,2020-04-30,Clinton,Illinois,17027.0,106,3.0,5.0,,,,-0.28
89583,2020-05-01,Clinton,Illinois,17027.0,110,4.0,4.0,,,,-0.31400001
89584,2020-05-02,Clinton,Illinois,17027.0,110,5.0,0.0,,,,-0.22499999
89585,2020-05-03,Clinton,Illinois,17027.0,112,5.0,2.0,,,,-0.193
89586,2020-05-04,Clinton,Illinois,17027.0,114,5.0,2.0,,,,-0.205
89587,2020-05-05,Clinton,Illinois,17027.0,115,7.0,1.0,,,,-0.205
89588,2020-05-06,Clinton,Illinois,17027.0,116,7.0,1.0,,,,-0.19699999999999998
89589,2020-05-07,Clinton,Illinois,17027.0,122,8.0,6.0,,,,-0.24600001
89590,2020-05-08,Clinton,Illinois,17027.0,125,8.0,3.0,,,,-0.191
89591,2020-05-09,Clinton,Illinois,17027.0,126,10.0,1.0,,,,-0.26699999
89592,2020-05-10,Clinton,Illinois,17027.0,126,10.0,0.0,,,,-0.30500001
89593,2020-05-11,Clinton,Illinois,17027.0,127,10.0,1.0,,,,-0.34900001
89594,2020-05-12,Clinton,Illinois,17027.0,128,12.0,1.0,,,,-0.36899999
89595,2020-05-13,Clinton,Illinois,17027.0,142,13.0,14.0,,,,-0.34599999
89596,2020-05-14,Clinton,Illinois,17027.0,155,13.0,13.0,,,,-0.36399999
89597,2020-05-15,Clinton,Illinois,17027.0,159,13.0,4.0,,,,-0.41999999
89598,2020-05-16,Clinton,Illinois,17027.0,162,14.0,3.0,,,,-0.38999999
89599,2020-05-17,Clinton,Illinois,17027.0,161,14.0,-1.0,,,,-0.34400001
89600,2020-05-18,Clinton,Illinois,17027.0,161,14.0,0.0,,,,-0.32800001
89601,2020-05-19,Clinton,Illinois,17027.0,165,14.0,4.0,,,,-0.37
89602,2020-05-20,Clinton,Illinois,17027.0,167,16.0,2.0,,,,-0.37599999
89603,2020-05-21,Clinton,Illinois,17027.0,169,16.0,2.0,,,,-0.34700000000000003
89604,2020-05-22,Clinton,Illinois,17027.0,173,16.0,4.0,,,,-0.30599999
89605,2020-05-23,Clinton,Illinois,17027.0,176,16.0,3.0,,,,-0.33199999
89606,2020-05-24,Clinton,Illinois,17027.0,176,16.0,0.0,,,,-0.35299999
89607,2020-05-25,Clinton,Illinois,17027.0,177,16.0,1.0,,,,-0.32800001
89608,2020-05-26,Clinton,Illinois,17027.0,178,16.0,1.0,,,,-0.33799999999999997
89609,2020-05-27,Clinton,Illinois,17027.0,178,17.0,0.0,,,,-0.31600001
89610,2020-05-28,Clinton,Illinois,17027.0,180,17.0,2.0,,,,-0.31099999
89611,2020-05-29,Clinton,Illinois,17027.0,181,17.0,1.0,,,,-0.30000001
89612,2020-05-30,Clinton,Illinois,17027.0,186,17.0,5.0,,,,-0.27200001
89613,2020-05-31,Clinton,Illinois,17027.0,186,17.0,0.0,,,,-0.287
89614,2020-06-01,Clinton,Illinois,17027.0,186,17.0,0.0,,,,-0.26300001
89615,2020-06-02,Clinton,Illinois,17027.0,188,17.0,2.0,,,,-0.27200001
89616,2020-06-03,Clinton,Illinois,17027.0,188,17.0,0.0,,,,-0.26800001
89617,2020-06-04,Clinton,Illinois,17027.0,189,17.0,1.0,,,,-0.20200001
89618,2020-06-05,Clinton,Illinois,17027.0,190,17.0,1.0,,,,-0.132
89619,2020-06-06,Clinton,Illinois,17027.0,193,17.0,3.0,,,,-0.111
89620,2020-06-07,Clinton,Illinois,17027.0,193,17.0,0.0,,,,-0.037000000000000005
89621,2020-06-08,Clinton,Illinois,17027.0,193,17.0,0.0,,,,-0.017100001
89622,2020-06-09,Clinton,Illinois,17027.0,196,17.0,3.0,,,,0.018200001
89623,2020-06-10,Clinton,Illinois,17027.0,197,17.0,1.0,,,,0.097000003
89624,2020-06-11,Clinton,Illinois,17027.0,198,17.0,1.0,,,,0.047200002000000005
89625,2020-06-12,Clinton,Illinois,17027.0,203,17.0,5.0,,,,0.0277
89626,2020-06-13,Clinton,Illinois,17027.0,207,17.0,4.0,,,,0.00116
89627,2020-06-14,Clinton,Illinois,17027.0,209,17.0,2.0,,,,-0.045600000999999994
89628,2020-06-15,Clinton,Illinois,17027.0,213,17.0,4.0,,,,-0.0221
89629,2020-06-16,Clinton,Illinois,17027.0,214,17.0,1.0,,,,0.087300003
89630,2020-06-17,Clinton,Illinois,17027.0,216,17.0,2.0,,,,-0.048999999
89631,2020-06-18,Clinton,Illinois,17027.0,220,17.0,4.0,,,,-0.12300000000000001
89632,2020-06-19,Clinton,Illinois,17027.0,220,17.0,0.0,,,,-0.0801
89633,2020-06-20,Clinton,Illinois,17027.0,223,17.0,3.0,,,,-0.0942
89634,2020-06-21,Clinton,Illinois,17027.0,224,17.0,1.0,,,,-0.11599999999999999
89635,2020-06-22,Clinton,Illinois,17027.0,224,17.0,0.0,,,,-0.18099999
89636,2020-06-23,Clinton,Illinois,17027.0,225,17.0,1.0,,,,-0.28999999
89637,2020-06-24,Clinton,Illinois,17027.0,224,17.0,-1.0,,,,-0.287
89638,2020-06-25,Clinton,Illinois,17027.0,226,17.0,2.0,,,,-0.23
89639,2020-06-26,Clinton,Illinois,17027.0,229,17.0,3.0,,,,-0.29499999
89640,2020-06-27,Clinton,Illinois,17027.0,231,17.0,2.0,,,,-0.37900001
89641,2020-06-28,Clinton,Illinois,17027.0,233,17.0,2.0,,,,-0.34900001
89642,2020-06-29,Clinton,Illinois,17027.0,236,17.0,3.0,,,,-0.287
89643,2020-06-30,Clinton,Illinois,17027.0,236,17.0,0.0,,,,-0.19400001
89644,2020-07-01,Clinton,Illinois,17027.0,237,17.0,1.0,,,,-0.08659999800000001
89645,2020-07-02,Clinton,Illinois,17027.0,239,17.0,2.0,,,,0.0176
89646,2020-07-03,Clinton,Illinois,17027.0,240,17.0,1.0,,,,0.025
89647,2020-07-04,Clinton,Illinois,17027.0,241,17.0,1.0,,,,0.29300001
89648,2020-07-05,Clinton,Illinois,17027.0,242,17.0,1.0,,,,0.175
89649,2020-07-06,Clinton,Illinois,17027.0,242,17.0,0.0,,,,0.17600000000000002
89650,2020-07-07,Clinton,Illinois,17027.0,243,17.0,1.0,,,,0.090599999
89651,2020-07-08,Clinton,Illinois,17027.0,244,17.0,1.0,,,,-0.04309999900000001
89652,2020-07-09,Clinton,Illinois,17027.0,244,17.0,0.0,,,,-0.10800000000000001
89653,2020-07-10,Clinton,Illinois,17027.0,245,17.0,1.0,,,,-0.15000001
89654,2020-07-11,Clinton,Illinois,17027.0,247,17.0,2.0,,,,-0.056200001
89655,2020-07-12,Clinton,Illinois,17027.0,246,16.0,-1.0,,,,-0.12
89656,2020-07-13,Clinton,Illinois,17027.0,246,16.0,0.0,,,,-0.17
89657,2020-07-14,Clinton,Illinois,17027.0,252,16.0,6.0,,,,-0.17399999
89658,2020-07-15,Clinton,Illinois,17027.0,256,17.0,4.0,,,,-0.21100000000000002
89659,2020-07-16,Clinton,Illinois,17027.0,260,16.0,4.0,,,,-0.25999999
89660,2020-07-17,Clinton,Illinois,17027.0,264,16.0,4.0,,,,-0.221
89661,2020-07-18,Clinton,Illinois,17027.0,267,16.0,3.0,,,,-0.25099999
89662,2020-07-19,Clinton,Illinois,17027.0,268,16.0,1.0,,,,-0.26499999
89663,2020-07-20,Clinton,Illinois,17027.0,271,17.0,3.0,,,,-0.26899999
89664,2020-07-21,Clinton,Illinois,17027.0,273,17.0,2.0,,,,-0.2
89665,2020-07-22,Clinton,Illinois,17027.0,278,17.0,5.0,,,,-0.17299999
89666,2020-07-23,Clinton,Illinois,17027.0,288,17.0,10.0,,,,-0.0427
89667,2020-07-24,Clinton,Illinois,17027.0,292,17.0,4.0,,,,-0.060899999
89668,2020-07-25,Clinton,Illinois,17027.0,294,17.0,2.0,,,,-0.057799999000000005
89669,2020-07-26,Clinton,Illinois,17027.0,298,17.0,4.0,,,,-0.05090000099999999
89670,2020-07-27,Clinton,Illinois,17027.0,306,17.0,8.0,,,,-0.030300001
89671,2020-07-28,Clinton,Illinois,17027.0,311,17.0,5.0,,,,-0.132
89672,2020-07-29,Clinton,Illinois,17027.0,319,17.0,8.0,,,,-0.17200001
89673,2020-07-30,Clinton,Illinois,17027.0,321,17.0,2.0,,,,-0.34599999
89674,2020-07-31,Clinton,Illinois,17027.0,330,17.0,9.0,,,,-0.345
89675,2020-08-01,Clinton,Illinois,17027.0,333,17.0,3.0,,,,-0.33299999999999996
89676,2020-08-02,Clinton,Illinois,17027.0,338,17.0,5.0,,,,-0.33399999
89677,2020-08-03,Clinton,Illinois,17027.0,349,17.0,11.0,,,,-0.37200001
89678,2020-08-04,Clinton,Illinois,17027.0,353,17.0,4.0,,,,-0.32899999999999996
89679,2020-08-05,Clinton,Illinois,17027.0,366,17.0,13.0,,,,-0.22
89680,2020-08-06,Clinton,Illinois,17027.0,378,17.0,12.0,,,,-0.18000001
89681,2020-08-07,Clinton,Illinois,17027.0,387,17.0,9.0,,,,-0.17600000000000002
89682,2020-08-08,Clinton,Illinois,17027.0,396,17.0,9.0,,,,-0.138
89683,2020-08-09,Clinton,Illinois,17027.0,407,17.0,11.0,,,,-0.109
89684,2020-08-10,Clinton,Illinois,17027.0,411,17.0,4.0,,,,-0.0691
89685,2020-08-11,Clinton,Illinois,17027.0,415,17.0,4.0,,,,-0.039999999
89686,2020-08-12,Clinton,Illinois,17027.0,419,17.0,4.0,,,,-0.145
89687,2020-08-13,Clinton,Illinois,17027.0,433,17.0,14.0,,,,-0.16500001
89688,2020-08-14,Clinton,Illinois,17027.0,454,17.0,21.0,,,,-0.125
89689,2020-08-15,Clinton,Illinois,17027.0,468,17.0,14.0,,,,-0.12300000000000001
89690,2020-08-16,Clinton,Illinois,17027.0,485,17.0,17.0,,,,-0.153
89691,2020-08-17,Clinton,Illinois,17027.0,492,17.0,7.0,,,,-0.14399999
89692,2020-08-18,Clinton,Illinois,17027.0,512,17.0,20.0,,,,-0.18899999999999997
89693,2020-08-19,Clinton,Illinois,17027.0,524,17.0,12.0,,,,-0.15700001
89694,2020-08-20,Clinton,Illinois,17027.0,548,17.0,24.0,,,,-0.0788
89695,2020-08-21,Clinton,Illinois,17027.0,553,17.0,5.0,,,,-0.15700001
89696,2020-08-22,Clinton,Illinois,17027.0,574,17.0,21.0,,,,-0.154
89697,2020-08-23,Clinton,Illinois,17027.0,582,17.0,8.0,,,,-0.095799997
89698,2020-08-24,Clinton,Illinois,17027.0,606,17.0,24.0,,,,-0.153
89699,2020-08-25,Clinton,Illinois,17027.0,632,17.0,26.0,,,,-0.113
89700,2020-08-26,Clinton,Illinois,17027.0,647,17.0,15.0,,,,-0.131
89701,2020-08-27,Clinton,Illinois,17027.0,667,17.0,20.0,,,,-0.146
89702,2020-08-28,Clinton,Illinois,17027.0,670,17.0,3.0,,,,-0.07829999900000001
89703,2020-08-29,Clinton,Illinois,17027.0,691,17.0,21.0,,,,-0.10300000000000001
89704,2020-08-30,Clinton,Illinois,17027.0,692,17.0,1.0,,,,-0.14300001
89705,2020-08-31,Clinton,Illinois,17027.0,715,17.0,23.0,,,,-0.124
89706,2020-09-01,Clinton,Illinois,17027.0,740,17.0,25.0,,,,-0.087300003
89707,2020-09-02,Clinton,Illinois,17027.0,765,17.0,25.0,,,,-0.11199999999999999
89708,2020-09-03,Clinton,Illinois,17027.0,771,17.0,6.0,,,,-0.141
89709,2020-09-04,Clinton,Illinois,17027.0,809,17.0,38.0,,,,-0.12899999
89710,2020-09-05,Clinton,Illinois,17027.0,832,17.0,23.0,,,,-0.058899999
89711,2020-09-06,Clinton,Illinois,17027.0,842,17.0,10.0,,,,-0.092900001
89712,2020-09-07,Clinton,Illinois,17027.0,857,17.0,15.0,,,,0.0148
89713,2020-09-08,Clinton,Illinois,17027.0,869,19.0,12.0,,,,-0.064400002
89714,2020-09-09,Clinton,Illinois,17027.0,884,19.0,15.0,,,,0.071400002
89715,2020-09-10,Clinton,Illinois,17027.0,902,19.0,18.0,,,,-0.0119
89716,2020-09-11,Clinton,Illinois,17027.0,922,19.0,20.0,,,,-0.0177
89717,2020-09-12,Clinton,Illinois,17027.0,936,19.0,14.0,,,,-0.073399998
89718,2020-09-13,Clinton,Illinois,17027.0,950,19.0,14.0,,,,-0.035599999
89719,2020-09-14,Clinton,Illinois,17027.0,961,19.0,11.0,,,,0.066
89720,2020-09-15,Clinton,Illinois,17027.0,971,19.0,10.0,,,,0.07389999900000001
89721,2020-09-16,Clinton,Illinois,17027.0,987,20.0,16.0,,,,-0.051399997999999995
89722,2020-09-17,Clinton,Illinois,17027.0,1004,20.0,17.0,,,,-0.076399997
89723,2020-09-18,Clinton,Illinois,17027.0,1022,20.0,18.0,,,,-0.079300001
89724,2020-09-19,Clinton,Illinois,17027.0,1051,20.0,29.0,,,,-0.079499997
89725,2020-09-20,Clinton,Illinois,17027.0,1064,20.0,13.0,,,,-0.146
89726,2020-09-21,Clinton,Illinois,17027.0,1071,20.0,7.0,,,,-0.212
89727,2020-09-22,Clinton,Illinois,17027.0,1084,20.0,13.0,,,,-0.15000001
89728,2020-09-23,Clinton,Illinois,17027.0,1088,20.0,4.0,,,,-0.11
89729,2020-09-24,Clinton,Illinois,17027.0,1101,20.0,13.0,,,,-0.0339
89730,2020-09-25,Clinton,Illinois,17027.0,1129,20.0,28.0,,,,-0.036899998999999996
89731,2020-09-26,Clinton,Illinois,17027.0,1153,20.0,24.0,,,,-0.033500001
89732,2020-09-27,Clinton,Illinois,17027.0,1169,20.0,16.0,,,,-0.020300001
89733,2020-09-28,Clinton,Illinois,17027.0,1190,20.0,21.0,,,,-0.032099999
89734,2020-09-29,Clinton,Illinois,17027.0,1203,21.0,13.0,,,,-0.16
89735,2020-09-30,Clinton,Illinois,17027.0,1222,21.0,19.0,,,,-0.11599999999999999
89736,2020-10-01,Clinton,Illinois,17027.0,1239,21.0,17.0,,,,-0.233
89737,2020-10-02,Clinton,Illinois,17027.0,1261,21.0,22.0,,,,-0.215
89738,2020-10-03,Clinton,Illinois,17027.0,1279,21.0,18.0,,,,-0.207
89739,2020-10-04,Clinton,Illinois,17027.0,1297,21.0,18.0,,,,-0.243
89740,2020-10-05,Clinton,Illinois,17027.0,1309,21.0,12.0,,,,-0.28600001
89741,2020-10-06,Clinton,Illinois,17027.0,1319,22.0,10.0,,,,-0.245
89742,2020-10-07,Clinton,Illinois,17027.0,1338,23.0,19.0,,,,-0.331
89743,2020-10-08,Clinton,Illinois,17027.0,1355,23.0,17.0,,,,-0.32499999
89744,2020-10-09,Clinton,Illinois,17027.0,1377,23.0,22.0,,,,-0.35100001
89745,2020-10-10,Clinton,Illinois,17027.0,1400,23.0,23.0,,,,-0.33199999
89746,2020-10-11,Clinton,Illinois,17027.0,1411,23.0,11.0,,,,-0.228
89747,2020-10-12,Clinton,Illinois,17027.0,1430,23.0,19.0,,,,-0.192
89748,2020-10-13,Clinton,Illinois,17027.0,1438,23.0,8.0,,,,-0.185
89749,2020-10-14,Clinton,Illinois,17027.0,1452,23.0,14.0,,,,-0.147
89750,2020-10-15,Clinton,Illinois,17027.0,1480,23.0,28.0,,,,-0.105
89751,2020-10-16,Clinton,Illinois,17027.0,1515,23.0,35.0,,,,-0.0339
89752,2020-10-17,Clinton,Illinois,17027.0,1541,24.0,26.0,,,,-0.038800001
89753,2020-10-18,Clinton,Illinois,17027.0,1560,24.0,19.0,,,,-0.072300002
89754,2020-10-19,Clinton,Illinois,17027.0,1587,24.0,27.0,,,,-0.07289999700000001
89755,2020-10-20,Clinton,Illinois,17027.0,1631,24.0,44.0,,,,-0.109
89756,2020-10-21,Clinton,Illinois,17027.0,1663,25.0,32.0,,,,-0.017899999
89757,2020-10-22,Clinton,Illinois,17027.0,1687,25.0,24.0,,,,0.0024900001
89758,2020-10-23,Clinton,Illinois,17027.0,1709,26.0,22.0,,,,-0.057999998
89759,2020-10-24,Clinton,Illinois,17027.0,1733,26.0,24.0,,,,-0.106
89760,2020-10-25,Clinton,Illinois,17027.0,1755,26.0,22.0,,,,-0.19400001
89761,2020-10-26,Clinton,Illinois,17027.0,1789,26.0,34.0,,,,-0.13600001
89762,2020-10-27,Clinton,Illinois,17027.0,1811,28.0,22.0,,,,-0.105
89763,2020-10-28,Clinton,Illinois,17027.0,1828,29.0,17.0,,,,-0.11699999999999999
89764,2020-10-29,Clinton,Illinois,17027.0,1856,31.0,28.0,,,,-0.12300000000000001
89765,2020-10-30,Clinton,Illinois,17027.0,1877,31.0,21.0,,,,-0.0995
89766,2020-10-31,Clinton,Illinois,17027.0,1877,31.0,0.0,,,,-0.113
89767,2020-11-01,Clinton,Illinois,17027.0,1919,31.0,42.0,,,,-0.081500001
89768,2020-11-02,Clinton,Illinois,17027.0,1936,31.0,17.0,,,,-0.132
89769,2020-11-03,Clinton,Illinois,17027.0,1966,32.0,30.0,,,,-0.17299999
89770,2020-11-04,Clinton,Illinois,17027.0,1988,32.0,22.0,,,,-0.18600000000000003
89771,2020-11-05,Clinton,Illinois,17027.0,2031,35.0,43.0,,,,-0.20100001
89772,2020-11-06,Clinton,Illinois,17027.0,2100,36.0,69.0,,,,-0.24100000000000002
89773,2020-11-07,Clinton,Illinois,17027.0,2142,36.0,42.0,,,,-0.255
89774,2020-11-08,Clinton,Illinois,17027.0,2164,36.0,22.0,,,,-0.278
89775,2020-11-09,Clinton,Illinois,17027.0,2207,36.0,43.0,,,,-0.271
89776,2020-11-10,Clinton,Illinois,17027.0,2294,37.0,87.0,,,,-0.26800001
89777,2020-11-11,Clinton,Illinois,17027.0,2368,39.0,74.0,,,,-0.175
89778,2020-11-12,Clinton,Illinois,17027.0,2392,47.0,24.0,,,,-0.25
89779,2020-11-13,Clinton,Illinois,17027.0,2453,47.0,61.0,,,,-0.23899999
89780,2020-11-14,Clinton,Illinois,17027.0,2512,50.0,59.0,,,,-0.27200001
89781,2020-11-15,Clinton,Illinois,17027.0,2542,51.0,30.0,,,,-0.22499999
89782,2020-11-16,Clinton,Illinois,17027.0,2579,52.0,37.0,,,,-0.26199999
89783,2020-11-17,Clinton,Illinois,17027.0,2647,52.0,68.0,,,,-0.26100001
89784,2020-11-18,Clinton,Illinois,17027.0,2727,55.0,80.0,,,,-0.30000001
89785,2020-11-19,Clinton,Illinois,17027.0,2784,56.0,57.0,,,,-0.33299999999999996
89786,2020-11-20,Clinton,Illinois,17027.0,2875,56.0,91.0,,,,-0.37599999
89787,2020-11-21,Clinton,Illinois,17027.0,2910,56.0,35.0,,,,-0.336
89788,2020-11-22,Clinton,Illinois,17027.0,2943,56.0,33.0,,,,-0.368
