,date,county,state,fips,cases,deaths,new_cases,emp_combined,emp_combined_inclow,revenue_all,spend_all
90594,2020-04-03,Effingham,Illinois,17049.0,1,0.0,0.0,,,,-0.259
90595,2020-04-04,Effingham,Illinois,17049.0,1,0.0,0.0,,,,-0.24100000000000002
90596,2020-04-05,Effingham,Illinois,17049.0,1,0.0,0.0,,,,-0.21600001
90597,2020-04-06,Effingham,Illinois,17049.0,1,0.0,0.0,,,,-0.25799999
90598,2020-04-07,Effingham,Illinois,17049.0,1,0.0,0.0,,,,-0.244
90599,2020-04-08,Effingham,Illinois,17049.0,2,0.0,1.0,,,,-0.255
90600,2020-04-09,Effingham,Illinois,17049.0,3,1.0,1.0,,,,-0.285
90601,2020-04-10,Effingham,Illinois,17049.0,3,1.0,0.0,,,,-0.25299999
90602,2020-04-11,Effingham,Illinois,17049.0,3,1.0,0.0,,,,-0.21799999
90603,2020-04-12,Effingham,Illinois,17049.0,3,1.0,0.0,,,,-0.24699999
90604,2020-04-13,Effingham,Illinois,17049.0,3,1.0,0.0,,,,-0.23100001
90605,2020-04-14,Effingham,Illinois,17049.0,3,1.0,0.0,,,,-0.20900001
90606,2020-04-15,Effingham,Illinois,17049.0,3,1.0,0.0,,,,-0.185
90607,2020-04-16,Effingham,Illinois,17049.0,4,1.0,1.0,,,,-0.081600003
90608,2020-04-17,Effingham,Illinois,17049.0,3,1.0,-1.0,,,,-0.11
90609,2020-04-18,Effingham,Illinois,17049.0,4,1.0,1.0,,,,-0.133
90610,2020-04-19,Effingham,Illinois,17049.0,4,1.0,0.0,,,,-0.125
90611,2020-04-20,Effingham,Illinois,17049.0,4,1.0,0.0,,,,-0.13699999
90612,2020-04-21,Effingham,Illinois,17049.0,5,1.0,1.0,,,,-0.12300000000000001
90613,2020-04-22,Effingham,Illinois,17049.0,5,1.0,0.0,,,,-0.12300000000000001
90614,2020-04-23,Effingham,Illinois,17049.0,5,1.0,0.0,,,,-0.20100001
90615,2020-04-24,Effingham,Illinois,17049.0,5,1.0,0.0,,,,-0.191
90616,2020-04-25,Effingham,Illinois,17049.0,5,1.0,0.0,,,,-0.233
90617,2020-04-26,Effingham,Illinois,17049.0,5,1.0,0.0,,,,-0.20100001
90618,2020-04-27,Effingham,Illinois,17049.0,5,1.0,0.0,,,,-0.152
90619,2020-04-28,Effingham,Illinois,17049.0,5,1.0,0.0,,,,-0.16399999999999998
90620,2020-04-29,Effingham,Illinois,17049.0,6,1.0,1.0,,,,-0.20200001
90621,2020-04-30,Effingham,Illinois,17049.0,5,1.0,-1.0,,,,-0.18000001
90622,2020-05-01,Effingham,Illinois,17049.0,5,1.0,0.0,,,,-0.15899999
90623,2020-05-02,Effingham,Illinois,17049.0,6,1.0,1.0,,,,-0.142
90624,2020-05-03,Effingham,Illinois,17049.0,6,1.0,0.0,,,,-0.18700001
90625,2020-05-04,Effingham,Illinois,17049.0,5,1.0,-1.0,,,,-0.18600000000000003
90626,2020-05-05,Effingham,Illinois,17049.0,5,1.0,0.0,,,,-0.19499999
90627,2020-05-06,Effingham,Illinois,17049.0,5,1.0,0.0,,,,-0.177
90628,2020-05-07,Effingham,Illinois,17049.0,5,1.0,0.0,,,,-0.17600000000000002
90629,2020-05-08,Effingham,Illinois,17049.0,5,1.0,0.0,,,,-0.192
90630,2020-05-09,Effingham,Illinois,17049.0,6,1.0,1.0,,,,-0.171
90631,2020-05-10,Effingham,Illinois,17049.0,6,1.0,0.0,,,,-0.10300000000000001
90632,2020-05-11,Effingham,Illinois,17049.0,6,1.0,0.0,,,,-0.107
90633,2020-05-12,Effingham,Illinois,17049.0,6,1.0,0.0,,,,-0.068800002
90634,2020-05-13,Effingham,Illinois,17049.0,6,1.0,0.0,,,,-0.041700002
90635,2020-05-14,Effingham,Illinois,17049.0,6,1.0,0.0,,,,-0.037000000000000005
90636,2020-05-15,Effingham,Illinois,17049.0,6,1.0,0.0,,,,-0.0097599998
90637,2020-05-16,Effingham,Illinois,17049.0,6,1.0,0.0,,,,0.033399999
90638,2020-05-17,Effingham,Illinois,17049.0,6,1.0,0.0,,,,0.035399999
90639,2020-05-18,Effingham,Illinois,17049.0,6,1.0,0.0,,,,0.097800002
90640,2020-05-19,Effingham,Illinois,17049.0,6,1.0,0.0,,,,0.051899999
90641,2020-05-20,Effingham,Illinois,17049.0,6,1.0,0.0,,,,0.047600000999999996
90642,2020-05-21,Effingham,Illinois,17049.0,6,1.0,0.0,,,,0.08959999699999999
90643,2020-05-22,Effingham,Illinois,17049.0,6,1.0,0.0,,,,0.075000003
90644,2020-05-23,Effingham,Illinois,17049.0,6,1.0,0.0,,,,0.00728
90645,2020-05-24,Effingham,Illinois,17049.0,6,1.0,0.0,,,,-0.021400001000000002
90646,2020-05-25,Effingham,Illinois,17049.0,6,1.0,0.0,,,,-0.090400003
90647,2020-05-26,Effingham,Illinois,17049.0,6,1.0,0.0,,,,-0.0305
90648,2020-05-27,Effingham,Illinois,17049.0,6,1.0,0.0,,,,-0.091399997
90649,2020-05-28,Effingham,Illinois,17049.0,6,1.0,0.0,,,,-0.113
90650,2020-05-29,Effingham,Illinois,17049.0,7,1.0,1.0,,,,-0.12899999
90651,2020-05-30,Effingham,Illinois,17049.0,7,1.0,0.0,,,,-0.12
90652,2020-05-31,Effingham,Illinois,17049.0,7,1.0,0.0,,,,-0.121
90653,2020-06-01,Effingham,Illinois,17049.0,7,1.0,0.0,,,,-0.048900001
90654,2020-06-02,Effingham,Illinois,17049.0,7,1.0,0.0,,,,-0.072700001
90655,2020-06-03,Effingham,Illinois,17049.0,7,1.0,0.0,,,,-0.031500001
90656,2020-06-04,Effingham,Illinois,17049.0,7,1.0,0.0,,,,0.005909999799999999
90657,2020-06-05,Effingham,Illinois,17049.0,8,1.0,1.0,,,,0.016899999
90658,2020-06-06,Effingham,Illinois,17049.0,8,1.0,0.0,,,,-0.037599999
90659,2020-06-07,Effingham,Illinois,17049.0,8,1.0,0.0,,,,-0.0298
90660,2020-06-08,Effingham,Illinois,17049.0,8,1.0,0.0,,,,-0.061799999
90661,2020-06-09,Effingham,Illinois,17049.0,8,1.0,0.0,,,,-0.053599997999999996
90662,2020-06-10,Effingham,Illinois,17049.0,8,1.0,0.0,,,,-0.062899999
90663,2020-06-11,Effingham,Illinois,17049.0,8,1.0,0.0,,,,-0.050099999000000006
90664,2020-06-12,Effingham,Illinois,17049.0,8,1.0,0.0,,,,-0.024599998999999997
90665,2020-06-13,Effingham,Illinois,17049.0,8,1.0,0.0,,,,0.0427
90666,2020-06-14,Effingham,Illinois,17049.0,8,1.0,0.0,,,,0.079099998
90667,2020-06-15,Effingham,Illinois,17049.0,8,1.0,0.0,,,,0.044500001
90668,2020-06-16,Effingham,Illinois,17049.0,9,1.0,1.0,,,,0.069499999
90669,2020-06-17,Effingham,Illinois,17049.0,9,1.0,0.0,,,,0.036200002
90670,2020-06-18,Effingham,Illinois,17049.0,12,1.0,3.0,,,,-0.024
90671,2020-06-19,Effingham,Illinois,17049.0,12,1.0,0.0,,,,0.0272
90672,2020-06-20,Effingham,Illinois,17049.0,12,1.0,0.0,,,,0.076899998
90673,2020-06-21,Effingham,Illinois,17049.0,12,1.0,0.0,,,,0.07090000099999999
90674,2020-06-22,Effingham,Illinois,17049.0,12,1.0,0.0,,,,0.09669999800000001
90675,2020-06-23,Effingham,Illinois,17049.0,11,1.0,-1.0,,,,0.04309999900000001
90676,2020-06-24,Effingham,Illinois,17049.0,12,1.0,1.0,,,,0.13699999
90677,2020-06-25,Effingham,Illinois,17049.0,11,1.0,-1.0,,,,0.182
90678,2020-06-26,Effingham,Illinois,17049.0,11,1.0,0.0,,,,0.134
90679,2020-06-27,Effingham,Illinois,17049.0,11,1.0,0.0,,,,0.10800000000000001
90680,2020-06-28,Effingham,Illinois,17049.0,11,1.0,0.0,,,,0.057500000999999995
90681,2020-06-29,Effingham,Illinois,17049.0,11,1.0,0.0,,,,0.0359
90682,2020-06-30,Effingham,Illinois,17049.0,12,1.0,1.0,,,,0.0141
90683,2020-07-01,Effingham,Illinois,17049.0,12,1.0,0.0,,,,-0.035799999
90684,2020-07-02,Effingham,Illinois,17049.0,12,1.0,0.0,,,,-0.0548
90685,2020-07-03,Effingham,Illinois,17049.0,13,1.0,1.0,,,,-0.12800001
90686,2020-07-04,Effingham,Illinois,17049.0,17,1.0,4.0,,,,-0.087399997
90687,2020-07-05,Effingham,Illinois,17049.0,18,1.0,1.0,,,,-0.0625
90688,2020-07-06,Effingham,Illinois,17049.0,19,1.0,1.0,,,,-0.0017
90689,2020-07-07,Effingham,Illinois,17049.0,19,1.0,0.0,,,,0.0175
90690,2020-07-08,Effingham,Illinois,17049.0,19,1.0,0.0,,,,0.033
90691,2020-07-09,Effingham,Illinois,17049.0,20,1.0,1.0,,,,0.047600000999999996
90692,2020-07-10,Effingham,Illinois,17049.0,27,1.0,7.0,,,,0.0048500001
90693,2020-07-11,Effingham,Illinois,17049.0,30,1.0,3.0,,,,-0.0167
90694,2020-07-12,Effingham,Illinois,17049.0,31,1.0,1.0,,,,0.0044999998
90695,2020-07-13,Effingham,Illinois,17049.0,32,1.0,1.0,,,,-0.0141
90696,2020-07-14,Effingham,Illinois,17049.0,34,1.0,2.0,,,,-0.0199
90697,2020-07-15,Effingham,Illinois,17049.0,35,1.0,1.0,,,,-0.067199998
90698,2020-07-16,Effingham,Illinois,17049.0,35,2.0,0.0,,,,-0.069499999
90699,2020-07-17,Effingham,Illinois,17049.0,38,1.0,3.0,,,,-0.15000001
90700,2020-07-18,Effingham,Illinois,17049.0,40,1.0,2.0,,,,-0.18600000000000003
90701,2020-07-19,Effingham,Illinois,17049.0,42,1.0,2.0,,,,-0.20299999
90702,2020-07-20,Effingham,Illinois,17049.0,42,1.0,0.0,,,,-0.22499999
90703,2020-07-21,Effingham,Illinois,17049.0,46,1.0,4.0,,,,-0.20100001
90704,2020-07-22,Effingham,Illinois,17049.0,48,1.0,2.0,,,,-0.193
90705,2020-07-23,Effingham,Illinois,17049.0,51,1.0,3.0,,,,-0.16899999999999998
90706,2020-07-24,Effingham,Illinois,17049.0,59,1.0,8.0,,,,-0.09749999599999999
90707,2020-07-25,Effingham,Illinois,17049.0,59,1.0,0.0,,,,-0.102
90708,2020-07-26,Effingham,Illinois,17049.0,59,1.0,0.0,,,,-0.09560000199999999
90709,2020-07-27,Effingham,Illinois,17049.0,68,1.0,9.0,,,,-0.10400000000000001
90710,2020-07-28,Effingham,Illinois,17049.0,67,1.0,-1.0,,,,-0.14800000000000002
90711,2020-07-29,Effingham,Illinois,17049.0,73,1.0,6.0,,,,-0.125
90712,2020-07-30,Effingham,Illinois,17049.0,81,1.0,8.0,,,,-0.19400001
90713,2020-07-31,Effingham,Illinois,17049.0,83,1.0,2.0,,,,-0.168
90714,2020-08-01,Effingham,Illinois,17049.0,95,1.0,12.0,,,,-0.154
90715,2020-08-02,Effingham,Illinois,17049.0,113,1.0,18.0,,,,-0.154
90716,2020-08-03,Effingham,Illinois,17049.0,116,1.0,3.0,,,,-0.14300001
90717,2020-08-04,Effingham,Illinois,17049.0,119,1.0,3.0,,,,-0.11699999999999999
90718,2020-08-05,Effingham,Illinois,17049.0,118,1.0,-1.0,,,,-0.10400000000000001
90719,2020-08-06,Effingham,Illinois,17049.0,129,1.0,11.0,,,,-0.083700001
90720,2020-08-07,Effingham,Illinois,17049.0,139,1.0,10.0,,,,-0.11800000000000001
90721,2020-08-08,Effingham,Illinois,17049.0,150,1.0,11.0,,,,-0.107
90722,2020-08-09,Effingham,Illinois,17049.0,155,1.0,5.0,,,,-0.074699998
90723,2020-08-10,Effingham,Illinois,17049.0,162,1.0,7.0,,,,-0.077299997
90724,2020-08-11,Effingham,Illinois,17049.0,163,1.0,1.0,,,,-0.06459999799999999
90725,2020-08-12,Effingham,Illinois,17049.0,183,1.0,20.0,,,,-0.109
90726,2020-08-13,Effingham,Illinois,17049.0,192,1.0,9.0,,,,-0.020500001
90727,2020-08-14,Effingham,Illinois,17049.0,208,1.0,16.0,,,,-0.0219
90728,2020-08-15,Effingham,Illinois,17049.0,228,1.0,20.0,,,,0.00575
90729,2020-08-16,Effingham,Illinois,17049.0,241,1.0,13.0,,,,0.0119
90730,2020-08-17,Effingham,Illinois,17049.0,252,1.0,11.0,,,,0.10300000000000001
90731,2020-08-18,Effingham,Illinois,17049.0,266,1.0,14.0,,,,0.125
90732,2020-08-19,Effingham,Illinois,17049.0,285,1.0,19.0,,,,0.215
90733,2020-08-20,Effingham,Illinois,17049.0,317,1.0,32.0,,,,0.301
90734,2020-08-21,Effingham,Illinois,17049.0,345,1.0,28.0,,,,0.37900001
90735,2020-08-22,Effingham,Illinois,17049.0,367,1.0,22.0,,,,0.38699999
90736,2020-08-23,Effingham,Illinois,17049.0,391,1.0,24.0,,,,0.22400001
90737,2020-08-24,Effingham,Illinois,17049.0,398,1.0,7.0,,,,0.21100000000000002
90738,2020-08-25,Effingham,Illinois,17049.0,412,1.0,14.0,,,,0.20600000000000002
90739,2020-08-26,Effingham,Illinois,17049.0,424,1.0,12.0,,,,0.175
90740,2020-08-27,Effingham,Illinois,17049.0,464,1.0,40.0,,,,0.12800001
90741,2020-08-28,Effingham,Illinois,17049.0,478,1.0,14.0,,,,-0.0219
90742,2020-08-29,Effingham,Illinois,17049.0,506,1.0,28.0,,,,-0.053399999000000004
90743,2020-08-30,Effingham,Illinois,17049.0,523,1.0,17.0,,,,0.055799997999999996
90744,2020-08-31,Effingham,Illinois,17049.0,535,1.0,12.0,,,,-0.0091000004
90745,2020-09-01,Effingham,Illinois,17049.0,549,1.0,14.0,,,,-0.0186
90746,2020-09-02,Effingham,Illinois,17049.0,574,1.0,25.0,,,,-0.0096000005
90747,2020-09-03,Effingham,Illinois,17049.0,586,1.0,12.0,,,,0.048300002
90748,2020-09-04,Effingham,Illinois,17049.0,616,1.0,30.0,,,,0.054900002
90749,2020-09-05,Effingham,Illinois,17049.0,642,1.0,26.0,,,,0.05229999900000001
90750,2020-09-06,Effingham,Illinois,17049.0,651,1.0,9.0,,,,0.080899999
90751,2020-09-07,Effingham,Illinois,17049.0,656,1.0,5.0,,,,0.049699999
90752,2020-09-08,Effingham,Illinois,17049.0,664,1.0,8.0,,,,-0.0526
90753,2020-09-09,Effingham,Illinois,17049.0,680,1.0,16.0,,,,-0.11199999999999999
90754,2020-09-10,Effingham,Illinois,17049.0,703,1.0,23.0,,,,-0.19699999999999998
90755,2020-09-11,Effingham,Illinois,17049.0,726,1.0,23.0,,,,-0.20800000000000002
90756,2020-09-12,Effingham,Illinois,17049.0,737,1.0,11.0,,,,-0.2
90757,2020-09-13,Effingham,Illinois,17049.0,744,1.0,7.0,,,,-0.133
90758,2020-09-14,Effingham,Illinois,17049.0,751,1.0,7.0,,,,-0.168
90759,2020-09-15,Effingham,Illinois,17049.0,754,1.0,3.0,,,,-0.156
90760,2020-09-16,Effingham,Illinois,17049.0,776,1.0,22.0,,,,-0.14
90761,2020-09-17,Effingham,Illinois,17049.0,787,1.0,11.0,,,,-0.056499999
90762,2020-09-18,Effingham,Illinois,17049.0,798,1.0,11.0,,,,-0.0087000001
90763,2020-09-19,Effingham,Illinois,17049.0,809,1.0,11.0,,,,-0.032000002
90764,2020-09-20,Effingham,Illinois,17049.0,820,1.0,11.0,,,,0.0085000005
90765,2020-09-21,Effingham,Illinois,17049.0,825,1.0,5.0,,,,0.031599998
90766,2020-09-22,Effingham,Illinois,17049.0,834,1.0,9.0,,,,0.098499998
90767,2020-09-23,Effingham,Illinois,17049.0,836,1.0,2.0,,,,0.13
90768,2020-09-24,Effingham,Illinois,17049.0,848,1.0,12.0,,,,0.138
90769,2020-09-25,Effingham,Illinois,17049.0,858,1.0,10.0,,,,0.107
90770,2020-09-26,Effingham,Illinois,17049.0,865,3.0,7.0,,,,0.20299999
90771,2020-09-27,Effingham,Illinois,17049.0,870,2.0,5.0,,,,0.139
90772,2020-09-28,Effingham,Illinois,17049.0,872,2.0,2.0,,,,0.10099999999999999
90773,2020-09-29,Effingham,Illinois,17049.0,879,2.0,7.0,,,,0.065399997
90774,2020-09-30,Effingham,Illinois,17049.0,883,3.0,4.0,,,,0.008870000000000001
90775,2020-10-01,Effingham,Illinois,17049.0,896,3.0,13.0,,,,-0.00636
90776,2020-10-02,Effingham,Illinois,17049.0,906,3.0,10.0,,,,-0.0109
90777,2020-10-03,Effingham,Illinois,17049.0,915,3.0,9.0,,,,-0.089299999
90778,2020-10-04,Effingham,Illinois,17049.0,918,3.0,3.0,,,,-0.08919999699999999
90779,2020-10-05,Effingham,Illinois,17049.0,924,3.0,6.0,,,,-0.062600002
90780,2020-10-06,Effingham,Illinois,17049.0,930,3.0,6.0,,,,-0.06610000099999999
90781,2020-10-07,Effingham,Illinois,17049.0,941,3.0,11.0,,,,-0.056400001
90782,2020-10-08,Effingham,Illinois,17049.0,950,3.0,9.0,,,,-0.07289999700000001
90783,2020-10-09,Effingham,Illinois,17049.0,962,3.0,12.0,,,,-0.113
90784,2020-10-10,Effingham,Illinois,17049.0,970,3.0,8.0,,,,-0.082900003
90785,2020-10-11,Effingham,Illinois,17049.0,975,3.0,5.0,,,,-0.062899999
90786,2020-10-12,Effingham,Illinois,17049.0,987,3.0,12.0,,,,-0.0557
90787,2020-10-13,Effingham,Illinois,17049.0,995,3.0,8.0,,,,-0.0471
90788,2020-10-14,Effingham,Illinois,17049.0,1014,3.0,19.0,,,,-0.0147
90789,2020-10-15,Effingham,Illinois,17049.0,1028,3.0,14.0,,,,0.048900001
90790,2020-10-16,Effingham,Illinois,17049.0,1044,3.0,16.0,,,,0.11199999999999999
90791,2020-10-17,Effingham,Illinois,17049.0,1057,3.0,13.0,,,,0.10300000000000001
90792,2020-10-18,Effingham,Illinois,17049.0,1070,3.0,13.0,,,,0.12800001
90793,2020-10-19,Effingham,Illinois,17049.0,1090,3.0,20.0,,,,0.141
90794,2020-10-20,Effingham,Illinois,17049.0,1095,3.0,5.0,,,,0.0977
90795,2020-10-21,Effingham,Illinois,17049.0,1103,3.0,8.0,,,,0.12300000000000001
90796,2020-10-22,Effingham,Illinois,17049.0,1121,4.0,18.0,,,,0.069600001
90797,2020-10-23,Effingham,Illinois,17049.0,1139,4.0,18.0,,,,0.0080199996
90798,2020-10-24,Effingham,Illinois,17049.0,1159,4.0,20.0,,,,0.0017399999999999998
90799,2020-10-25,Effingham,Illinois,17049.0,1165,4.0,6.0,,,,0.018999999
90800,2020-10-26,Effingham,Illinois,17049.0,1183,4.0,18.0,,,,-0.041900001
90801,2020-10-27,Effingham,Illinois,17049.0,1204,4.0,21.0,,,,0.027899998999999998
90802,2020-10-28,Effingham,Illinois,17049.0,1226,4.0,22.0,,,,-0.0071800002
90803,2020-10-29,Effingham,Illinois,17049.0,1266,4.0,40.0,,,,0.0086300001
90804,2020-10-30,Effingham,Illinois,17049.0,1285,4.0,19.0,,,,0.08990000199999999
90805,2020-10-31,Effingham,Illinois,17049.0,1285,4.0,0.0,,,,0.035599999
90806,2020-11-01,Effingham,Illinois,17049.0,1330,4.0,45.0,,,,-0.049699999
90807,2020-11-02,Effingham,Illinois,17049.0,1356,4.0,26.0,,,,-0.0198
90808,2020-11-03,Effingham,Illinois,17049.0,1385,5.0,29.0,,,,-0.032699998
90809,2020-11-04,Effingham,Illinois,17049.0,1403,5.0,18.0,,,,-0.064900003
90810,2020-11-05,Effingham,Illinois,17049.0,1459,5.0,56.0,,,,-0.081299998
90811,2020-11-06,Effingham,Illinois,17049.0,1593,5.0,134.0,,,,-0.083700001
90812,2020-11-07,Effingham,Illinois,17049.0,1647,5.0,54.0,,,,0.00094300002
90813,2020-11-08,Effingham,Illinois,17049.0,1677,5.0,30.0,,,,0.0359
90814,2020-11-09,Effingham,Illinois,17049.0,1717,5.0,40.0,,,,0.0052100001
90815,2020-11-10,Effingham,Illinois,17049.0,1771,6.0,54.0,,,,-0.0243
90816,2020-11-11,Effingham,Illinois,17049.0,1834,6.0,63.0,,,,0.0122
90817,2020-11-12,Effingham,Illinois,17049.0,1871,6.0,37.0,,,,0.051100001
90818,2020-11-13,Effingham,Illinois,17049.0,1920,6.0,49.0,,,,0.0297
90819,2020-11-14,Effingham,Illinois,17049.0,1975,8.0,55.0,,,,0.0076799998
90820,2020-11-15,Effingham,Illinois,17049.0,2032,9.0,57.0,,,,-0.0124
90821,2020-11-16,Effingham,Illinois,17049.0,2077,9.0,45.0,,,,0.0682
90822,2020-11-17,Effingham,Illinois,17049.0,2161,9.0,84.0,,,,0.036400001
90823,2020-11-18,Effingham,Illinois,17049.0,2186,11.0,25.0,,,,0.072400004
90824,2020-11-19,Effingham,Illinois,17049.0,2267,13.0,81.0,,,,0.054499999
90825,2020-11-20,Effingham,Illinois,17049.0,2324,14.0,57.0,,,,0.0128
90826,2020-11-21,Effingham,Illinois,17049.0,2386,17.0,62.0,,,,0.0537
90827,2020-11-22,Effingham,Illinois,17049.0,2433,17.0,47.0,,,,0.0121
