,date,county,state,fips,cases,deaths,new_cases,emp_combined,emp_combined_inclow,revenue_all,spend_all
91996,2020-03-18,Jackson,Illinois,17077.0,1,0.0,0.0,,,,0.12300000000000001
91997,2020-03-19,Jackson,Illinois,17077.0,1,0.0,0.0,,,,-0.028999999
91998,2020-03-20,Jackson,Illinois,17077.0,1,0.0,0.0,,,,-0.0427
91999,2020-03-21,Jackson,Illinois,17077.0,1,0.0,0.0,,,,-0.154
92000,2020-03-22,Jackson,Illinois,17077.0,1,0.0,0.0,,,,-0.43000001
92001,2020-03-23,Jackson,Illinois,17077.0,1,0.0,0.0,,,,-0.49399999
92002,2020-03-24,Jackson,Illinois,17077.0,1,0.0,0.0,,,,-0.56800002
92003,2020-03-25,Jackson,Illinois,17077.0,1,0.0,0.0,,,,-0.56300002
92004,2020-03-26,Jackson,Illinois,17077.0,1,0.0,0.0,,,,-0.58999997
92005,2020-03-27,Jackson,Illinois,17077.0,1,0.0,0.0,,,,-0.62699997
92006,2020-03-28,Jackson,Illinois,17077.0,3,0.0,2.0,,,,-0.61699998
92007,2020-03-29,Jackson,Illinois,17077.0,3,0.0,0.0,,,,-0.27399999
92008,2020-03-30,Jackson,Illinois,17077.0,4,0.0,1.0,,,,-0.40799999
92009,2020-03-31,Jackson,Illinois,17077.0,4,0.0,0.0,,,,-0.428
92010,2020-04-01,Jackson,Illinois,17077.0,4,0.0,0.0,,,,-0.37599999
92011,2020-04-02,Jackson,Illinois,17077.0,6,0.0,2.0,,,,-0.34299999
92012,2020-04-03,Jackson,Illinois,17077.0,8,0.0,2.0,,,,-0.33799999999999997
92013,2020-04-04,Jackson,Illinois,17077.0,10,1.0,2.0,,,,-0.317
92014,2020-04-05,Jackson,Illinois,17077.0,12,1.0,2.0,,,,-0.289
92015,2020-04-06,Jackson,Illinois,17077.0,16,1.0,4.0,,,,-0.215
92016,2020-04-07,Jackson,Illinois,17077.0,21,1.0,5.0,,,,-0.18099999
92017,2020-04-08,Jackson,Illinois,17077.0,22,1.0,1.0,,,,-0.25600001
92018,2020-04-09,Jackson,Illinois,17077.0,26,2.0,4.0,,,,-0.30000001
92019,2020-04-10,Jackson,Illinois,17077.0,27,2.0,1.0,,,,-0.31799999
92020,2020-04-11,Jackson,Illinois,17077.0,30,2.0,3.0,,,,-0.40599999
92021,2020-04-12,Jackson,Illinois,17077.0,34,3.0,4.0,,,,-0.40299999999999997
92022,2020-04-13,Jackson,Illinois,17077.0,34,3.0,0.0,,,,-0.43599999
92023,2020-04-14,Jackson,Illinois,17077.0,35,4.0,1.0,,,,-0.50400001
92024,2020-04-15,Jackson,Illinois,17077.0,39,4.0,4.0,,,,-0.289
92025,2020-04-16,Jackson,Illinois,17077.0,39,4.0,0.0,,,,-0.12800001
92026,2020-04-17,Jackson,Illinois,17077.0,40,4.0,1.0,,,,-0.124
92027,2020-04-18,Jackson,Illinois,17077.0,42,4.0,2.0,,,,-0.08910000300000001
92028,2020-04-19,Jackson,Illinois,17077.0,42,5.0,0.0,,,,-0.13600001
92029,2020-04-20,Jackson,Illinois,17077.0,44,5.0,2.0,,,,-0.13500001
92030,2020-04-21,Jackson,Illinois,17077.0,48,6.0,4.0,,,,-0.11
92031,2020-04-22,Jackson,Illinois,17077.0,50,6.0,2.0,,,,-0.183
92032,2020-04-23,Jackson,Illinois,17077.0,53,7.0,3.0,,,,-0.39799999999999996
92033,2020-04-24,Jackson,Illinois,17077.0,56,7.0,3.0,,,,-0.31099999
92034,2020-04-25,Jackson,Illinois,17077.0,56,7.0,0.0,,,,-0.23199999
92035,2020-04-26,Jackson,Illinois,17077.0,67,7.0,11.0,,,,-0.24600001
92036,2020-04-27,Jackson,Illinois,17077.0,68,7.0,1.0,,,,-0.30599999
92037,2020-04-28,Jackson,Illinois,17077.0,75,7.0,7.0,,,,-0.31600001
92038,2020-04-29,Jackson,Illinois,17077.0,82,7.0,7.0,,,,-0.39199999
92039,2020-04-30,Jackson,Illinois,17077.0,107,7.0,25.0,,,,-0.44299999
92040,2020-05-01,Jackson,Illinois,17077.0,120,9.0,13.0,,,,-0.6759999999999999
92041,2020-05-02,Jackson,Illinois,17077.0,125,9.0,5.0,,,,-0.62800002
92042,2020-05-03,Jackson,Illinois,17077.0,139,9.0,14.0,,,,-0.59100002
92043,2020-05-04,Jackson,Illinois,17077.0,140,9.0,1.0,,,,-0.54799998
92044,2020-05-05,Jackson,Illinois,17077.0,146,9.0,6.0,,,,-0.54100001
92045,2020-05-06,Jackson,Illinois,17077.0,154,9.0,8.0,,,,-0.52100003
92046,2020-05-07,Jackson,Illinois,17077.0,157,10.0,3.0,,,,-0.41999999
92047,2020-05-08,Jackson,Illinois,17077.0,161,10.0,4.0,,,,-0.127
92048,2020-05-09,Jackson,Illinois,17077.0,162,10.0,1.0,,,,-0.27500001
92049,2020-05-10,Jackson,Illinois,17077.0,167,10.0,5.0,,,,-0.292
92050,2020-05-11,Jackson,Illinois,17077.0,166,10.0,-1.0,,,,-0.354
92051,2020-05-12,Jackson,Illinois,17077.0,167,10.0,1.0,,,,-0.391
92052,2020-05-13,Jackson,Illinois,17077.0,171,10.0,4.0,,,,-0.40599999
92053,2020-05-14,Jackson,Illinois,17077.0,175,10.0,4.0,,,,-0.336
92054,2020-05-15,Jackson,Illinois,17077.0,177,10.0,2.0,,,,-0.27599999
92055,2020-05-16,Jackson,Illinois,17077.0,181,10.0,4.0,,,,-0.21799999
92056,2020-05-17,Jackson,Illinois,17077.0,181,10.0,0.0,,,,-0.20800000000000002
92057,2020-05-18,Jackson,Illinois,17077.0,181,10.0,0.0,,,,-0.17900001
92058,2020-05-19,Jackson,Illinois,17077.0,186,10.0,5.0,,,,-0.183
92059,2020-05-20,Jackson,Illinois,17077.0,187,10.0,1.0,,,,-0.11900000000000001
92060,2020-05-21,Jackson,Illinois,17077.0,192,10.0,5.0,,,,-0.175
92061,2020-05-22,Jackson,Illinois,17077.0,197,10.0,5.0,,,,-0.35299999
92062,2020-05-23,Jackson,Illinois,17077.0,207,10.0,10.0,,,,-0.44299999
92063,2020-05-24,Jackson,Illinois,17077.0,219,10.0,12.0,,,,-0.41200000000000003
92064,2020-05-25,Jackson,Illinois,17077.0,228,10.0,9.0,,,,-0.396
92065,2020-05-26,Jackson,Illinois,17077.0,228,10.0,0.0,,,,-0.44400001
92066,2020-05-27,Jackson,Illinois,17077.0,242,10.0,14.0,,,,-0.49399999
92067,2020-05-28,Jackson,Illinois,17077.0,256,10.0,14.0,,,,-0.44
92068,2020-05-29,Jackson,Illinois,17077.0,268,10.0,12.0,,,,-0.27200001
92069,2020-05-30,Jackson,Illinois,17077.0,282,10.0,14.0,,,,-0.185
92070,2020-05-31,Jackson,Illinois,17077.0,286,10.0,4.0,,,,-0.14
92071,2020-06-01,Jackson,Illinois,17077.0,289,10.0,3.0,,,,-0.079099998
92072,2020-06-02,Jackson,Illinois,17077.0,289,10.0,0.0,,,,-0.050099999000000006
92073,2020-06-03,Jackson,Illinois,17077.0,293,10.0,4.0,,,,-0.0070799999
92074,2020-06-04,Jackson,Illinois,17077.0,296,10.0,3.0,,,,-0.026000001000000002
92075,2020-06-05,Jackson,Illinois,17077.0,300,10.0,4.0,,,,0.020099999
92076,2020-06-06,Jackson,Illinois,17077.0,300,11.0,0.0,,,,-0.074000001
92077,2020-06-07,Jackson,Illinois,17077.0,301,11.0,1.0,,,,-0.0305
92078,2020-06-08,Jackson,Illinois,17077.0,301,11.0,0.0,,,,-0.064000003
92079,2020-06-09,Jackson,Illinois,17077.0,304,11.0,3.0,,,,-0.0407
92080,2020-06-10,Jackson,Illinois,17077.0,307,11.0,3.0,,,,0.0033400001
92081,2020-06-11,Jackson,Illinois,17077.0,307,12.0,0.0,,,,0.052200000999999996
92082,2020-06-12,Jackson,Illinois,17077.0,311,12.0,4.0,,,,-0.021
92083,2020-06-13,Jackson,Illinois,17077.0,313,13.0,2.0,,,,-0.0317
92084,2020-06-14,Jackson,Illinois,17077.0,315,13.0,2.0,,,,-0.078100003
92085,2020-06-15,Jackson,Illinois,17077.0,317,13.0,2.0,,,,-0.062799998
92086,2020-06-16,Jackson,Illinois,17077.0,320,15.0,3.0,,,,0.33000001
92087,2020-06-17,Jackson,Illinois,17077.0,321,18.0,1.0,,,,0.27399999
92088,2020-06-18,Jackson,Illinois,17077.0,321,18.0,0.0,,,,-0.016799999
92089,2020-06-19,Jackson,Illinois,17077.0,321,18.0,0.0,,,,0.15700001
92090,2020-06-20,Jackson,Illinois,17077.0,322,18.0,1.0,,,,0.12800001
92091,2020-06-21,Jackson,Illinois,17077.0,323,18.0,1.0,,,,0.029100001
92092,2020-06-22,Jackson,Illinois,17077.0,324,18.0,1.0,,,,-0.022700001
92093,2020-06-23,Jackson,Illinois,17077.0,325,18.0,1.0,,,,-0.205
92094,2020-06-24,Jackson,Illinois,17077.0,325,19.0,0.0,,,,-0.28799999
92095,2020-06-25,Jackson,Illinois,17077.0,328,19.0,3.0,,,,-0.426
92096,2020-06-26,Jackson,Illinois,17077.0,329,19.0,1.0,,,,-0.42300001
92097,2020-06-27,Jackson,Illinois,17077.0,329,19.0,0.0,,,,-0.36199999
92098,2020-06-28,Jackson,Illinois,17077.0,329,19.0,0.0,,,,-0.33399999
92099,2020-06-29,Jackson,Illinois,17077.0,329,19.0,0.0,,,,-0.278
92100,2020-06-30,Jackson,Illinois,17077.0,332,19.0,3.0,,,,-0.32600001
92101,2020-07-01,Jackson,Illinois,17077.0,332,19.0,0.0,,,,-0.30199999
92102,2020-07-02,Jackson,Illinois,17077.0,333,19.0,1.0,,,,-0.233
92103,2020-07-03,Jackson,Illinois,17077.0,335,19.0,2.0,,,,-0.149
92104,2020-07-04,Jackson,Illinois,17077.0,336,19.0,1.0,,,,-0.15800001
92105,2020-07-05,Jackson,Illinois,17077.0,339,19.0,3.0,,,,-0.15700001
92106,2020-07-06,Jackson,Illinois,17077.0,340,19.0,1.0,,,,-0.27900001
92107,2020-07-07,Jackson,Illinois,17077.0,340,19.0,0.0,,,,-0.25099999
92108,2020-07-08,Jackson,Illinois,17077.0,343,19.0,3.0,,,,-0.26199999
92109,2020-07-09,Jackson,Illinois,17077.0,345,19.0,2.0,,,,-0.17200001
92110,2020-07-10,Jackson,Illinois,17077.0,347,19.0,2.0,,,,-0.20900001
92111,2020-07-11,Jackson,Illinois,17077.0,351,19.0,4.0,,,,-0.26499999
92112,2020-07-12,Jackson,Illinois,17077.0,356,19.0,5.0,,,,-0.207
92113,2020-07-13,Jackson,Illinois,17077.0,357,19.0,1.0,,,,-0.207
92114,2020-07-14,Jackson,Illinois,17077.0,359,19.0,2.0,,,,-0.221
92115,2020-07-15,Jackson,Illinois,17077.0,366,19.0,7.0,,,,-0.18600000000000003
92116,2020-07-16,Jackson,Illinois,17077.0,373,19.0,7.0,,,,-0.28200001
92117,2020-07-17,Jackson,Illinois,17077.0,381,19.0,8.0,,,,-0.35299999
92118,2020-07-18,Jackson,Illinois,17077.0,389,19.0,8.0,,,,-0.32899999999999996
92119,2020-07-19,Jackson,Illinois,17077.0,400,19.0,11.0,,,,-0.33799999999999997
92120,2020-07-20,Jackson,Illinois,17077.0,420,19.0,20.0,,,,-0.354
92121,2020-07-21,Jackson,Illinois,17077.0,420,19.0,0.0,,,,-0.40700001
92122,2020-07-22,Jackson,Illinois,17077.0,434,19.0,14.0,,,,-0.47799999
92123,2020-07-23,Jackson,Illinois,17077.0,450,19.0,16.0,,,,-0.053300001
92124,2020-07-24,Jackson,Illinois,17077.0,463,19.0,13.0,,,,0.249
92125,2020-07-25,Jackson,Illinois,17077.0,487,19.0,24.0,,,,0.18700001
92126,2020-07-26,Jackson,Illinois,17077.0,530,19.0,43.0,,,,0.16
92127,2020-07-27,Jackson,Illinois,17077.0,544,19.0,14.0,,,,0.069399998
92128,2020-07-28,Jackson,Illinois,17077.0,556,19.0,12.0,,,,0.064499997
92129,2020-07-29,Jackson,Illinois,17077.0,572,19.0,16.0,,,,0.22899999999999998
92130,2020-07-30,Jackson,Illinois,17077.0,591,19.0,19.0,,,,0.029100001
92131,2020-07-31,Jackson,Illinois,17077.0,616,19.0,25.0,,,,-0.249
92132,2020-08-01,Jackson,Illinois,17077.0,631,19.0,15.0,,,,-0.11199999999999999
92133,2020-08-02,Jackson,Illinois,17077.0,644,19.0,13.0,,,,-0.069200002
92134,2020-08-03,Jackson,Illinois,17077.0,650,19.0,6.0,,,,0.097800002
92135,2020-08-04,Jackson,Illinois,17077.0,658,19.0,8.0,,,,0.11199999999999999
92136,2020-08-05,Jackson,Illinois,17077.0,676,19.0,18.0,,,,0.09650000199999999
92137,2020-08-06,Jackson,Illinois,17077.0,685,19.0,9.0,,,,0.0251
92138,2020-08-07,Jackson,Illinois,17077.0,695,19.0,10.0,,,,0.059300002000000004
92139,2020-08-08,Jackson,Illinois,17077.0,708,19.0,13.0,,,,-0.0451
92140,2020-08-09,Jackson,Illinois,17077.0,717,19.0,9.0,,,,0.048900001
92141,2020-08-10,Jackson,Illinois,17077.0,722,19.0,5.0,,,,-0.0669
92142,2020-08-11,Jackson,Illinois,17077.0,731,20.0,9.0,,,,-0.0016699999999999998
92143,2020-08-12,Jackson,Illinois,17077.0,740,20.0,9.0,,,,-0.040800001
92144,2020-08-13,Jackson,Illinois,17077.0,743,20.0,3.0,,,,0.053199999000000005
92145,2020-08-14,Jackson,Illinois,17077.0,755,20.0,12.0,,,,0.0579
92146,2020-08-15,Jackson,Illinois,17077.0,760,20.0,5.0,,,,-0.16
92147,2020-08-16,Jackson,Illinois,17077.0,772,20.0,12.0,,,,-0.19499999
92148,2020-08-17,Jackson,Illinois,17077.0,778,20.0,6.0,,,,-0.09480000300000001
92149,2020-08-18,Jackson,Illinois,17077.0,796,20.0,18.0,,,,-0.076499999
92150,2020-08-19,Jackson,Illinois,17077.0,807,20.0,11.0,,,,-0.064999998
92151,2020-08-20,Jackson,Illinois,17077.0,814,20.0,7.0,,,,-0.08680000199999999
92152,2020-08-21,Jackson,Illinois,17077.0,824,20.0,10.0,,,,-0.121
92153,2020-08-22,Jackson,Illinois,17077.0,828,20.0,4.0,,,,0.0062000002
92154,2020-08-23,Jackson,Illinois,17077.0,835,20.0,7.0,,,,-0.074299999
92155,2020-08-24,Jackson,Illinois,17077.0,851,20.0,16.0,,,,-0.15099999
92156,2020-08-25,Jackson,Illinois,17077.0,862,20.0,11.0,,,,-0.21699999
92157,2020-08-26,Jackson,Illinois,17077.0,877,20.0,15.0,,,,-0.28200001
92158,2020-08-27,Jackson,Illinois,17077.0,892,20.0,15.0,,,,-0.25099999
92159,2020-08-28,Jackson,Illinois,17077.0,895,20.0,3.0,,,,-0.25600001
92160,2020-08-29,Jackson,Illinois,17077.0,909,21.0,14.0,,,,-0.257
92161,2020-08-30,Jackson,Illinois,17077.0,915,21.0,6.0,,,,-0.21600001
92162,2020-08-31,Jackson,Illinois,17077.0,929,21.0,14.0,,,,-0.25400001
92163,2020-09-01,Jackson,Illinois,17077.0,951,22.0,22.0,,,,-0.23399999999999999
92164,2020-09-02,Jackson,Illinois,17077.0,973,22.0,22.0,,,,-0.205
92165,2020-09-03,Jackson,Illinois,17077.0,984,22.0,11.0,,,,-0.31400001
92166,2020-09-04,Jackson,Illinois,17077.0,1021,22.0,37.0,,,,-0.285
92167,2020-09-05,Jackson,Illinois,17077.0,1043,22.0,22.0,,,,-0.138
92168,2020-09-06,Jackson,Illinois,17077.0,1061,22.0,18.0,,,,-0.081699997
92169,2020-09-07,Jackson,Illinois,17077.0,1067,22.0,6.0,,,,-0.06899999799999999
92170,2020-09-08,Jackson,Illinois,17077.0,1072,23.0,5.0,,,,-0.222
92171,2020-09-09,Jackson,Illinois,17077.0,1086,24.0,14.0,,,,-0.20999999
92172,2020-09-10,Jackson,Illinois,17077.0,1103,25.0,17.0,,,,-0.045699999000000005
92173,2020-09-11,Jackson,Illinois,17077.0,1120,24.0,17.0,,,,-0.078900002
92174,2020-09-12,Jackson,Illinois,17077.0,1135,24.0,15.0,,,,-0.30199999
92175,2020-09-13,Jackson,Illinois,17077.0,1144,24.0,9.0,,,,-0.33899999
92176,2020-09-14,Jackson,Illinois,17077.0,1159,24.0,15.0,,,,-0.38999999
92177,2020-09-15,Jackson,Illinois,17077.0,1169,24.0,10.0,,,,-0.32800001
92178,2020-09-16,Jackson,Illinois,17077.0,1174,24.0,5.0,,,,-0.39300001
92179,2020-09-17,Jackson,Illinois,17077.0,1186,24.0,12.0,,,,-0.44100001
92180,2020-09-18,Jackson,Illinois,17077.0,1220,24.0,34.0,,,,-0.52200001
92181,2020-09-19,Jackson,Illinois,17077.0,1225,24.0,5.0,,,,-0.17800000000000002
92182,2020-09-20,Jackson,Illinois,17077.0,1236,24.0,11.0,,,,-0.15099999
92183,2020-09-21,Jackson,Illinois,17077.0,1241,24.0,5.0,,,,-0.063000001
92184,2020-09-22,Jackson,Illinois,17077.0,1242,24.0,1.0,,,,-0.19699999999999998
92185,2020-09-23,Jackson,Illinois,17077.0,1248,24.0,6.0,,,,-0.102
92186,2020-09-24,Jackson,Illinois,17077.0,1250,24.0,2.0,,,,-0.048999999
92187,2020-09-25,Jackson,Illinois,17077.0,1257,24.0,7.0,,,,0.08829999699999999
92188,2020-09-26,Jackson,Illinois,17077.0,1259,24.0,2.0,,,,0.032400001
92189,2020-09-27,Jackson,Illinois,17077.0,1261,24.0,2.0,,,,-0.05519999900000001
92190,2020-09-28,Jackson,Illinois,17077.0,1262,24.0,1.0,,,,-0.089000002
92191,2020-09-29,Jackson,Illinois,17077.0,1267,24.0,5.0,,,,-0.044500001
92192,2020-09-30,Jackson,Illinois,17077.0,1276,25.0,9.0,,,,-0.086099997
92193,2020-10-01,Jackson,Illinois,17077.0,1281,24.0,5.0,,,,-0.093000002
92194,2020-10-02,Jackson,Illinois,17077.0,1290,24.0,9.0,,,,-0.18899999999999997
92195,2020-10-03,Jackson,Illinois,17077.0,1292,24.0,2.0,,,,-0.23199999
92196,2020-10-04,Jackson,Illinois,17077.0,1296,24.0,4.0,,,,-0.145
92197,2020-10-05,Jackson,Illinois,17077.0,1296,24.0,0.0,,,,-0.18700001
92198,2020-10-06,Jackson,Illinois,17077.0,1302,24.0,6.0,,,,-0.0614
92199,2020-10-07,Jackson,Illinois,17077.0,1312,24.0,10.0,,,,-0.145
92200,2020-10-08,Jackson,Illinois,17077.0,1327,24.0,15.0,,,,-0.111
92201,2020-10-09,Jackson,Illinois,17077.0,1333,24.0,6.0,,,,-0.121
92202,2020-10-10,Jackson,Illinois,17077.0,1345,24.0,12.0,,,,-0.090499997
92203,2020-10-11,Jackson,Illinois,17077.0,1352,24.0,7.0,,,,-0.14399999
92204,2020-10-12,Jackson,Illinois,17077.0,1354,24.0,2.0,,,,0.0124
92205,2020-10-13,Jackson,Illinois,17077.0,1356,24.0,2.0,,,,-0.183
92206,2020-10-14,Jackson,Illinois,17077.0,1367,24.0,11.0,,,,-0.21799999
92207,2020-10-15,Jackson,Illinois,17077.0,1392,25.0,25.0,,,,-0.17600000000000002
92208,2020-10-16,Jackson,Illinois,17077.0,1410,25.0,18.0,,,,-0.322
92209,2020-10-17,Jackson,Illinois,17077.0,1415,25.0,5.0,,,,-0.30599999
92210,2020-10-18,Jackson,Illinois,17077.0,1428,25.0,13.0,,,,-0.28200001
92211,2020-10-19,Jackson,Illinois,17077.0,1433,25.0,5.0,,,,-0.31600001
92212,2020-10-20,Jackson,Illinois,17077.0,1443,25.0,10.0,,,,-0.30700001
92213,2020-10-21,Jackson,Illinois,17077.0,1462,26.0,19.0,,,,-0.25299999
92214,2020-10-22,Jackson,Illinois,17077.0,1491,26.0,29.0,,,,-0.33199999
92215,2020-10-23,Jackson,Illinois,17077.0,1511,26.0,20.0,,,,-0.191
92216,2020-10-24,Jackson,Illinois,17077.0,1524,26.0,13.0,,,,-0.18600000000000003
92217,2020-10-25,Jackson,Illinois,17077.0,1542,26.0,18.0,,,,-0.18099999
92218,2020-10-26,Jackson,Illinois,17077.0,1548,26.0,6.0,,,,-0.16899999999999998
92219,2020-10-27,Jackson,Illinois,17077.0,1550,26.0,2.0,,,,-0.20800000000000002
92220,2020-10-28,Jackson,Illinois,17077.0,1584,26.0,34.0,,,,-0.21899999999999997
92221,2020-10-29,Jackson,Illinois,17077.0,1611,26.0,27.0,,,,-0.074299999
92222,2020-10-30,Jackson,Illinois,17077.0,1637,26.0,26.0,,,,-0.29600000000000004
92223,2020-10-31,Jackson,Illinois,17077.0,1637,26.0,0.0,,,,-0.36700001
92224,2020-11-01,Jackson,Illinois,17077.0,1660,26.0,23.0,,,,-0.34200001
92225,2020-11-02,Jackson,Illinois,17077.0,1672,26.0,12.0,,,,-0.40099999
92226,2020-11-03,Jackson,Illinois,17077.0,1698,26.0,26.0,,,,-0.40000001
92227,2020-11-04,Jackson,Illinois,17077.0,1713,26.0,15.0,,,,-0.41600001
92228,2020-11-05,Jackson,Illinois,17077.0,1741,27.0,28.0,,,,-0.52499998
92229,2020-11-06,Jackson,Illinois,17077.0,1780,28.0,39.0,,,,-0.34700000000000003
92230,2020-11-07,Jackson,Illinois,17077.0,1818,29.0,38.0,,,,-0.28400001
92231,2020-11-08,Jackson,Illinois,17077.0,1856,29.0,38.0,,,,-0.34900001
92232,2020-11-09,Jackson,Illinois,17077.0,1877,29.0,21.0,,,,-0.31
92233,2020-11-10,Jackson,Illinois,17077.0,1931,30.0,54.0,,,,-0.39300001
92234,2020-11-11,Jackson,Illinois,17077.0,1976,30.0,45.0,,,,-0.35600001
92235,2020-11-12,Jackson,Illinois,17077.0,2057,30.0,81.0,,,,-0.331
92236,2020-11-13,Jackson,Illinois,17077.0,2083,30.0,26.0,,,,-0.30700001
92237,2020-11-14,Jackson,Illinois,17077.0,2113,30.0,30.0,,,,-0.354
92238,2020-11-15,Jackson,Illinois,17077.0,2148,30.0,35.0,,,,-0.37599999
92239,2020-11-16,Jackson,Illinois,17077.0,2185,30.0,37.0,,,,-0.405
92240,2020-11-17,Jackson,Illinois,17077.0,2228,30.0,43.0,,,,-0.33899999
92241,2020-11-18,Jackson,Illinois,17077.0,2281,31.0,53.0,,,,-0.29600000000000004
92242,2020-11-19,Jackson,Illinois,17077.0,2314,33.0,33.0,,,,-0.32899999999999996
92243,2020-11-20,Jackson,Illinois,17077.0,2376,33.0,62.0,,,,-0.33799999999999997
92244,2020-11-21,Jackson,Illinois,17077.0,2413,33.0,37.0,,,,-0.30000001
92245,2020-11-22,Jackson,Illinois,17077.0,2440,34.0,27.0,,,,-0.20900001
