,date,county,state,fips,cases,deaths,new_cases,emp_combined,emp_combined_inclow,revenue_all,spend_all
104589,2020-03-29,Steuben,Indiana,18151.0,1,0.0,0.0,,,,-0.5
104590,2020-03-30,Steuben,Indiana,18151.0,1,0.0,0.0,,,,-0.46299999999999997
104591,2020-03-31,Steuben,Indiana,18151.0,1,0.0,0.0,,,,-0.48800001
104592,2020-04-01,Steuben,Indiana,18151.0,2,0.0,1.0,,,,-0.56300002
104593,2020-04-02,Steuben,Indiana,18151.0,2,0.0,0.0,,,,-0.52399999
104594,2020-04-03,Steuben,Indiana,18151.0,2,0.0,0.0,,,,-0.528
104595,2020-04-04,Steuben,Indiana,18151.0,4,0.0,2.0,,,,-0.56
104596,2020-04-05,Steuben,Indiana,18151.0,6,0.0,2.0,,,,-0.54299998
104597,2020-04-06,Steuben,Indiana,18151.0,8,0.0,2.0,,,,-0.484
104598,2020-04-07,Steuben,Indiana,18151.0,9,0.0,1.0,,,,-0.47099999
104599,2020-04-08,Steuben,Indiana,18151.0,10,1.0,1.0,,,,-0.33299999999999996
104600,2020-04-09,Steuben,Indiana,18151.0,12,1.0,2.0,,,,-0.405
104601,2020-04-10,Steuben,Indiana,18151.0,12,1.0,0.0,,,,-0.38699999
104602,2020-04-11,Steuben,Indiana,18151.0,12,1.0,0.0,,,,-0.32800001
104603,2020-04-12,Steuben,Indiana,18151.0,12,1.0,0.0,,,,-0.34900001
104604,2020-04-13,Steuben,Indiana,18151.0,12,1.0,0.0,,,,-0.461
104605,2020-04-14,Steuben,Indiana,18151.0,12,1.0,0.0,,,,-0.41999999
104606,2020-04-15,Steuben,Indiana,18151.0,13,1.0,1.0,,,,-0.48899999
104607,2020-04-16,Steuben,Indiana,18151.0,14,1.0,1.0,,,,-0.43399999
104608,2020-04-17,Steuben,Indiana,18151.0,16,1.0,2.0,,,,-0.43000001
104609,2020-04-18,Steuben,Indiana,18151.0,17,1.0,1.0,,,,-0.41600001
104610,2020-04-19,Steuben,Indiana,18151.0,17,1.0,0.0,,,,-0.389
104611,2020-04-20,Steuben,Indiana,18151.0,17,1.0,0.0,,,,-0.36199999
104612,2020-04-21,Steuben,Indiana,18151.0,17,1.0,0.0,,,,-0.377
104613,2020-04-22,Steuben,Indiana,18151.0,18,1.0,1.0,,,,-0.32899999999999996
104614,2020-04-23,Steuben,Indiana,18151.0,18,1.0,0.0,,,,-0.35100001
104615,2020-04-24,Steuben,Indiana,18151.0,20,1.0,2.0,,,,-0.34700000000000003
104616,2020-04-25,Steuben,Indiana,18151.0,21,1.0,1.0,,,,-0.382
104617,2020-04-26,Steuben,Indiana,18151.0,21,1.0,0.0,,,,-0.384
104618,2020-04-27,Steuben,Indiana,18151.0,21,1.0,0.0,,,,-0.373
104619,2020-04-28,Steuben,Indiana,18151.0,21,1.0,0.0,,,,-0.382
104620,2020-04-29,Steuben,Indiana,18151.0,22,1.0,1.0,,,,-0.36199999
104621,2020-04-30,Steuben,Indiana,18151.0,23,1.0,1.0,,,,-0.17900001
104622,2020-05-01,Steuben,Indiana,18151.0,25,1.0,2.0,,,,-0.0449
104623,2020-05-02,Steuben,Indiana,18151.0,26,1.0,1.0,,,,-0.00085900002
104624,2020-05-03,Steuben,Indiana,18151.0,26,1.0,0.0,,,,-0.0252
104625,2020-05-04,Steuben,Indiana,18151.0,41,1.0,15.0,,,,-0.0207
104626,2020-05-05,Steuben,Indiana,18151.0,51,1.0,10.0,,,,-0.033100002
104627,2020-05-06,Steuben,Indiana,18151.0,59,1.0,8.0,,,,-0.0178
104628,2020-05-07,Steuben,Indiana,18151.0,61,1.0,2.0,,,,-0.0792
104629,2020-05-08,Steuben,Indiana,18151.0,63,1.0,2.0,,,,-0.257
104630,2020-05-09,Steuben,Indiana,18151.0,62,2.0,-1.0,,,,-0.175
104631,2020-05-10,Steuben,Indiana,18151.0,62,2.0,0.0,,,,-0.12
104632,2020-05-11,Steuben,Indiana,18151.0,62,2.0,0.0,,,,-0.072300002
104633,2020-05-12,Steuben,Indiana,18151.0,62,2.0,0.0,,,,-0.09799999699999999
104634,2020-05-13,Steuben,Indiana,18151.0,64,2.0,2.0,,,,-0.17800000000000002
104635,2020-05-14,Steuben,Indiana,18151.0,67,2.0,3.0,,,,-0.21799999
104636,2020-05-15,Steuben,Indiana,18151.0,66,2.0,-1.0,,,,-0.255
104637,2020-05-16,Steuben,Indiana,18151.0,65,2.0,-1.0,,,,-0.33000001
104638,2020-05-17,Steuben,Indiana,18151.0,65,2.0,0.0,,,,-0.36300001
104639,2020-05-18,Steuben,Indiana,18151.0,67,2.0,2.0,,,,-0.41499999
104640,2020-05-19,Steuben,Indiana,18151.0,69,2.0,2.0,,,,-0.37799999
104641,2020-05-20,Steuben,Indiana,18151.0,71,2.0,2.0,,,,-0.35299999
104642,2020-05-21,Steuben,Indiana,18151.0,73,2.0,2.0,,,,-0.29600000000000004
104643,2020-05-22,Steuben,Indiana,18151.0,77,2.0,4.0,,,,-0.26699999
104644,2020-05-23,Steuben,Indiana,18151.0,76,2.0,-1.0,,,,-0.25299999
104645,2020-05-24,Steuben,Indiana,18151.0,79,2.0,3.0,,,,-0.27000001
104646,2020-05-25,Steuben,Indiana,18151.0,79,2.0,0.0,,,,-0.22699999999999998
104647,2020-05-26,Steuben,Indiana,18151.0,80,2.0,1.0,,,,-0.198
104648,2020-05-27,Steuben,Indiana,18151.0,80,2.0,0.0,,,,-0.2
104649,2020-05-28,Steuben,Indiana,18151.0,81,2.0,1.0,,,,-0.16399999999999998
104650,2020-05-29,Steuben,Indiana,18151.0,81,2.0,0.0,,,,-0.126
104651,2020-05-30,Steuben,Indiana,18151.0,83,2.0,2.0,,,,-0.121
104652,2020-05-31,Steuben,Indiana,18151.0,83,2.0,0.0,,,,-0.074900001
104653,2020-06-01,Steuben,Indiana,18151.0,84,2.0,1.0,,,,-0.081500001
104654,2020-06-02,Steuben,Indiana,18151.0,85,2.0,1.0,,,,-0.162
104655,2020-06-03,Steuben,Indiana,18151.0,87,2.0,2.0,,,,-0.141
104656,2020-06-04,Steuben,Indiana,18151.0,88,2.0,1.0,,,,-0.20999999
104657,2020-06-05,Steuben,Indiana,18151.0,90,2.0,2.0,,,,-0.287
104658,2020-06-06,Steuben,Indiana,18151.0,90,2.0,0.0,,,,-0.278
104659,2020-06-07,Steuben,Indiana,18151.0,93,2.0,3.0,,,,-0.31600001
104660,2020-06-08,Steuben,Indiana,18151.0,95,2.0,2.0,,,,-0.24600001
104661,2020-06-09,Steuben,Indiana,18151.0,95,2.0,0.0,,,,-0.27200001
104662,2020-06-10,Steuben,Indiana,18151.0,98,2.0,3.0,,,,-0.32800001
104663,2020-06-11,Steuben,Indiana,18151.0,100,2.0,2.0,,,,-0.285
104664,2020-06-12,Steuben,Indiana,18151.0,102,2.0,2.0,,,,-0.22899999999999998
104665,2020-06-13,Steuben,Indiana,18151.0,103,2.0,1.0,,,,-0.20200001
104666,2020-06-14,Steuben,Indiana,18151.0,105,2.0,2.0,,,,-0.17900001
104667,2020-06-15,Steuben,Indiana,18151.0,105,2.0,0.0,,,,-0.21600001
104668,2020-06-16,Steuben,Indiana,18151.0,106,2.0,1.0,,,,-0.18899999999999997
104669,2020-06-17,Steuben,Indiana,18151.0,107,2.0,1.0,,,,-0.141
104670,2020-06-18,Steuben,Indiana,18151.0,107,2.0,0.0,,,,-0.177
104671,2020-06-19,Steuben,Indiana,18151.0,108,2.0,1.0,,,,-0.214
104672,2020-06-20,Steuben,Indiana,18151.0,108,2.0,0.0,,,,-0.21799999
104673,2020-06-21,Steuben,Indiana,18151.0,109,2.0,1.0,,,,-0.242
104674,2020-06-22,Steuben,Indiana,18151.0,110,2.0,1.0,,,,-0.27900001
104675,2020-06-23,Steuben,Indiana,18151.0,111,2.0,1.0,,,,-0.266
104676,2020-06-24,Steuben,Indiana,18151.0,112,2.0,1.0,,,,-0.245
104677,2020-06-25,Steuben,Indiana,18151.0,113,2.0,1.0,,,,-0.21600001
104678,2020-06-26,Steuben,Indiana,18151.0,116,2.0,3.0,,,,-0.20999999
104679,2020-06-27,Steuben,Indiana,18151.0,120,2.0,4.0,,,,-0.249
104680,2020-06-28,Steuben,Indiana,18151.0,120,2.0,0.0,,,,-0.25
104681,2020-06-29,Steuben,Indiana,18151.0,121,2.0,1.0,,,,-0.17800000000000002
104682,2020-06-30,Steuben,Indiana,18151.0,123,2.0,2.0,,,,-0.134
104683,2020-07-01,Steuben,Indiana,18151.0,123,2.0,0.0,,,,-0.191
104684,2020-07-02,Steuben,Indiana,18151.0,124,2.0,1.0,,,,-0.20299999
104685,2020-07-03,Steuben,Indiana,18151.0,126,2.0,2.0,,,,-0.21600001
104686,2020-07-04,Steuben,Indiana,18151.0,128,2.0,2.0,,,,-0.205
104687,2020-07-05,Steuben,Indiana,18151.0,129,2.0,1.0,,,,-0.16899999999999998
104688,2020-07-06,Steuben,Indiana,18151.0,129,2.0,0.0,,,,-0.26199999
104689,2020-07-07,Steuben,Indiana,18151.0,130,2.0,1.0,,,,-0.27399999
104690,2020-07-08,Steuben,Indiana,18151.0,130,2.0,0.0,,,,-0.222
104691,2020-07-09,Steuben,Indiana,18151.0,133,2.0,3.0,,,,-0.18899999999999997
104692,2020-07-10,Steuben,Indiana,18151.0,136,2.0,3.0,,,,-0.168
104693,2020-07-11,Steuben,Indiana,18151.0,136,2.0,0.0,,,,-0.125
104694,2020-07-12,Steuben,Indiana,18151.0,138,2.0,2.0,,,,-0.0832
104695,2020-07-13,Steuben,Indiana,18151.0,140,2.0,2.0,,,,-0.033
104696,2020-07-14,Steuben,Indiana,18151.0,140,3.0,0.0,,,,-0.13500001
104697,2020-07-15,Steuben,Indiana,18151.0,141,3.0,1.0,,,,-0.11699999999999999
104698,2020-07-16,Steuben,Indiana,18151.0,144,3.0,3.0,,,,-0.13699999
104699,2020-07-17,Steuben,Indiana,18151.0,145,3.0,1.0,,,,-0.19699999999999998
104700,2020-07-18,Steuben,Indiana,18151.0,148,3.0,3.0,,,,-0.221
104701,2020-07-19,Steuben,Indiana,18151.0,152,3.0,4.0,,,,-0.21799999
104702,2020-07-20,Steuben,Indiana,18151.0,154,3.0,2.0,,,,-0.25299999
104703,2020-07-21,Steuben,Indiana,18151.0,162,3.0,8.0,,,,-0.146
104704,2020-07-22,Steuben,Indiana,18151.0,165,3.0,3.0,,,,0.062799998
104705,2020-07-23,Steuben,Indiana,18151.0,168,3.0,3.0,,,,0.048999999
104706,2020-07-24,Steuben,Indiana,18151.0,175,3.0,7.0,,,,0.25
104707,2020-07-25,Steuben,Indiana,18151.0,182,3.0,7.0,,,,0.38699999
104708,2020-07-26,Steuben,Indiana,18151.0,185,3.0,3.0,,,,0.38699999
104709,2020-07-27,Steuben,Indiana,18151.0,186,3.0,1.0,,,,0.38699999
104710,2020-07-28,Steuben,Indiana,18151.0,189,3.0,3.0,,,,0.38
104711,2020-07-29,Steuben,Indiana,18151.0,189,3.0,0.0,,,,0.249
104712,2020-07-30,Steuben,Indiana,18151.0,191,3.0,2.0,,,,0.259
104713,2020-07-31,Steuben,Indiana,18151.0,193,3.0,2.0,,,,0.124
104714,2020-08-01,Steuben,Indiana,18151.0,195,3.0,2.0,,,,-0.11800000000000001
104715,2020-08-02,Steuben,Indiana,18151.0,199,3.0,4.0,,,,-0.0016
104716,2020-08-03,Steuben,Indiana,18151.0,200,3.0,1.0,,,,-0.10400000000000001
104717,2020-08-04,Steuben,Indiana,18151.0,201,3.0,1.0,,,,-0.09189999800000001
104718,2020-08-05,Steuben,Indiana,18151.0,203,3.0,2.0,,,,-0.111
104719,2020-08-06,Steuben,Indiana,18151.0,204,3.0,1.0,,,,-0.048599999000000005
104720,2020-08-07,Steuben,Indiana,18151.0,206,3.0,2.0,,,,-0.039799998999999996
104721,2020-08-08,Steuben,Indiana,18151.0,207,3.0,1.0,,,,-0.080899999
104722,2020-08-09,Steuben,Indiana,18151.0,210,3.0,3.0,,,,-0.126
104723,2020-08-10,Steuben,Indiana,18151.0,211,3.0,1.0,,,,-0.084200002
104724,2020-08-11,Steuben,Indiana,18151.0,213,3.0,2.0,,,,-0.0425
104725,2020-08-12,Steuben,Indiana,18151.0,215,3.0,2.0,,,,0.063600004
104726,2020-08-13,Steuben,Indiana,18151.0,217,3.0,2.0,,,,0.0427
104727,2020-08-14,Steuben,Indiana,18151.0,217,3.0,0.0,,,,0.0043899999
104728,2020-08-15,Steuben,Indiana,18151.0,222,3.0,5.0,,,,0.0287
104729,2020-08-16,Steuben,Indiana,18151.0,222,3.0,0.0,,,,0.094300002
104730,2020-08-17,Steuben,Indiana,18151.0,225,3.0,3.0,,,,0.14
104731,2020-08-18,Steuben,Indiana,18151.0,226,3.0,1.0,,,,0.134
104732,2020-08-19,Steuben,Indiana,18151.0,228,3.0,2.0,,,,0.105
104733,2020-08-20,Steuben,Indiana,18151.0,231,3.0,3.0,,,,0.0199
104734,2020-08-21,Steuben,Indiana,18151.0,232,3.0,1.0,,,,0.13699999
104735,2020-08-22,Steuben,Indiana,18151.0,240,3.0,8.0,,,,0.19
104736,2020-08-23,Steuben,Indiana,18151.0,241,3.0,1.0,,,,0.153
104737,2020-08-24,Steuben,Indiana,18151.0,246,3.0,5.0,,,,0.192
104738,2020-08-25,Steuben,Indiana,18151.0,246,3.0,0.0,,,,0.15800001
104739,2020-08-26,Steuben,Indiana,18151.0,252,3.0,6.0,,,,0.121
104740,2020-08-27,Steuben,Indiana,18151.0,254,3.0,2.0,,,,0.13
104741,2020-08-28,Steuben,Indiana,18151.0,257,3.0,3.0,,,,0.00446
104742,2020-08-29,Steuben,Indiana,18151.0,270,3.0,13.0,,,,0.0116
104743,2020-08-30,Steuben,Indiana,18151.0,271,4.0,1.0,,,,0.036200002
104744,2020-08-31,Steuben,Indiana,18151.0,279,4.0,8.0,,,,-0.000117
104745,2020-09-01,Steuben,Indiana,18151.0,287,5.0,8.0,,,,0.065200001
104746,2020-09-02,Steuben,Indiana,18151.0,291,5.0,4.0,,,,0.074600004
104747,2020-09-03,Steuben,Indiana,18151.0,297,5.0,6.0,,,,0.0603
104748,2020-09-04,Steuben,Indiana,18151.0,302,5.0,5.0,,,,0.0198
104749,2020-09-05,Steuben,Indiana,18151.0,312,6.0,10.0,,,,0.0189
104750,2020-09-06,Steuben,Indiana,18151.0,316,6.0,4.0,,,,-0.08070000299999999
104751,2020-09-07,Steuben,Indiana,18151.0,318,6.0,2.0,,,,-0.051199999
104752,2020-09-08,Steuben,Indiana,18151.0,319,6.0,1.0,,,,-0.093000002
104753,2020-09-09,Steuben,Indiana,18151.0,322,7.0,3.0,,,,-0.069899999
104754,2020-09-10,Steuben,Indiana,18151.0,324,7.0,2.0,,,,-0.10300000000000001
104755,2020-09-11,Steuben,Indiana,18151.0,326,7.0,2.0,,,,-0.107
104756,2020-09-12,Steuben,Indiana,18151.0,328,7.0,2.0,,,,-0.092
104757,2020-09-13,Steuben,Indiana,18151.0,338,7.0,10.0,,,,-0.036600001
104758,2020-09-14,Steuben,Indiana,18151.0,343,7.0,5.0,,,,-0.032400001
104759,2020-09-15,Steuben,Indiana,18151.0,344,7.0,1.0,,,,-0.031500001
104760,2020-09-16,Steuben,Indiana,18151.0,343,7.0,-1.0,,,,-0.09799999699999999
104761,2020-09-17,Steuben,Indiana,18151.0,345,7.0,2.0,,,,-0.097400002
104762,2020-09-18,Steuben,Indiana,18151.0,358,7.0,13.0,,,,-0.059799999000000006
104763,2020-09-19,Steuben,Indiana,18151.0,365,7.0,7.0,,,,-0.040800001
104764,2020-09-20,Steuben,Indiana,18151.0,368,7.0,3.0,,,,-0.022600001
104765,2020-09-21,Steuben,Indiana,18151.0,370,7.0,2.0,,,,-0.0305
104766,2020-09-22,Steuben,Indiana,18151.0,371,7.0,1.0,,,,-0.030300001
104767,2020-09-23,Steuben,Indiana,18151.0,375,7.0,4.0,,,,0.0147
104768,2020-09-24,Steuben,Indiana,18151.0,379,7.0,4.0,,,,0.050000000999999995
104769,2020-09-25,Steuben,Indiana,18151.0,381,7.0,2.0,,,,-0.0079100002
104770,2020-09-26,Steuben,Indiana,18151.0,386,7.0,5.0,,,,-0.0072300001
104771,2020-09-27,Steuben,Indiana,18151.0,388,7.0,2.0,,,,0.0071399999
104772,2020-09-28,Steuben,Indiana,18151.0,391,7.0,3.0,,,,0.053300001
104773,2020-09-29,Steuben,Indiana,18151.0,398,7.0,7.0,,,,0.048099998
104774,2020-09-30,Steuben,Indiana,18151.0,400,7.0,2.0,,,,0.0174
104775,2020-10-01,Steuben,Indiana,18151.0,414,7.0,14.0,,,,-0.00038400001
104776,2020-10-02,Steuben,Indiana,18151.0,428,8.0,14.0,,,,0.0077300002
104777,2020-10-03,Steuben,Indiana,18151.0,431,8.0,3.0,,,,-0.0009500000199999999
104778,2020-10-04,Steuben,Indiana,18151.0,431,8.0,0.0,,,,-0.0128
104779,2020-10-05,Steuben,Indiana,18151.0,434,8.0,3.0,,,,-0.031500001
104780,2020-10-06,Steuben,Indiana,18151.0,436,9.0,2.0,,,,-0.028100001
104781,2020-10-07,Steuben,Indiana,18151.0,444,9.0,8.0,,,,0.032000002
104782,2020-10-08,Steuben,Indiana,18151.0,454,9.0,10.0,,,,0.024700001
104783,2020-10-09,Steuben,Indiana,18151.0,468,9.0,14.0,,,,0.07829999900000001
104784,2020-10-10,Steuben,Indiana,18151.0,487,9.0,19.0,,,,0.0678
104785,2020-10-11,Steuben,Indiana,18151.0,504,9.0,17.0,,,,0.037300002
104786,2020-10-12,Steuben,Indiana,18151.0,513,9.0,9.0,,,,-0.046799999
104787,2020-10-13,Steuben,Indiana,18151.0,536,9.0,23.0,,,,0.064300001
104788,2020-10-14,Steuben,Indiana,18151.0,541,9.0,5.0,,,,0.022500001000000002
104789,2020-10-15,Steuben,Indiana,18151.0,549,9.0,8.0,,,,0.0174
104790,2020-10-16,Steuben,Indiana,18151.0,563,8.0,14.0,,,,0.032900002000000005
104791,2020-10-17,Steuben,Indiana,18151.0,573,8.0,10.0,,,,0.0126
104792,2020-10-18,Steuben,Indiana,18151.0,584,8.0,11.0,,,,0.0405
104793,2020-10-19,Steuben,Indiana,18151.0,593,8.0,9.0,,,,-0.035599999
104794,2020-10-20,Steuben,Indiana,18151.0,605,8.0,12.0,,,,-0.0427
104795,2020-10-21,Steuben,Indiana,18151.0,616,8.0,11.0,,,,0.036699999
104796,2020-10-22,Steuben,Indiana,18151.0,632,8.0,16.0,,,,0.0858
104797,2020-10-23,Steuben,Indiana,18151.0,638,8.0,6.0,,,,0.0361
104798,2020-10-24,Steuben,Indiana,18151.0,645,8.0,7.0,,,,0.0964
104799,2020-10-25,Steuben,Indiana,18151.0,662,8.0,17.0,,,,0.105
104800,2020-10-26,Steuben,Indiana,18151.0,665,8.0,3.0,,,,0.11900000000000001
104801,2020-10-27,Steuben,Indiana,18151.0,679,8.0,14.0,,,,0.084399998
104802,2020-10-28,Steuben,Indiana,18151.0,689,9.0,10.0,,,,0.023600001000000002
104803,2020-10-29,Steuben,Indiana,18151.0,710,9.0,21.0,,,,-0.062399998
104804,2020-10-30,Steuben,Indiana,18151.0,723,9.0,13.0,,,,-0.040199999
104805,2020-10-31,Steuben,Indiana,18151.0,740,9.0,17.0,,,,-0.0889
104806,2020-11-01,Steuben,Indiana,18151.0,756,9.0,16.0,,,,-0.09809999900000001
104807,2020-11-02,Steuben,Indiana,18151.0,767,9.0,11.0,,,,-0.0405
104808,2020-11-03,Steuben,Indiana,18151.0,781,10.0,14.0,,,,-0.041700002
104809,2020-11-04,Steuben,Indiana,18151.0,801,10.0,20.0,,,,-0.138
104810,2020-11-05,Steuben,Indiana,18151.0,830,10.0,29.0,,,,-0.077399999
104811,2020-11-06,Steuben,Indiana,18151.0,850,10.0,20.0,,,,-0.074199997
104812,2020-11-07,Steuben,Indiana,18151.0,866,10.0,16.0,,,,-0.020099999
104813,2020-11-08,Steuben,Indiana,18151.0,897,10.0,31.0,,,,0.007640000000000001
104814,2020-11-09,Steuben,Indiana,18151.0,914,10.0,17.0,,,,-0.081699997
104815,2020-11-10,Steuben,Indiana,18151.0,950,10.0,36.0,,,,-0.028999999
104816,2020-11-11,Steuben,Indiana,18151.0,978,10.0,28.0,,,,0.0233
104817,2020-11-12,Steuben,Indiana,18151.0,1013,11.0,35.0,,,,0.0123
104818,2020-11-13,Steuben,Indiana,18151.0,1043,11.0,30.0,,,,-0.024800001000000002
104819,2020-11-14,Steuben,Indiana,18151.0,1111,11.0,68.0,,,,-0.062399998
104820,2020-11-15,Steuben,Indiana,18151.0,1130,12.0,19.0,,,,-0.07010000200000001
104821,2020-11-16,Steuben,Indiana,18151.0,1161,12.0,31.0,,,,-0.0339
104822,2020-11-17,Steuben,Indiana,18151.0,1189,13.0,28.0,,,,0.085299999
104823,2020-11-18,Steuben,Indiana,18151.0,1237,13.0,48.0,,,,0.038600001
104824,2020-11-19,Steuben,Indiana,18151.0,1268,13.0,31.0,,,,0.20299999
104825,2020-11-20,Steuben,Indiana,18151.0,1322,13.0,54.0,,,,0.27399999
104826,2020-11-21,Steuben,Indiana,18151.0,1360,13.0,38.0,,,,0.20800000000000002
104827,2020-11-22,Steuben,Indiana,18151.0,1401,13.0,41.0,,,,0.184
