,date,county,state,fips,cases,deaths,new_cases,emp_combined,emp_combined_inclow,revenue_all,spend_all
112581,2020-03-22,Scott,Iowa,19163.0,1,0.0,0.0,,,,-0.124
112582,2020-03-23,Scott,Iowa,19163.0,1,0.0,0.0,,,,-0.183
112583,2020-03-24,Scott,Iowa,19163.0,1,0.0,0.0,,,,-0.22400001
112584,2020-03-25,Scott,Iowa,19163.0,3,0.0,2.0,,,,-0.25099999
112585,2020-03-26,Scott,Iowa,19163.0,7,0.0,4.0,,,,-0.25999999
112586,2020-03-27,Scott,Iowa,19163.0,7,0.0,0.0,,,,-0.294
112587,2020-03-28,Scott,Iowa,19163.0,10,0.0,3.0,,,,-0.31799999
112588,2020-03-29,Scott,Iowa,19163.0,10,0.0,0.0,,,,-0.34400001
112589,2020-03-30,Scott,Iowa,19163.0,16,0.0,6.0,,,,-0.32699999
112590,2020-03-31,Scott,Iowa,19163.0,18,0.0,2.0,,,,-0.30500001
112591,2020-04-01,Scott,Iowa,19163.0,21,0.0,3.0,,,,-0.26800001
112592,2020-04-02,Scott,Iowa,19163.0,25,0.0,4.0,,,,-0.23800001
112593,2020-04-03,Scott,Iowa,19163.0,31,0.0,6.0,,,,-0.264
112594,2020-04-04,Scott,Iowa,19163.0,38,0.0,7.0,,,,-0.27700001
112595,2020-04-05,Scott,Iowa,19163.0,41,1.0,3.0,,,,-0.243
112596,2020-04-06,Scott,Iowa,19163.0,52,1.0,11.0,,,,-0.244
112597,2020-04-07,Scott,Iowa,19163.0,66,1.0,14.0,,,,-0.255
112598,2020-04-08,Scott,Iowa,19163.0,77,1.0,11.0,,,,-0.29499999
112599,2020-04-09,Scott,Iowa,19163.0,88,1.0,11.0,,,,-0.30500001
112600,2020-04-10,Scott,Iowa,19163.0,99,1.0,11.0,,,,-0.243
112601,2020-04-11,Scott,Iowa,19163.0,111,1.0,12.0,,,,-0.23399999999999999
112602,2020-04-12,Scott,Iowa,19163.0,115,1.0,4.0,,,,-0.28600001
112603,2020-04-13,Scott,Iowa,19163.0,118,1.0,3.0,,,,-0.28999999
112604,2020-04-14,Scott,Iowa,19163.0,124,1.0,6.0,,,,-0.243
112605,2020-04-15,Scott,Iowa,19163.0,129,2.0,5.0,,,,-0.221
112606,2020-04-16,Scott,Iowa,19163.0,146,2.0,17.0,,,,-0.081699997
112607,2020-04-17,Scott,Iowa,19163.0,155,3.0,9.0,,,,-0.13699999
112608,2020-04-18,Scott,Iowa,19163.0,159,3.0,4.0,,,,-0.153
112609,2020-04-19,Scott,Iowa,19163.0,160,3.0,1.0,,,,-0.13600001
112610,2020-04-20,Scott,Iowa,19163.0,172,3.0,12.0,,,,-0.10099999999999999
112611,2020-04-21,Scott,Iowa,19163.0,180,3.0,8.0,,,,-0.13500001
112612,2020-04-22,Scott,Iowa,19163.0,183,3.0,3.0,,,,-0.155
112613,2020-04-23,Scott,Iowa,19163.0,189,3.0,6.0,,,,-0.133
112614,2020-04-24,Scott,Iowa,19163.0,197,4.0,8.0,,,,-0.21699999
112615,2020-04-25,Scott,Iowa,19163.0,207,5.0,10.0,,,,-0.18000001
112616,2020-04-26,Scott,Iowa,19163.0,209,5.0,2.0,,,,-0.13
112617,2020-04-27,Scott,Iowa,19163.0,216,5.0,7.0,,,,-0.14300001
112618,2020-04-28,Scott,Iowa,19163.0,218,5.0,2.0,,,,-0.193
112619,2020-04-29,Scott,Iowa,19163.0,222,5.0,4.0,,,,-0.20299999
112620,2020-04-30,Scott,Iowa,19163.0,226,6.0,4.0,,,,-0.121
112621,2020-05-01,Scott,Iowa,19163.0,230,7.0,4.0,,,,-0.09799999699999999
112622,2020-05-02,Scott,Iowa,19163.0,236,7.0,6.0,,,,-0.11199999999999999
112623,2020-05-03,Scott,Iowa,19163.0,241,7.0,5.0,,,,-0.115
112624,2020-05-04,Scott,Iowa,19163.0,245,7.0,4.0,,,,-0.09929999699999999
112625,2020-05-05,Scott,Iowa,19163.0,255,7.0,10.0,,,,-0.11599999999999999
112626,2020-05-06,Scott,Iowa,19163.0,260,7.0,5.0,,,,-0.127
112627,2020-05-07,Scott,Iowa,19163.0,274,7.0,14.0,,,,-0.13500001
112628,2020-05-08,Scott,Iowa,19163.0,276,8.0,2.0,,,,-0.134
112629,2020-05-09,Scott,Iowa,19163.0,279,8.0,3.0,,,,-0.10400000000000001
112630,2020-05-10,Scott,Iowa,19163.0,280,8.0,1.0,,,,-0.113
112631,2020-05-11,Scott,Iowa,19163.0,286,8.0,6.0,,,,-0.139
112632,2020-05-12,Scott,Iowa,19163.0,286,8.0,0.0,,,,-0.122
112633,2020-05-13,Scott,Iowa,19163.0,291,8.0,5.0,,,,-0.09560000199999999
112634,2020-05-14,Scott,Iowa,19163.0,293,8.0,2.0,,,,-0.090700001
112635,2020-05-15,Scott,Iowa,19163.0,297,8.0,4.0,,,,-0.080499999
112636,2020-05-16,Scott,Iowa,19163.0,301,8.0,4.0,,,,-0.09929999699999999
112637,2020-05-17,Scott,Iowa,19163.0,307,8.0,6.0,,,,-0.094499998
112638,2020-05-18,Scott,Iowa,19163.0,309,8.0,2.0,,,,-0.064900003
112639,2020-05-19,Scott,Iowa,19163.0,309,8.0,0.0,,,,-0.065200001
112640,2020-05-20,Scott,Iowa,19163.0,320,8.0,11.0,,,,-0.067699999
112641,2020-05-21,Scott,Iowa,19163.0,323,9.0,3.0,,,,-0.063900001
112642,2020-05-22,Scott,Iowa,19163.0,329,9.0,6.0,,,,-0.07540000200000001
112643,2020-05-23,Scott,Iowa,19163.0,329,9.0,0.0,,,,-0.084100001
112644,2020-05-24,Scott,Iowa,19163.0,334,9.0,5.0,,,,-0.08510000300000001
112645,2020-05-25,Scott,Iowa,19163.0,338,9.0,4.0,,,,-0.0524
112646,2020-05-26,Scott,Iowa,19163.0,341,9.0,3.0,,,,-0.06610000099999999
112647,2020-05-27,Scott,Iowa,19163.0,348,10.0,7.0,,,,-0.0239
112648,2020-05-28,Scott,Iowa,19163.0,355,10.0,7.0,,,,-0.032400001
112649,2020-05-29,Scott,Iowa,19163.0,358,10.0,3.0,,,,-0.083300002
112650,2020-05-30,Scott,Iowa,19163.0,359,10.0,1.0,,,,-0.049800000999999997
112651,2020-05-31,Scott,Iowa,19163.0,361,10.0,2.0,,,,-0.0348
112652,2020-06-01,Scott,Iowa,19163.0,362,10.0,1.0,,,,-0.0418
112653,2020-06-02,Scott,Iowa,19163.0,364,10.0,2.0,,,,-0.037099997999999995
112654,2020-06-03,Scott,Iowa,19163.0,369,10.0,5.0,,,,-0.09830000300000001
112655,2020-06-04,Scott,Iowa,19163.0,382,10.0,13.0,,,,-0.087200001
112656,2020-06-05,Scott,Iowa,19163.0,385,10.0,3.0,,,,-0.027799999
112657,2020-06-06,Scott,Iowa,19163.0,386,10.0,1.0,,,,-0.0149
112658,2020-06-07,Scott,Iowa,19163.0,388,10.0,2.0,,,,-0.025
112659,2020-06-08,Scott,Iowa,19163.0,393,10.0,5.0,,,,-0.00186
112660,2020-06-09,Scott,Iowa,19163.0,393,10.0,0.0,,,,-0.028100001
112661,2020-06-10,Scott,Iowa,19163.0,398,10.0,5.0,,,,-0.021199999
112662,2020-06-11,Scott,Iowa,19163.0,400,10.0,2.0,,,,-0.0219
112663,2020-06-12,Scott,Iowa,19163.0,404,10.0,4.0,,,,-0.046500001
112664,2020-06-13,Scott,Iowa,19163.0,407,10.0,3.0,,,,-0.034200002
112665,2020-06-14,Scott,Iowa,19163.0,406,10.0,-1.0,,,,-0.039700001
112666,2020-06-15,Scott,Iowa,19163.0,407,10.0,1.0,,,,-0.0603
112667,2020-06-16,Scott,Iowa,19163.0,409,10.0,2.0,,,,-0.0272
112668,2020-06-17,Scott,Iowa,19163.0,417,10.0,8.0,,,,-0.0012900000000000001
112669,2020-06-18,Scott,Iowa,19163.0,421,10.0,4.0,,,,-0.0144
112670,2020-06-19,Scott,Iowa,19163.0,431,10.0,10.0,,,,-0.007739999799999999
112671,2020-06-20,Scott,Iowa,19163.0,435,10.0,4.0,,,,-0.00202
112672,2020-06-21,Scott,Iowa,19163.0,447,10.0,12.0,,,,0.00073700002
112673,2020-06-22,Scott,Iowa,19163.0,451,10.0,4.0,,,,-0.00489
112674,2020-06-23,Scott,Iowa,19163.0,460,10.0,9.0,,,,-0.019200001
112675,2020-06-24,Scott,Iowa,19163.0,488,10.0,28.0,,,,-0.0155
112676,2020-06-25,Scott,Iowa,19163.0,516,10.0,28.0,,,,0.00145
112677,2020-06-26,Scott,Iowa,19163.0,561,10.0,45.0,,,,-0.024900001
112678,2020-06-27,Scott,Iowa,19163.0,580,10.0,19.0,,,,-0.054900002
112679,2020-06-28,Scott,Iowa,19163.0,598,10.0,18.0,,,,-0.043000000999999996
112680,2020-06-29,Scott,Iowa,19163.0,618,10.0,20.0,,,,-0.00526
112681,2020-06-30,Scott,Iowa,19163.0,639,10.0,21.0,,,,-0.0188
112682,2020-07-01,Scott,Iowa,19163.0,673,10.0,34.0,,,,-0.051199999
112683,2020-07-02,Scott,Iowa,19163.0,704,10.0,31.0,,,,-0.044599999
112684,2020-07-03,Scott,Iowa,19163.0,748,10.0,44.0,,,,-0.0385
112685,2020-07-04,Scott,Iowa,19163.0,786,10.0,38.0,,,,-0.027899998999999998
112686,2020-07-05,Scott,Iowa,19163.0,799,10.0,13.0,,,,-0.045899998
112687,2020-07-06,Scott,Iowa,19163.0,816,10.0,17.0,,,,-0.062700003
112688,2020-07-07,Scott,Iowa,19163.0,845,10.0,29.0,,,,-0.048700001
112689,2020-07-08,Scott,Iowa,19163.0,896,10.0,51.0,,,,-0.047899999000000006
112690,2020-07-09,Scott,Iowa,19163.0,935,10.0,39.0,,,,-0.081900001
112691,2020-07-10,Scott,Iowa,19163.0,1004,10.0,69.0,,,,-0.078500003
112692,2020-07-11,Scott,Iowa,19163.0,1037,10.0,33.0,,,,-0.057799999000000005
112693,2020-07-12,Scott,Iowa,19163.0,1084,10.0,47.0,,,,-0.074600004
112694,2020-07-13,Scott,Iowa,19163.0,1098,10.0,14.0,,,,-0.074100003
112695,2020-07-14,Scott,Iowa,19163.0,1126,10.0,28.0,,,,-0.06610000099999999
112696,2020-07-15,Scott,Iowa,19163.0,1174,10.0,48.0,,,,-0.041499997999999996
112697,2020-07-16,Scott,Iowa,19163.0,1226,10.0,52.0,,,,-0.0317
112698,2020-07-17,Scott,Iowa,19163.0,1254,10.0,28.0,,,,-0.041200001
112699,2020-07-18,Scott,Iowa,19163.0,1277,10.0,23.0,,,,-0.042599998
112700,2020-07-19,Scott,Iowa,19163.0,1290,10.0,13.0,,,,-0.027000001000000003
112701,2020-07-20,Scott,Iowa,19163.0,1318,11.0,28.0,,,,-0.018999999
112702,2020-07-21,Scott,Iowa,19163.0,1335,11.0,17.0,,,,-0.035599999
112703,2020-07-22,Scott,Iowa,19163.0,1365,11.0,30.0,,,,-0.063600004
112704,2020-07-23,Scott,Iowa,19163.0,1398,11.0,33.0,,,,-0.048500000999999994
112705,2020-07-24,Scott,Iowa,19163.0,1434,11.0,36.0,,,,-0.036600001
112706,2020-07-25,Scott,Iowa,19163.0,1458,11.0,24.0,,,,-0.044500001
112707,2020-07-26,Scott,Iowa,19163.0,1483,11.0,25.0,,,,-0.029100001
112708,2020-07-27,Scott,Iowa,19163.0,1491,11.0,8.0,,,,-0.015
112709,2020-07-28,Scott,Iowa,19163.0,1500,11.0,9.0,,,,-0.0151
112710,2020-07-29,Scott,Iowa,19163.0,1525,11.0,25.0,,,,-0.0144
112711,2020-07-30,Scott,Iowa,19163.0,1542,11.0,17.0,,,,-0.00185
112712,2020-07-31,Scott,Iowa,19163.0,1557,12.0,15.0,,,,0.0132
112713,2020-08-01,Scott,Iowa,19163.0,1576,12.0,19.0,,,,-0.0018899999999999998
112714,2020-08-02,Scott,Iowa,19163.0,1590,12.0,14.0,,,,-0.034499998999999996
112715,2020-08-03,Scott,Iowa,19163.0,1593,12.0,3.0,,,,-0.033
112716,2020-08-04,Scott,Iowa,19163.0,1615,12.0,22.0,,,,-0.033500001
112717,2020-08-05,Scott,Iowa,19163.0,1636,13.0,21.0,,,,-0.025800001
112718,2020-08-06,Scott,Iowa,19163.0,1655,14.0,19.0,,,,-0.0233
112719,2020-08-07,Scott,Iowa,19163.0,1662,14.0,7.0,,,,-0.034699999
112720,2020-08-08,Scott,Iowa,19163.0,1705,14.0,43.0,,,,-0.030300001
112721,2020-08-09,Scott,Iowa,19163.0,1718,14.0,13.0,,,,1.4800000000000002e-05
112722,2020-08-10,Scott,Iowa,19163.0,1727,14.0,9.0,,,,-0.0173
112723,2020-08-11,Scott,Iowa,19163.0,1743,14.0,16.0,,,,-0.053199999000000005
112724,2020-08-12,Scott,Iowa,19163.0,1758,14.0,15.0,,,,-0.054000001
112725,2020-08-13,Scott,Iowa,19163.0,1784,15.0,26.0,,,,-0.0504
112726,2020-08-14,Scott,Iowa,19163.0,1809,15.0,25.0,,,,-0.042100001
112727,2020-08-15,Scott,Iowa,19163.0,1842,15.0,33.0,,,,-0.025
112728,2020-08-16,Scott,Iowa,19163.0,1853,15.0,11.0,,,,-0.043400000999999994
112729,2020-08-17,Scott,Iowa,19163.0,1863,16.0,10.0,,,,-0.044599999
112730,2020-08-18,Scott,Iowa,19163.0,1874,17.0,11.0,,,,-0.0098700002
112731,2020-08-19,Scott,Iowa,19163.0,1903,17.0,29.0,,,,-0.0070699998
112732,2020-08-20,Scott,Iowa,19163.0,1933,17.0,30.0,,,,-0.0033400001
112733,2020-08-21,Scott,Iowa,19163.0,1970,18.0,37.0,,,,-0.0093700001
112734,2020-08-22,Scott,Iowa,19163.0,1992,18.0,22.0,,,,-0.0276
112735,2020-08-23,Scott,Iowa,19163.0,2002,19.0,10.0,,,,-0.025699998999999998
112736,2020-08-24,Scott,Iowa,19163.0,2015,19.0,13.0,,,,-0.037700001000000004
112737,2020-08-25,Scott,Iowa,19163.0,2025,18.0,10.0,,,,-0.038800001
112738,2020-08-26,Scott,Iowa,19163.0,2061,19.0,36.0,,,,-0.036899998999999996
112739,2020-08-27,Scott,Iowa,19163.0,2110,19.0,49.0,,,,-0.053300001
112740,2020-08-28,Scott,Iowa,19163.0,2146,20.0,36.0,,,,-0.044599999
112741,2020-08-29,Scott,Iowa,19163.0,2180,20.0,34.0,,,,-0.023700001000000002
112742,2020-08-30,Scott,Iowa,19163.0,2208,21.0,28.0,,,,-0.047899999000000006
112743,2020-08-31,Scott,Iowa,19163.0,2238,21.0,30.0,,,,-0.052099999
112744,2020-09-01,Scott,Iowa,19163.0,2249,21.0,11.0,,,,-0.0075699999
112745,2020-09-02,Scott,Iowa,19163.0,2259,21.0,10.0,,,,0.0124
112746,2020-09-03,Scott,Iowa,19163.0,2300,21.0,41.0,,,,0.00011599999999999999
112747,2020-09-04,Scott,Iowa,19163.0,2334,22.0,34.0,,,,-0.024700001
112748,2020-09-05,Scott,Iowa,19163.0,2363,23.0,29.0,,,,-0.032200001
112749,2020-09-06,Scott,Iowa,19163.0,2381,23.0,18.0,,,,0.0040000002
112750,2020-09-07,Scott,Iowa,19163.0,2383,23.0,2.0,,,,-0.0135
112751,2020-09-08,Scott,Iowa,19163.0,2392,23.0,9.0,,,,-0.0026400001
112752,2020-09-09,Scott,Iowa,19163.0,2409,24.0,17.0,,,,-0.0374
112753,2020-09-10,Scott,Iowa,19163.0,2447,25.0,38.0,,,,-0.0209
112754,2020-09-11,Scott,Iowa,19163.0,2490,25.0,43.0,,,,-0.0048000002000000005
112755,2020-09-12,Scott,Iowa,19163.0,2512,25.0,22.0,,,,-0.0023099999
112756,2020-09-13,Scott,Iowa,19163.0,2525,25.0,13.0,,,,-0.019200001
112757,2020-09-14,Scott,Iowa,19163.0,2534,26.0,9.0,,,,-0.0469
112758,2020-09-15,Scott,Iowa,19163.0,2550,26.0,16.0,,,,-0.026000001000000002
112759,2020-09-16,Scott,Iowa,19163.0,2601,26.0,51.0,,,,-0.0449
112760,2020-09-17,Scott,Iowa,19163.0,2647,27.0,46.0,,,,-0.044300001
112761,2020-09-18,Scott,Iowa,19163.0,2711,27.0,64.0,,,,-0.0064599997999999995
112762,2020-09-19,Scott,Iowa,19163.0,2765,27.0,54.0,,,,0.0052700001
112763,2020-09-20,Scott,Iowa,19163.0,2797,27.0,32.0,,,,0.0163
112764,2020-09-21,Scott,Iowa,19163.0,2818,27.0,21.0,,,,0.032200001
112765,2020-09-22,Scott,Iowa,19163.0,2836,28.0,18.0,,,,0.020300001
112766,2020-09-23,Scott,Iowa,19163.0,2879,28.0,43.0,,,,0.0128
112767,2020-09-24,Scott,Iowa,19163.0,2927,28.0,48.0,,,,0.0162
112768,2020-09-25,Scott,Iowa,19163.0,2971,28.0,44.0,,,,-0.00242
112769,2020-09-26,Scott,Iowa,19163.0,3011,28.0,40.0,,,,-0.025599999
112770,2020-09-27,Scott,Iowa,19163.0,3020,28.0,9.0,,,,-0.0243
112771,2020-09-28,Scott,Iowa,19163.0,3045,28.0,25.0,,,,0.031800002
112772,2020-09-29,Scott,Iowa,19163.0,3095,28.0,50.0,,,,0.09279999900000001
112773,2020-09-30,Scott,Iowa,19163.0,3128,29.0,33.0,,,,0.12
112774,2020-10-01,Scott,Iowa,19163.0,3193,29.0,65.0,,,,0.147
112775,2020-10-02,Scott,Iowa,19163.0,3254,29.0,61.0,,,,0.16599999
112776,2020-10-03,Scott,Iowa,19163.0,3299,29.0,45.0,,,,0.2
112777,2020-10-04,Scott,Iowa,19163.0,3311,29.0,12.0,,,,0.233
112778,2020-10-05,Scott,Iowa,19163.0,3327,29.0,16.0,,,,0.20600000000000002
112779,2020-10-06,Scott,Iowa,19163.0,3362,29.0,35.0,,,,0.153
112780,2020-10-07,Scott,Iowa,19163.0,3407,29.0,45.0,,,,0.146
112781,2020-10-08,Scott,Iowa,19163.0,3450,29.0,43.0,,,,0.139
112782,2020-10-09,Scott,Iowa,19163.0,3498,29.0,48.0,,,,0.153
112783,2020-10-10,Scott,Iowa,19163.0,3542,29.0,44.0,,,,0.17299999
112784,2020-10-11,Scott,Iowa,19163.0,3603,29.0,61.0,,,,0.156
112785,2020-10-12,Scott,Iowa,19163.0,3618,30.0,15.0,,,,0.16500001
112786,2020-10-13,Scott,Iowa,19163.0,3676,32.0,58.0,,,,0.17299999
112787,2020-10-14,Scott,Iowa,19163.0,3763,32.0,87.0,,,,0.17900001
112788,2020-10-15,Scott,Iowa,19163.0,3832,32.0,69.0,,,,0.184
112789,2020-10-16,Scott,Iowa,19163.0,3919,33.0,87.0,,,,0.175
112790,2020-10-17,Scott,Iowa,19163.0,3985,33.0,66.0,,,,0.183
112791,2020-10-18,Scott,Iowa,19163.0,4024,33.0,39.0,,,,0.20100001
112792,2020-10-19,Scott,Iowa,19163.0,4042,34.0,18.0,,,,0.20200001
112793,2020-10-20,Scott,Iowa,19163.0,4108,37.0,66.0,,,,0.19599999
112794,2020-10-21,Scott,Iowa,19163.0,4141,37.0,33.0,,,,0.183
112795,2020-10-22,Scott,Iowa,19163.0,4280,37.0,139.0,,,,0.20100001
112796,2020-10-23,Scott,Iowa,19163.0,4350,38.0,70.0,,,,0.223
112797,2020-10-24,Scott,Iowa,19163.0,4454,38.0,104.0,,,,0.20800000000000002
112798,2020-10-25,Scott,Iowa,19163.0,4541,38.0,87.0,,,,0.192
112799,2020-10-26,Scott,Iowa,19163.0,4566,39.0,25.0,,,,0.192
112800,2020-10-27,Scott,Iowa,19163.0,4684,41.0,118.0,,,,0.182
112801,2020-10-28,Scott,Iowa,19163.0,4766,42.0,82.0,,,,0.177
112802,2020-10-29,Scott,Iowa,19163.0,4899,43.0,133.0,,,,0.161
112803,2020-10-30,Scott,Iowa,19163.0,5026,43.0,127.0,,,,0.15700001
112804,2020-10-31,Scott,Iowa,19163.0,5167,43.0,141.0,,,,0.17600000000000002
112805,2020-11-01,Scott,Iowa,19163.0,5277,45.0,110.0,,,,0.15000001
112806,2020-11-02,Scott,Iowa,19163.0,5343,48.0,66.0,,,,0.153
112807,2020-11-03,Scott,Iowa,19163.0,5422,50.0,79.0,,,,0.15000001
112808,2020-11-04,Scott,Iowa,19163.0,5521,51.0,99.0,,,,0.133
112809,2020-11-05,Scott,Iowa,19163.0,5885,51.0,364.0,,,,0.149
112810,2020-11-06,Scott,Iowa,19163.0,6064,51.0,179.0,,,,0.139
112811,2020-11-07,Scott,Iowa,19163.0,6288,51.0,224.0,,,,0.132
112812,2020-11-08,Scott,Iowa,19163.0,6614,51.0,326.0,,,,0.154
112813,2020-11-09,Scott,Iowa,19163.0,6812,52.0,198.0,,,,0.14
112814,2020-11-10,Scott,Iowa,19163.0,7066,54.0,254.0,,,,0.14800000000000002
112815,2020-11-11,Scott,Iowa,19163.0,7351,54.0,285.0,,,,0.18099999
112816,2020-11-12,Scott,Iowa,19163.0,7778,56.0,427.0,,,,0.17299999
112817,2020-11-13,Scott,Iowa,19163.0,8069,58.0,291.0,,,,0.163
112818,2020-11-14,Scott,Iowa,19163.0,8452,58.0,383.0,,,,0.193
112819,2020-11-15,Scott,Iowa,19163.0,8642,58.0,190.0,,,,0.21699999
112820,2020-11-16,Scott,Iowa,19163.0,8748,60.0,106.0,,,,0.21899999999999997
112821,2020-11-17,Scott,Iowa,19163.0,8964,64.0,216.0,,,,0.22
112822,2020-11-18,Scott,Iowa,19163.0,9208,66.0,244.0,,,,0.257
112823,2020-11-19,Scott,Iowa,19163.0,9490,68.0,282.0,,,,0.25999999
112824,2020-11-20,Scott,Iowa,19163.0,9830,69.0,340.0,,,,0.27200001
112825,2020-11-21,Scott,Iowa,19163.0,10087,75.0,257.0,,,,0.23999999
112826,2020-11-22,Scott,Iowa,19163.0,10220,75.0,133.0,,,,0.235
