,date,county,state,fips,cases,deaths,new_cases,emp_combined,emp_combined_inclow,revenue_all,spend_all
113320,2020-03-23,Wapello,Iowa,19179.0,1,0.0,0.0,,,,-0.32499999
113321,2020-03-24,Wapello,Iowa,19179.0,1,0.0,0.0,,,,-0.35299999
113322,2020-03-25,Wapello,Iowa,19179.0,1,0.0,0.0,,,,-0.31600001
113323,2020-03-26,Wapello,Iowa,19179.0,1,0.0,0.0,,,,-0.317
113324,2020-03-27,Wapello,Iowa,19179.0,1,0.0,0.0,,,,-0.322
113325,2020-03-28,Wapello,Iowa,19179.0,1,0.0,0.0,,,,-0.32699999
113326,2020-03-29,Wapello,Iowa,19179.0,1,0.0,0.0,,,,-0.32100001
113327,2020-03-30,Wapello,Iowa,19179.0,1,0.0,0.0,,,,-0.322
113328,2020-03-31,Wapello,Iowa,19179.0,1,0.0,0.0,,,,-0.308
113329,2020-04-01,Wapello,Iowa,19179.0,1,0.0,0.0,,,,-0.31299999
113330,2020-04-02,Wapello,Iowa,19179.0,1,0.0,0.0,,,,-0.32499999
113331,2020-04-03,Wapello,Iowa,19179.0,1,0.0,0.0,,,,-0.27399999
113332,2020-04-04,Wapello,Iowa,19179.0,1,0.0,0.0,,,,-0.27700001
113333,2020-04-05,Wapello,Iowa,19179.0,1,0.0,0.0,,,,-0.233
113334,2020-04-06,Wapello,Iowa,19179.0,2,0.0,1.0,,,,-0.22899999999999998
113335,2020-04-07,Wapello,Iowa,19179.0,2,0.0,0.0,,,,-0.242
113336,2020-04-08,Wapello,Iowa,19179.0,2,0.0,0.0,,,,-0.24100000000000002
113337,2020-04-09,Wapello,Iowa,19179.0,2,0.0,0.0,,,,-0.23999999
113338,2020-04-10,Wapello,Iowa,19179.0,3,0.0,1.0,,,,-0.33399999
113339,2020-04-11,Wapello,Iowa,19179.0,4,0.0,1.0,,,,-0.34
113340,2020-04-12,Wapello,Iowa,19179.0,4,0.0,0.0,,,,-0.41499999
113341,2020-04-13,Wapello,Iowa,19179.0,6,0.0,2.0,,,,-0.42399999
113342,2020-04-14,Wapello,Iowa,19179.0,7,0.0,1.0,,,,-0.42699999
113343,2020-04-15,Wapello,Iowa,19179.0,7,0.0,0.0,,,,-0.44
113344,2020-04-16,Wapello,Iowa,19179.0,6,0.0,-1.0,,,,-0.44400001
113345,2020-04-17,Wapello,Iowa,19179.0,6,0.0,0.0,,,,-0.38
113346,2020-04-18,Wapello,Iowa,19179.0,7,0.0,1.0,,,,-0.375
113347,2020-04-19,Wapello,Iowa,19179.0,7,0.0,0.0,,,,-0.331
113348,2020-04-20,Wapello,Iowa,19179.0,7,0.0,0.0,,,,-0.32600001
113349,2020-04-21,Wapello,Iowa,19179.0,7,0.0,0.0,,,,-0.31200001
113350,2020-04-22,Wapello,Iowa,19179.0,7,0.0,0.0,,,,-0.33399999
113351,2020-04-23,Wapello,Iowa,19179.0,7,0.0,0.0,,,,-0.32699999
113352,2020-04-24,Wapello,Iowa,19179.0,8,0.0,1.0,,,,-0.375
113353,2020-04-25,Wapello,Iowa,19179.0,8,0.0,0.0,,,,-0.39399999
113354,2020-04-26,Wapello,Iowa,19179.0,10,0.0,2.0,,,,-0.37
113355,2020-04-27,Wapello,Iowa,19179.0,10,0.0,0.0,,,,-0.34700000000000003
113356,2020-04-28,Wapello,Iowa,19179.0,10,0.0,0.0,,,,-0.29600000000000004
113357,2020-04-29,Wapello,Iowa,19179.0,10,0.0,0.0,,,,-0.25799999
113358,2020-04-30,Wapello,Iowa,19179.0,10,0.0,0.0,,,,-0.16699999999999998
113359,2020-05-01,Wapello,Iowa,19179.0,17,0.0,7.0,,,,-0.12
113360,2020-05-02,Wapello,Iowa,19179.0,27,0.0,10.0,,,,-0.077500001
113361,2020-05-03,Wapello,Iowa,19179.0,61,0.0,34.0,,,,-0.088600002
113362,2020-05-04,Wapello,Iowa,19179.0,94,0.0,33.0,,,,-0.0482
113363,2020-05-05,Wapello,Iowa,19179.0,108,0.0,14.0,,,,-0.051399997999999995
113364,2020-05-06,Wapello,Iowa,19179.0,125,0.0,17.0,,,,-0.0427
113365,2020-05-07,Wapello,Iowa,19179.0,165,0.0,40.0,,,,-0.0854
113366,2020-05-08,Wapello,Iowa,19179.0,192,0.0,27.0,,,,-0.11800000000000001
113367,2020-05-09,Wapello,Iowa,19179.0,212,0.0,20.0,,,,-0.18600000000000003
113368,2020-05-10,Wapello,Iowa,19179.0,218,0.0,6.0,,,,-0.19599999
113369,2020-05-11,Wapello,Iowa,19179.0,259,0.0,41.0,,,,-0.27700001
113370,2020-05-12,Wapello,Iowa,19179.0,283,0.0,24.0,,,,-0.28400001
113371,2020-05-13,Wapello,Iowa,19179.0,306,2.0,23.0,,,,-0.32699999
113372,2020-05-14,Wapello,Iowa,19179.0,328,2.0,22.0,,,,-0.35499999
113373,2020-05-15,Wapello,Iowa,19179.0,350,2.0,22.0,,,,-0.34900001
113374,2020-05-16,Wapello,Iowa,19179.0,360,2.0,10.0,,,,-0.31
113375,2020-05-17,Wapello,Iowa,19179.0,379,2.0,19.0,,,,-0.34599999
113376,2020-05-18,Wapello,Iowa,19179.0,396,2.0,17.0,,,,-0.28099999
113377,2020-05-19,Wapello,Iowa,19179.0,405,2.0,9.0,,,,-0.28999999
113378,2020-05-20,Wapello,Iowa,19179.0,420,3.0,15.0,,,,-0.273
113379,2020-05-21,Wapello,Iowa,19179.0,450,3.0,30.0,,,,-0.223
113380,2020-05-22,Wapello,Iowa,19179.0,462,3.0,12.0,,,,-0.20600000000000002
113381,2020-05-23,Wapello,Iowa,19179.0,462,3.0,0.0,,,,-0.15700001
113382,2020-05-24,Wapello,Iowa,19179.0,511,4.0,49.0,,,,-0.09650000199999999
113383,2020-05-25,Wapello,Iowa,19179.0,514,4.0,3.0,,,,-0.033
113384,2020-05-26,Wapello,Iowa,19179.0,517,4.0,3.0,,,,-0.048099998
113385,2020-05-27,Wapello,Iowa,19179.0,540,4.0,23.0,,,,-0.124
113386,2020-05-28,Wapello,Iowa,19179.0,548,7.0,8.0,,,,-0.22
113387,2020-05-29,Wapello,Iowa,19179.0,556,8.0,8.0,,,,-0.26100001
113388,2020-05-30,Wapello,Iowa,19179.0,577,9.0,21.0,,,,-0.28099999
113389,2020-05-31,Wapello,Iowa,19179.0,595,10.0,18.0,,,,-0.317
113390,2020-06-01,Wapello,Iowa,19179.0,600,12.0,5.0,,,,-0.36700001
113391,2020-06-02,Wapello,Iowa,19179.0,610,13.0,10.0,,,,-0.42699999
113392,2020-06-03,Wapello,Iowa,19179.0,615,14.0,5.0,,,,-0.34700000000000003
113393,2020-06-04,Wapello,Iowa,19179.0,630,14.0,15.0,,,,-0.26699999
113394,2020-06-05,Wapello,Iowa,19179.0,640,15.0,10.0,,,,-0.23600000000000002
113395,2020-06-06,Wapello,Iowa,19179.0,641,16.0,1.0,,,,-0.22
113396,2020-06-07,Wapello,Iowa,19179.0,648,18.0,7.0,,,,-0.21100000000000002
113397,2020-06-08,Wapello,Iowa,19179.0,654,21.0,6.0,,,,-0.213
113398,2020-06-09,Wapello,Iowa,19179.0,658,21.0,4.0,,,,-0.18700001
113399,2020-06-10,Wapello,Iowa,19179.0,660,23.0,2.0,,,,-0.24100000000000002
113400,2020-06-11,Wapello,Iowa,19179.0,668,24.0,8.0,,,,-0.26300001
113401,2020-06-12,Wapello,Iowa,19179.0,672,26.0,4.0,,,,-0.244
113402,2020-06-13,Wapello,Iowa,19179.0,674,26.0,2.0,,,,-0.22400001
113403,2020-06-14,Wapello,Iowa,19179.0,675,26.0,1.0,,,,-0.17900001
113404,2020-06-15,Wapello,Iowa,19179.0,675,26.0,0.0,,,,-0.171
113405,2020-06-16,Wapello,Iowa,19179.0,677,26.0,2.0,,,,-0.15000001
113406,2020-06-17,Wapello,Iowa,19179.0,679,26.0,2.0,,,,-0.163
113407,2020-06-18,Wapello,Iowa,19179.0,681,26.0,2.0,,,,-0.097099997
113408,2020-06-19,Wapello,Iowa,19179.0,681,27.0,0.0,,,,-0.097400002
113409,2020-06-20,Wapello,Iowa,19179.0,682,27.0,1.0,,,,-0.163
113410,2020-06-21,Wapello,Iowa,19179.0,689,27.0,7.0,,,,-0.21600001
113411,2020-06-22,Wapello,Iowa,19179.0,689,27.0,0.0,,,,-0.16399999999999998
113412,2020-06-23,Wapello,Iowa,19179.0,689,28.0,0.0,,,,-0.175
113413,2020-06-24,Wapello,Iowa,19179.0,692,28.0,3.0,,,,-0.10800000000000001
113414,2020-06-25,Wapello,Iowa,19179.0,692,28.0,0.0,,,,-0.22400001
113415,2020-06-26,Wapello,Iowa,19179.0,694,29.0,2.0,,,,-0.22
113416,2020-06-27,Wapello,Iowa,19179.0,694,29.0,0.0,,,,-0.28799999
113417,2020-06-28,Wapello,Iowa,19179.0,696,29.0,2.0,,,,-0.278
113418,2020-06-29,Wapello,Iowa,19179.0,699,30.0,3.0,,,,-0.303
113419,2020-06-30,Wapello,Iowa,19179.0,700,30.0,1.0,,,,-0.27000001
113420,2020-07-01,Wapello,Iowa,19179.0,701,30.0,1.0,,,,-0.29899999
113421,2020-07-02,Wapello,Iowa,19179.0,702,30.0,1.0,,,,-0.28600001
113422,2020-07-03,Wapello,Iowa,19179.0,705,30.0,3.0,,,,-0.32899999999999996
113423,2020-07-04,Wapello,Iowa,19179.0,707,30.0,2.0,,,,-0.24699999
113424,2020-07-05,Wapello,Iowa,19179.0,708,30.0,1.0,,,,-0.264
113425,2020-07-06,Wapello,Iowa,19179.0,708,30.0,0.0,,,,-0.24600001
113426,2020-07-07,Wapello,Iowa,19179.0,708,30.0,0.0,,,,-0.25099999
113427,2020-07-08,Wapello,Iowa,19179.0,712,31.0,4.0,,,,-0.228
113428,2020-07-09,Wapello,Iowa,19179.0,712,31.0,0.0,,,,-0.11
113429,2020-07-10,Wapello,Iowa,19179.0,714,31.0,2.0,,,,-0.13600001
113430,2020-07-11,Wapello,Iowa,19179.0,714,31.0,0.0,,,,-0.026799998999999998
113431,2020-07-12,Wapello,Iowa,19179.0,715,31.0,1.0,,,,0.0128
113432,2020-07-13,Wapello,Iowa,19179.0,716,31.0,1.0,,,,0.0232
113433,2020-07-14,Wapello,Iowa,19179.0,715,31.0,-1.0,,,,-0.039799998999999996
113434,2020-07-15,Wapello,Iowa,19179.0,717,31.0,2.0,,,,-0.06570000200000001
113435,2020-07-16,Wapello,Iowa,19179.0,726,31.0,9.0,,,,-0.115
113436,2020-07-17,Wapello,Iowa,19179.0,726,31.0,0.0,,,,-0.074299999
113437,2020-07-18,Wapello,Iowa,19179.0,731,31.0,5.0,,,,-0.127
113438,2020-07-19,Wapello,Iowa,19179.0,738,31.0,7.0,,,,-0.15000001
113439,2020-07-20,Wapello,Iowa,19179.0,746,31.0,8.0,,,,-0.17900001
113440,2020-07-21,Wapello,Iowa,19179.0,757,31.0,11.0,,,,-0.11699999999999999
113441,2020-07-22,Wapello,Iowa,19179.0,769,31.0,12.0,,,,-0.0502
113442,2020-07-23,Wapello,Iowa,19179.0,773,31.0,4.0,,,,-0.086000003
113443,2020-07-24,Wapello,Iowa,19179.0,777,31.0,4.0,,,,-0.132
113444,2020-07-25,Wapello,Iowa,19179.0,781,31.0,4.0,,,,-0.064900003
113445,2020-07-26,Wapello,Iowa,19179.0,788,31.0,7.0,,,,-0.0359
113446,2020-07-27,Wapello,Iowa,19179.0,796,31.0,8.0,,,,-0.031800002
113447,2020-07-28,Wapello,Iowa,19179.0,808,31.0,12.0,,,,-0.0748
113448,2020-07-29,Wapello,Iowa,19179.0,812,31.0,4.0,,,,-0.13600001
113449,2020-07-30,Wapello,Iowa,19179.0,821,31.0,9.0,,,,-0.139
113450,2020-07-31,Wapello,Iowa,19179.0,827,31.0,6.0,,,,-0.13600001
113451,2020-08-01,Wapello,Iowa,19179.0,829,31.0,2.0,,,,-0.115
113452,2020-08-02,Wapello,Iowa,19179.0,845,31.0,16.0,,,,-0.125
113453,2020-08-03,Wapello,Iowa,19179.0,849,32.0,4.0,,,,-0.18099999
113454,2020-08-04,Wapello,Iowa,19179.0,850,32.0,1.0,,,,-0.134
113455,2020-08-05,Wapello,Iowa,19179.0,866,33.0,16.0,,,,-0.0228
113456,2020-08-06,Wapello,Iowa,19179.0,872,33.0,6.0,,,,-0.106
113457,2020-08-07,Wapello,Iowa,19179.0,876,33.0,4.0,,,,-0.060400002
113458,2020-08-08,Wapello,Iowa,19179.0,880,33.0,4.0,,,,-0.097099997
113459,2020-08-09,Wapello,Iowa,19179.0,900,33.0,20.0,,,,-0.15700001
113460,2020-08-10,Wapello,Iowa,19179.0,904,33.0,4.0,,,,-0.09539999800000001
113461,2020-08-11,Wapello,Iowa,19179.0,905,33.0,1.0,,,,-0.149
113462,2020-08-12,Wapello,Iowa,19179.0,927,33.0,22.0,,,,-0.213
113463,2020-08-13,Wapello,Iowa,19179.0,936,36.0,9.0,,,,-0.121
113464,2020-08-14,Wapello,Iowa,19179.0,943,36.0,7.0,,,,-0.149
113465,2020-08-15,Wapello,Iowa,19179.0,947,37.0,4.0,,,,-0.15800001
113466,2020-08-16,Wapello,Iowa,19179.0,955,37.0,8.0,,,,-0.12800001
113467,2020-08-17,Wapello,Iowa,19179.0,959,38.0,4.0,,,,-0.154
113468,2020-08-18,Wapello,Iowa,19179.0,968,38.0,9.0,,,,-0.21600001
113469,2020-08-19,Wapello,Iowa,19179.0,970,39.0,2.0,,,,-0.24600001
113470,2020-08-20,Wapello,Iowa,19179.0,982,39.0,12.0,,,,-0.25299999
113471,2020-08-21,Wapello,Iowa,19179.0,991,43.0,9.0,,,,-0.25299999
113472,2020-08-22,Wapello,Iowa,19179.0,1000,43.0,9.0,,,,-0.28600001
113473,2020-08-23,Wapello,Iowa,19179.0,1007,43.0,7.0,,,,-0.278
113474,2020-08-24,Wapello,Iowa,19179.0,1021,45.0,14.0,,,,-0.27599999
113475,2020-08-25,Wapello,Iowa,19179.0,1030,45.0,9.0,,,,-0.29699999
113476,2020-08-26,Wapello,Iowa,19179.0,1042,46.0,12.0,,,,-0.30599999
113477,2020-08-27,Wapello,Iowa,19179.0,1053,48.0,11.0,,,,-0.336
113478,2020-08-28,Wapello,Iowa,19179.0,1067,49.0,14.0,,,,-0.24600001
113479,2020-08-29,Wapello,Iowa,19179.0,1071,49.0,4.0,,,,-0.235
113480,2020-08-30,Wapello,Iowa,19179.0,1082,49.0,11.0,,,,-0.27500001
113481,2020-08-31,Wapello,Iowa,19179.0,1087,50.0,5.0,,,,-0.273
113482,2020-09-01,Wapello,Iowa,19179.0,1089,51.0,2.0,,,,-0.30899999
113483,2020-09-02,Wapello,Iowa,19179.0,1096,51.0,7.0,,,,-0.29499999
113484,2020-09-03,Wapello,Iowa,19179.0,1105,51.0,9.0,,,,-0.21600001
113485,2020-09-04,Wapello,Iowa,19179.0,1117,54.0,12.0,,,,-0.18899999999999997
113486,2020-09-05,Wapello,Iowa,19179.0,1124,54.0,7.0,,,,-0.294
113487,2020-09-06,Wapello,Iowa,19179.0,1128,54.0,4.0,,,,-0.155
113488,2020-09-07,Wapello,Iowa,19179.0,1134,54.0,6.0,,,,-0.13699999
113489,2020-09-08,Wapello,Iowa,19179.0,1149,55.0,15.0,,,,-0.20900001
113490,2020-09-09,Wapello,Iowa,19179.0,1149,56.0,0.0,,,,-0.11199999999999999
113491,2020-09-10,Wapello,Iowa,19179.0,1162,56.0,13.0,,,,-0.0348
113492,2020-09-11,Wapello,Iowa,19179.0,1176,56.0,14.0,,,,0.039500002
113493,2020-09-12,Wapello,Iowa,19179.0,1184,56.0,8.0,,,,-0.071699999
113494,2020-09-13,Wapello,Iowa,19179.0,1193,56.0,9.0,,,,-0.054499999
113495,2020-09-14,Wapello,Iowa,19179.0,1199,57.0,6.0,,,,-0.064000003
113496,2020-09-15,Wapello,Iowa,19179.0,1200,57.0,1.0,,,,-0.11
113497,2020-09-16,Wapello,Iowa,19179.0,1216,57.0,16.0,,,,-0.15700001
113498,2020-09-17,Wapello,Iowa,19179.0,1223,57.0,7.0,,,,-0.39500001
113499,2020-09-18,Wapello,Iowa,19179.0,1243,57.0,20.0,,,,-0.33299999999999996
113500,2020-09-19,Wapello,Iowa,19179.0,1257,57.0,14.0,,,,-0.301
113501,2020-09-20,Wapello,Iowa,19179.0,1267,57.0,10.0,,,,-0.29300001
113502,2020-09-21,Wapello,Iowa,19179.0,1270,57.0,3.0,,,,-0.28999999
113503,2020-09-22,Wapello,Iowa,19179.0,1281,57.0,11.0,,,,-0.25600001
113504,2020-09-23,Wapello,Iowa,19179.0,1296,57.0,15.0,,,,-0.205
113505,2020-09-24,Wapello,Iowa,19179.0,1314,57.0,18.0,,,,-0.13699999
113506,2020-09-25,Wapello,Iowa,19179.0,1328,57.0,14.0,,,,-0.19699999999999998
113507,2020-09-26,Wapello,Iowa,19179.0,1333,57.0,5.0,,,,-0.175
113508,2020-09-27,Wapello,Iowa,19179.0,1334,57.0,1.0,,,,-0.175
113509,2020-09-28,Wapello,Iowa,19179.0,1339,57.0,5.0,,,,-0.16899999999999998
113510,2020-09-29,Wapello,Iowa,19179.0,1340,57.0,1.0,,,,-0.252
113511,2020-09-30,Wapello,Iowa,19179.0,1346,57.0,6.0,,,,-0.205
113512,2020-10-01,Wapello,Iowa,19179.0,1363,57.0,17.0,,,,-0.20800000000000002
113513,2020-10-02,Wapello,Iowa,19179.0,1371,57.0,8.0,,,,-0.19599999
113514,2020-10-03,Wapello,Iowa,19179.0,1375,57.0,4.0,,,,-0.245
113515,2020-10-04,Wapello,Iowa,19179.0,1384,57.0,9.0,,,,-0.25400001
113516,2020-10-05,Wapello,Iowa,19179.0,1389,57.0,5.0,,,,-0.273
113517,2020-10-06,Wapello,Iowa,19179.0,1393,58.0,4.0,,,,-0.303
113518,2020-10-07,Wapello,Iowa,19179.0,1401,58.0,8.0,,,,-0.35800001
113519,2020-10-08,Wapello,Iowa,19179.0,1405,58.0,4.0,,,,-0.414
113520,2020-10-09,Wapello,Iowa,19179.0,1415,58.0,10.0,,,,-0.43399999
113521,2020-10-10,Wapello,Iowa,19179.0,1418,59.0,3.0,,,,-0.405
113522,2020-10-11,Wapello,Iowa,19179.0,1426,59.0,8.0,,,,-0.40200001
113523,2020-10-12,Wapello,Iowa,19179.0,1432,60.0,6.0,,,,-0.495
113524,2020-10-13,Wapello,Iowa,19179.0,1440,60.0,8.0,,,,-0.37799999
113525,2020-10-14,Wapello,Iowa,19179.0,1444,60.0,4.0,,,,-0.34099999
113526,2020-10-15,Wapello,Iowa,19179.0,1453,60.0,9.0,,,,-0.33700001
113527,2020-10-16,Wapello,Iowa,19179.0,1458,62.0,5.0,,,,-0.278
113528,2020-10-17,Wapello,Iowa,19179.0,1466,62.0,8.0,,,,-0.27500001
113529,2020-10-18,Wapello,Iowa,19179.0,1470,62.0,4.0,,,,-0.315
113530,2020-10-19,Wapello,Iowa,19179.0,1474,62.0,4.0,,,,-0.391
113531,2020-10-20,Wapello,Iowa,19179.0,1475,62.0,1.0,,,,-0.39899999
113532,2020-10-21,Wapello,Iowa,19179.0,1484,62.0,9.0,,,,-0.44299999
113533,2020-10-22,Wapello,Iowa,19179.0,1497,62.0,13.0,,,,-0.41200000000000003
113534,2020-10-23,Wapello,Iowa,19179.0,1505,62.0,8.0,,,,-0.43399999
113535,2020-10-24,Wapello,Iowa,19179.0,1510,62.0,5.0,,,,-0.447
113536,2020-10-25,Wapello,Iowa,19179.0,1525,62.0,15.0,,,,-0.43799999
113537,2020-10-26,Wapello,Iowa,19179.0,1530,62.0,5.0,,,,-0.34900001
113538,2020-10-27,Wapello,Iowa,19179.0,1542,62.0,12.0,,,,-0.33199999
113539,2020-10-28,Wapello,Iowa,19179.0,1576,62.0,34.0,,,,-0.33299999999999996
113540,2020-10-29,Wapello,Iowa,19179.0,1590,62.0,14.0,,,,-0.27700001
113541,2020-10-30,Wapello,Iowa,19179.0,1611,62.0,21.0,,,,-0.30199999
113542,2020-10-31,Wapello,Iowa,19179.0,1629,62.0,18.0,,,,-0.24100000000000002
113543,2020-11-01,Wapello,Iowa,19179.0,1662,62.0,33.0,,,,-0.248
113544,2020-11-02,Wapello,Iowa,19179.0,1673,64.0,11.0,,,,-0.315
113545,2020-11-03,Wapello,Iowa,19179.0,1680,64.0,7.0,,,,-0.33399999
113546,2020-11-04,Wapello,Iowa,19179.0,1708,64.0,28.0,,,,-0.40200001
113547,2020-11-05,Wapello,Iowa,19179.0,1752,64.0,44.0,,,,-0.41499999
113548,2020-11-06,Wapello,Iowa,19179.0,1786,64.0,34.0,,,,-0.41999999
113549,2020-11-07,Wapello,Iowa,19179.0,1825,64.0,39.0,,,,-0.44299999
113550,2020-11-08,Wapello,Iowa,19179.0,1875,64.0,50.0,,,,-0.41499999
113551,2020-11-09,Wapello,Iowa,19179.0,1879,65.0,4.0,,,,-0.35600001
113552,2020-11-10,Wapello,Iowa,19179.0,1940,65.0,61.0,,,,-0.31299999
113553,2020-11-11,Wapello,Iowa,19179.0,1968,68.0,28.0,,,,-0.19499999
113554,2020-11-12,Wapello,Iowa,19179.0,2034,68.0,66.0,,,,-0.22899999999999998
113555,2020-11-13,Wapello,Iowa,19179.0,2074,69.0,40.0,,,,-0.20800000000000002
113556,2020-11-14,Wapello,Iowa,19179.0,2100,69.0,26.0,,,,-0.23600000000000002
113557,2020-11-15,Wapello,Iowa,19179.0,2147,69.0,47.0,,,,-0.20800000000000002
113558,2020-11-16,Wapello,Iowa,19179.0,2162,69.0,15.0,,,,-0.237
113559,2020-11-17,Wapello,Iowa,19179.0,2212,70.0,50.0,,,,-0.285
113560,2020-11-18,Wapello,Iowa,19179.0,2241,70.0,29.0,,,,-0.289
113561,2020-11-19,Wapello,Iowa,19179.0,2275,70.0,34.0,,,,-0.40599999
113562,2020-11-20,Wapello,Iowa,19179.0,2328,71.0,53.0,,,,-0.37099999
113563,2020-11-21,Wapello,Iowa,19179.0,2371,71.0,43.0,,,,-0.42199999
113564,2020-11-22,Wapello,Iowa,19179.0,2399,71.0,28.0,,,,-0.47200000000000003
