,date,county,state,fips,cases,deaths,new_cases,emp_combined,emp_combined_inclow,revenue_all,spend_all
113074,2020-03-22,Tama,Iowa,19171.0,3,0.0,0.0,,,,-0.33199999
113075,2020-03-23,Tama,Iowa,19171.0,3,0.0,0.0,,,,-0.31
113076,2020-03-24,Tama,Iowa,19171.0,4,0.0,1.0,,,,-0.145
113077,2020-03-25,Tama,Iowa,19171.0,4,0.0,0.0,,,,-0.245
113078,2020-03-26,Tama,Iowa,19171.0,4,0.0,0.0,,,,-0.30899999
113079,2020-03-27,Tama,Iowa,19171.0,5,0.0,1.0,,,,-0.303
113080,2020-03-28,Tama,Iowa,19171.0,8,0.0,3.0,,,,-0.37099999
113081,2020-03-29,Tama,Iowa,19171.0,9,0.0,1.0,,,,-0.36899999
113082,2020-03-30,Tama,Iowa,19171.0,10,0.0,1.0,,,,-0.60100001
113083,2020-03-31,Tama,Iowa,19171.0,11,0.0,1.0,,,,-0.713
113084,2020-04-01,Tama,Iowa,19171.0,14,0.0,3.0,,,,-0.68300003
113085,2020-04-02,Tama,Iowa,19171.0,17,0.0,3.0,,,,-0.53500003
113086,2020-04-03,Tama,Iowa,19171.0,22,0.0,5.0,,,,-0.435
113087,2020-04-04,Tama,Iowa,19171.0,29,0.0,7.0,,,,-0.47
113088,2020-04-05,Tama,Iowa,19171.0,30,0.0,1.0,,,,-0.528
113089,2020-04-06,Tama,Iowa,19171.0,35,2.0,5.0,,,,-0.491
113090,2020-04-07,Tama,Iowa,19171.0,42,2.0,7.0,,,,-0.50599998
113091,2020-04-08,Tama,Iowa,19171.0,46,2.0,4.0,,,,-0.54500002
113092,2020-04-09,Tama,Iowa,19171.0,63,2.0,17.0,,,,-0.62699997
113093,2020-04-10,Tama,Iowa,19171.0,70,2.0,7.0,,,,-0.69300002
113094,2020-04-11,Tama,Iowa,19171.0,77,2.0,7.0,,,,-0.528
113095,2020-04-12,Tama,Iowa,19171.0,86,2.0,9.0,,,,-0.54900002
113096,2020-04-13,Tama,Iowa,19171.0,101,2.0,15.0,,,,-0.63999999
113097,2020-04-14,Tama,Iowa,19171.0,108,2.0,7.0,,,,-0.66299999
113098,2020-04-15,Tama,Iowa,19171.0,111,3.0,3.0,,,,-0.56400001
113099,2020-04-16,Tama,Iowa,19171.0,114,4.0,3.0,,,,-0.62300003
113100,2020-04-17,Tama,Iowa,19171.0,121,5.0,7.0,,,,-0.62199998
113101,2020-04-18,Tama,Iowa,19171.0,123,6.0,2.0,,,,-0.64099997
113102,2020-04-19,Tama,Iowa,19171.0,188,6.0,65.0,,,,-0.551
113103,2020-04-20,Tama,Iowa,19171.0,198,6.0,10.0,,,,-0.47
113104,2020-04-21,Tama,Iowa,19171.0,224,6.0,26.0,,,,-0.30599999
113105,2020-04-22,Tama,Iowa,19171.0,226,7.0,2.0,,,,-0.289
113106,2020-04-23,Tama,Iowa,19171.0,226,7.0,0.0,,,,-0.40400001
113107,2020-04-24,Tama,Iowa,19171.0,237,7.0,11.0,,,,-0.37599999
113108,2020-04-25,Tama,Iowa,19171.0,262,7.0,25.0,,,,-0.35200000000000004
113109,2020-04-26,Tama,Iowa,19171.0,265,7.0,3.0,,,,-0.384
113110,2020-04-27,Tama,Iowa,19171.0,259,7.0,-6.0,,,,-0.47099999
113111,2020-04-28,Tama,Iowa,19171.0,263,7.0,4.0,,,,-0.602
113112,2020-04-29,Tama,Iowa,19171.0,264,7.0,1.0,,,,-0.62
113113,2020-04-30,Tama,Iowa,19171.0,266,7.0,2.0,,,,-0.32600001
113114,2020-05-01,Tama,Iowa,19171.0,270,7.0,4.0,,,,-0.078900002
113115,2020-05-02,Tama,Iowa,19171.0,278,8.0,8.0,,,,-0.31099999
113116,2020-05-03,Tama,Iowa,19171.0,286,8.0,8.0,,,,-0.28299999
113117,2020-05-04,Tama,Iowa,19171.0,292,8.0,6.0,,,,-0.245
113118,2020-05-05,Tama,Iowa,19171.0,297,11.0,5.0,,,,-0.31400001
113119,2020-05-06,Tama,Iowa,19171.0,303,11.0,6.0,,,,0.38699999
113120,2020-05-07,Tama,Iowa,19171.0,321,11.0,18.0,,,,-0.345
113121,2020-05-08,Tama,Iowa,19171.0,322,11.0,1.0,,,,-0.36000001
113122,2020-05-09,Tama,Iowa,19171.0,327,12.0,5.0,,,,-0.090400003
113123,2020-05-10,Tama,Iowa,19171.0,329,13.0,2.0,,,,-0.391
113124,2020-05-11,Tama,Iowa,19171.0,336,13.0,7.0,,,,-0.345
113125,2020-05-12,Tama,Iowa,19171.0,341,13.0,5.0,,,,-0.40099999
113126,2020-05-13,Tama,Iowa,19171.0,345,13.0,4.0,,,,-0.93599999
113127,2020-05-14,Tama,Iowa,19171.0,348,13.0,3.0,,,,-0.84799999
113128,2020-05-15,Tama,Iowa,19171.0,350,15.0,2.0,,,,-0.75099999
113129,2020-05-16,Tama,Iowa,19171.0,354,16.0,4.0,,,,-0.63
113130,2020-05-17,Tama,Iowa,19171.0,356,17.0,2.0,,,,-0.428
113131,2020-05-18,Tama,Iowa,19171.0,358,17.0,2.0,,,,-0.435
113132,2020-05-19,Tama,Iowa,19171.0,362,18.0,4.0,,,,-0.50400001
113133,2020-05-20,Tama,Iowa,19171.0,374,21.0,12.0,,,,-0.57200003
113134,2020-05-21,Tama,Iowa,19171.0,378,23.0,4.0,,,,-0.49000001
113135,2020-05-22,Tama,Iowa,19171.0,384,23.0,6.0,,,,-0.43599999
113136,2020-05-23,Tama,Iowa,19171.0,384,23.0,0.0,,,,-0.34900001
113137,2020-05-24,Tama,Iowa,19171.0,392,23.0,8.0,,,,-0.45199999
113138,2020-05-25,Tama,Iowa,19171.0,395,23.0,3.0,,,,-0.46200001
113139,2020-05-26,Tama,Iowa,19171.0,400,24.0,5.0,,,,-0.46000001
113140,2020-05-27,Tama,Iowa,19171.0,400,26.0,0.0,,,,-0.38699999
113141,2020-05-28,Tama,Iowa,19171.0,400,26.0,0.0,,,,-0.27700001
113142,2020-05-29,Tama,Iowa,19171.0,401,27.0,1.0,,,,-0.40900001
113143,2020-05-30,Tama,Iowa,19171.0,403,27.0,2.0,,,,-0.50599998
113144,2020-05-31,Tama,Iowa,19171.0,403,27.0,0.0,,,,-0.44
113145,2020-06-01,Tama,Iowa,19171.0,404,27.0,1.0,,,,-0.47299999
113146,2020-06-02,Tama,Iowa,19171.0,405,27.0,1.0,,,,-0.38600001
113147,2020-06-03,Tama,Iowa,19171.0,408,28.0,3.0,,,,-0.51599997
113148,2020-06-04,Tama,Iowa,19171.0,411,29.0,3.0,,,,-0.57999998
113149,2020-06-05,Tama,Iowa,19171.0,412,29.0,1.0,,,,-0.42399999
113150,2020-06-06,Tama,Iowa,19171.0,415,29.0,3.0,,,,-0.42199999
113151,2020-06-07,Tama,Iowa,19171.0,416,29.0,1.0,,,,-0.41499999
113152,2020-06-08,Tama,Iowa,19171.0,417,29.0,1.0,,,,-0.43900001
113153,2020-06-09,Tama,Iowa,19171.0,417,29.0,0.0,,,,-0.47600001
113154,2020-06-10,Tama,Iowa,19171.0,418,29.0,1.0,,,,-0.45799999999999996
113155,2020-06-11,Tama,Iowa,19171.0,426,29.0,8.0,,,,-0.43399999
113156,2020-06-12,Tama,Iowa,19171.0,427,29.0,1.0,,,,-0.384
113157,2020-06-13,Tama,Iowa,19171.0,427,29.0,0.0,,,,-0.46599999
113158,2020-06-14,Tama,Iowa,19171.0,427,29.0,0.0,,,,-0.50700003
113159,2020-06-15,Tama,Iowa,19171.0,429,29.0,2.0,,,,-0.39500001
113160,2020-06-16,Tama,Iowa,19171.0,429,29.0,0.0,,,,-0.38800001
113161,2020-06-17,Tama,Iowa,19171.0,429,29.0,0.0,,,,-0.36199999
113162,2020-06-18,Tama,Iowa,19171.0,429,29.0,0.0,,,,-0.46000001
113163,2020-06-19,Tama,Iowa,19171.0,430,29.0,1.0,,,,-0.53600001
113164,2020-06-20,Tama,Iowa,19171.0,430,29.0,0.0,,,,-0.44800001
113165,2020-06-21,Tama,Iowa,19171.0,431,29.0,1.0,,,,-0.528
113166,2020-06-22,Tama,Iowa,19171.0,432,29.0,1.0,,,,-0.59899998
113167,2020-06-23,Tama,Iowa,19171.0,432,29.0,0.0,,,,-0.42300001
113168,2020-06-24,Tama,Iowa,19171.0,433,29.0,1.0,,,,-0.56300002
113169,2020-06-25,Tama,Iowa,19171.0,433,29.0,0.0,,,,-0.54799998
113170,2020-06-26,Tama,Iowa,19171.0,435,29.0,2.0,,,,-0.55400002
113171,2020-06-27,Tama,Iowa,19171.0,438,29.0,3.0,,,,-0.588
113172,2020-06-28,Tama,Iowa,19171.0,438,29.0,0.0,,,,-0.51200002
113173,2020-06-29,Tama,Iowa,19171.0,439,29.0,1.0,,,,-0.56400001
113174,2020-06-30,Tama,Iowa,19171.0,445,29.0,6.0,,,,-0.6990000000000001
113175,2020-07-01,Tama,Iowa,19171.0,451,29.0,6.0,,,,-0.50599998
113176,2020-07-02,Tama,Iowa,19171.0,458,29.0,7.0,,,,-0.495
113177,2020-07-03,Tama,Iowa,19171.0,460,29.0,2.0,,,,-0.49599999
113178,2020-07-04,Tama,Iowa,19171.0,463,29.0,3.0,,,,-0.42100000000000004
113179,2020-07-05,Tama,Iowa,19171.0,465,29.0,2.0,,,,-0.47799999
113180,2020-07-06,Tama,Iowa,19171.0,465,29.0,0.0,,,,-0.53399998
113181,2020-07-07,Tama,Iowa,19171.0,468,29.0,3.0,,,,-0.60600001
113182,2020-07-08,Tama,Iowa,19171.0,473,29.0,5.0,,,,-0.60299999
113183,2020-07-09,Tama,Iowa,19171.0,478,29.0,5.0,,,,-0.57300001
113184,2020-07-10,Tama,Iowa,19171.0,483,29.0,5.0,,,,-0.62699997
113185,2020-07-11,Tama,Iowa,19171.0,484,29.0,1.0,,,,-0.62800002
113186,2020-07-12,Tama,Iowa,19171.0,487,29.0,3.0,,,,-0.53899997
113187,2020-07-13,Tama,Iowa,19171.0,488,29.0,1.0,,,,-0.426
113188,2020-07-14,Tama,Iowa,19171.0,490,29.0,2.0,,,,-0.28200001
113189,2020-07-15,Tama,Iowa,19171.0,493,29.0,3.0,,,,-0.37799999
113190,2020-07-16,Tama,Iowa,19171.0,500,29.0,7.0,,,,-0.43700001
113191,2020-07-17,Tama,Iowa,19171.0,503,29.0,3.0,,,,-0.29899999
113192,2020-07-18,Tama,Iowa,19171.0,507,29.0,4.0,,,,-0.23800001
113193,2020-07-19,Tama,Iowa,19171.0,509,29.0,2.0,,,,-0.25
113194,2020-07-20,Tama,Iowa,19171.0,510,29.0,1.0,,,,-0.22699999999999998
113195,2020-07-21,Tama,Iowa,19171.0,511,29.0,1.0,,,,-0.42899999
113196,2020-07-22,Tama,Iowa,19171.0,513,29.0,2.0,,,,-0.336
113197,2020-07-23,Tama,Iowa,19171.0,514,29.0,1.0,,,,-0.35100001
113198,2020-07-24,Tama,Iowa,19171.0,517,29.0,3.0,,,,-0.442
113199,2020-07-25,Tama,Iowa,19171.0,519,29.0,2.0,,,,-0.47499999
113200,2020-07-26,Tama,Iowa,19171.0,520,29.0,1.0,,,,-0.537
113201,2020-07-27,Tama,Iowa,19171.0,521,29.0,1.0,,,,-0.61000001
113202,2020-07-28,Tama,Iowa,19171.0,524,29.0,3.0,,,,-0.50800002
113203,2020-07-29,Tama,Iowa,19171.0,529,29.0,5.0,,,,-0.53899997
113204,2020-07-30,Tama,Iowa,19171.0,532,29.0,3.0,,,,-0.51700002
113205,2020-07-31,Tama,Iowa,19171.0,534,29.0,2.0,,,,-0.43000001
113206,2020-08-01,Tama,Iowa,19171.0,535,29.0,1.0,,,,-0.391
113207,2020-08-02,Tama,Iowa,19171.0,537,29.0,2.0,,,,-0.47299999
113208,2020-08-03,Tama,Iowa,19171.0,537,29.0,0.0,,,,-0.23
113209,2020-08-04,Tama,Iowa,19171.0,539,29.0,2.0,,,,-0.249
113210,2020-08-05,Tama,Iowa,19171.0,543,29.0,4.0,,,,-0.25400001
113211,2020-08-06,Tama,Iowa,19171.0,545,29.0,2.0,,,,-0.20299999
113212,2020-08-07,Tama,Iowa,19171.0,547,29.0,2.0,,,,-0.27700001
113213,2020-08-08,Tama,Iowa,19171.0,548,29.0,1.0,,,,-0.32300001
113214,2020-08-09,Tama,Iowa,19171.0,551,29.0,3.0,,,,-0.26499999
113215,2020-08-10,Tama,Iowa,19171.0,553,29.0,2.0,,,,-0.48199999
113216,2020-08-11,Tama,Iowa,19171.0,554,29.0,1.0,,,,-0.56699997
113217,2020-08-12,Tama,Iowa,19171.0,556,29.0,2.0,,,,-0.53100002
113218,2020-08-13,Tama,Iowa,19171.0,560,29.0,4.0,,,,-0.51599997
113219,2020-08-14,Tama,Iowa,19171.0,561,29.0,1.0,,,,-0.48300001
113220,2020-08-15,Tama,Iowa,19171.0,562,29.0,1.0,,,,-0.49000001
113221,2020-08-16,Tama,Iowa,19171.0,562,29.0,0.0,,,,-0.43200001
113222,2020-08-17,Tama,Iowa,19171.0,562,29.0,0.0,,,,-0.40700001
113223,2020-08-18,Tama,Iowa,19171.0,563,29.0,1.0,,,,-0.50999999
113224,2020-08-19,Tama,Iowa,19171.0,572,29.0,9.0,,,,-0.45399999999999996
113225,2020-08-20,Tama,Iowa,19171.0,577,29.0,5.0,,,,-0.33399999
113226,2020-08-21,Tama,Iowa,19171.0,582,29.0,5.0,,,,-0.31600001
113227,2020-08-22,Tama,Iowa,19171.0,582,29.0,0.0,,,,-0.33899999
113228,2020-08-23,Tama,Iowa,19171.0,584,29.0,2.0,,,,-0.49900001
113229,2020-08-24,Tama,Iowa,19171.0,586,29.0,2.0,,,,-0.64899999
113230,2020-08-25,Tama,Iowa,19171.0,590,29.0,4.0,,,,-0.37900001
113231,2020-08-26,Tama,Iowa,19171.0,601,29.0,11.0,,,,-0.222
113232,2020-08-27,Tama,Iowa,19171.0,610,29.0,9.0,,,,-0.45899999
113233,2020-08-28,Tama,Iowa,19171.0,614,29.0,4.0,,,,-0.56400001
113234,2020-08-29,Tama,Iowa,19171.0,619,29.0,5.0,,,,-0.49399999
113235,2020-08-30,Tama,Iowa,19171.0,622,29.0,3.0,,,,-0.442
113236,2020-08-31,Tama,Iowa,19171.0,623,29.0,1.0,,,,-0.52499998
113237,2020-09-01,Tama,Iowa,19171.0,623,29.0,0.0,,,,-0.62199998
113238,2020-09-02,Tama,Iowa,19171.0,628,29.0,5.0,,,,-0.73400003
113239,2020-09-03,Tama,Iowa,19171.0,645,29.0,17.0,,,,-0.53600001
113240,2020-09-04,Tama,Iowa,19171.0,646,29.0,1.0,,,,-0.35699999
113241,2020-09-05,Tama,Iowa,19171.0,649,29.0,3.0,,,,-0.39399999
113242,2020-09-06,Tama,Iowa,19171.0,652,29.0,3.0,,,,-0.289
113243,2020-09-07,Tama,Iowa,19171.0,652,29.0,0.0,,,,-0.27000001
113244,2020-09-08,Tama,Iowa,19171.0,655,30.0,3.0,,,,-0.19699999999999998
113245,2020-09-09,Tama,Iowa,19171.0,657,30.0,2.0,,,,-0.15700001
113246,2020-09-10,Tama,Iowa,19171.0,662,30.0,5.0,,,,-0.14
113247,2020-09-11,Tama,Iowa,19171.0,665,30.0,3.0,,,,-0.31299999
113248,2020-09-12,Tama,Iowa,19171.0,670,30.0,5.0,,,,-0.29699999
113249,2020-09-13,Tama,Iowa,19171.0,671,30.0,1.0,,,,-0.22499999
113250,2020-09-14,Tama,Iowa,19171.0,673,30.0,2.0,,,,-0.214
113251,2020-09-15,Tama,Iowa,19171.0,673,30.0,0.0,,,,-0.486
113252,2020-09-16,Tama,Iowa,19171.0,676,30.0,3.0,,,,-0.49000001
113253,2020-09-17,Tama,Iowa,19171.0,680,31.0,4.0,,,,-0.37599999
113254,2020-09-18,Tama,Iowa,19171.0,685,31.0,5.0,,,,-0.34200001
113255,2020-09-19,Tama,Iowa,19171.0,687,31.0,2.0,,,,-0.40599999
113256,2020-09-20,Tama,Iowa,19171.0,690,31.0,3.0,,,,-0.48699999
113257,2020-09-21,Tama,Iowa,19171.0,694,31.0,4.0,,,,-0.48500001
113258,2020-09-22,Tama,Iowa,19171.0,696,31.0,2.0,,,,-0.35699999
113259,2020-09-23,Tama,Iowa,19171.0,699,31.0,3.0,,,,-0.249
113260,2020-09-24,Tama,Iowa,19171.0,704,31.0,5.0,,,,-0.336
113261,2020-09-25,Tama,Iowa,19171.0,708,31.0,4.0,,,,-0.48300001
113262,2020-09-26,Tama,Iowa,19171.0,713,31.0,5.0,,,,-0.43599999
113263,2020-09-27,Tama,Iowa,19171.0,732,31.0,19.0,,,,-0.31400001
113264,2020-09-28,Tama,Iowa,19171.0,739,32.0,7.0,,,,-0.35299999
113265,2020-09-29,Tama,Iowa,19171.0,753,32.0,14.0,,,,-0.43000001
113266,2020-09-30,Tama,Iowa,19171.0,757,32.0,4.0,,,,-0.59500003
113267,2020-10-01,Tama,Iowa,19171.0,769,32.0,12.0,,,,-0.60299999
113268,2020-10-02,Tama,Iowa,19171.0,789,32.0,20.0,,,,-0.43099999
113269,2020-10-03,Tama,Iowa,19171.0,791,32.0,2.0,,,,-0.45300001
113270,2020-10-04,Tama,Iowa,19171.0,791,32.0,0.0,,,,-0.51999998
113271,2020-10-05,Tama,Iowa,19171.0,793,33.0,2.0,,,,-0.52399999
113272,2020-10-06,Tama,Iowa,19171.0,810,34.0,17.0,,,,-0.52700001
113273,2020-10-07,Tama,Iowa,19171.0,821,34.0,11.0,,,,-0.50599998
113274,2020-10-08,Tama,Iowa,19171.0,829,34.0,8.0,,,,-0.37400001
113275,2020-10-09,Tama,Iowa,19171.0,841,34.0,12.0,,,,-0.32800001
113276,2020-10-10,Tama,Iowa,19171.0,848,35.0,7.0,,,,-0.25799999
113277,2020-10-11,Tama,Iowa,19171.0,853,35.0,5.0,,,,-0.29499999
113278,2020-10-12,Tama,Iowa,19171.0,856,35.0,3.0,,,,-0.29699999
113279,2020-10-13,Tama,Iowa,19171.0,864,35.0,8.0,,,,-0.317
113280,2020-10-14,Tama,Iowa,19171.0,871,35.0,7.0,,,,-0.34200001
113281,2020-10-15,Tama,Iowa,19171.0,881,36.0,10.0,,,,-0.49000001
113282,2020-10-16,Tama,Iowa,19171.0,888,36.0,7.0,,,,-0.54000002
113283,2020-10-17,Tama,Iowa,19171.0,890,36.0,2.0,,,,-0.50700003
113284,2020-10-18,Tama,Iowa,19171.0,893,36.0,3.0,,,,-0.41700000000000004
113285,2020-10-19,Tama,Iowa,19171.0,900,37.0,7.0,,,,-0.38699999
113286,2020-10-20,Tama,Iowa,19171.0,907,37.0,7.0,,,,-0.45699999
113287,2020-10-21,Tama,Iowa,19171.0,911,37.0,4.0,,,,-0.22400001
113288,2020-10-22,Tama,Iowa,19171.0,923,37.0,12.0,,,,-0.226
113289,2020-10-23,Tama,Iowa,19171.0,930,37.0,7.0,,,,-0.42199999
113290,2020-10-24,Tama,Iowa,19171.0,937,37.0,7.0,,,,-0.41700000000000004
113291,2020-10-25,Tama,Iowa,19171.0,944,37.0,7.0,,,,-0.43200001
113292,2020-10-26,Tama,Iowa,19171.0,948,37.0,4.0,,,,-0.41800001
113293,2020-10-27,Tama,Iowa,19171.0,960,37.0,12.0,,,,-0.20999999
113294,2020-10-28,Tama,Iowa,19171.0,992,37.0,32.0,,,,-0.442
113295,2020-10-29,Tama,Iowa,19171.0,1006,38.0,14.0,,,,-0.449
113296,2020-10-30,Tama,Iowa,19171.0,1025,38.0,19.0,,,,-0.27200001
113297,2020-10-31,Tama,Iowa,19171.0,1042,38.0,17.0,,,,-0.377
113298,2020-11-01,Tama,Iowa,19171.0,1054,38.0,12.0,,,,-0.38299999
113299,2020-11-02,Tama,Iowa,19171.0,1066,38.0,12.0,,,,-0.34299999
113300,2020-11-03,Tama,Iowa,19171.0,1081,38.0,15.0,,,,-0.53299999
113301,2020-11-04,Tama,Iowa,19171.0,1092,38.0,11.0,,,,-0.373
113302,2020-11-05,Tama,Iowa,19171.0,1117,38.0,25.0,,,,-0.37200001
113303,2020-11-06,Tama,Iowa,19171.0,1128,38.0,11.0,,,,-0.51300001
113304,2020-11-07,Tama,Iowa,19171.0,1155,38.0,27.0,,,,-0.546
113305,2020-11-08,Tama,Iowa,19171.0,1172,38.0,17.0,,,,-0.48699999
113306,2020-11-09,Tama,Iowa,19171.0,1196,38.0,24.0,,,,-0.42899999
113307,2020-11-10,Tama,Iowa,19171.0,1227,38.0,31.0,,,,-0.40900001
113308,2020-11-11,Tama,Iowa,19171.0,1256,38.0,29.0,,,,-0.38600001
113309,2020-11-12,Tama,Iowa,19171.0,1285,38.0,29.0,,,,-0.30199999
113310,2020-11-13,Tama,Iowa,19171.0,1303,38.0,18.0,,,,-0.147
113311,2020-11-14,Tama,Iowa,19171.0,1325,39.0,22.0,,,,-0.042399999
113312,2020-11-15,Tama,Iowa,19171.0,1338,39.0,13.0,,,,-0.28
113313,2020-11-16,Tama,Iowa,19171.0,1358,39.0,20.0,,,,-0.354
113314,2020-11-17,Tama,Iowa,19171.0,1366,39.0,8.0,,,,-0.31
113315,2020-11-18,Tama,Iowa,19171.0,1388,39.0,22.0,,,,-0.42300001
113316,2020-11-19,Tama,Iowa,19171.0,1409,39.0,21.0,,,,-0.50999999
113317,2020-11-20,Tama,Iowa,19171.0,1432,39.0,23.0,,,,-0.59299999
113318,2020-11-21,Tama,Iowa,19171.0,1445,40.0,13.0,,,,-0.56599998
113319,2020-11-22,Tama,Iowa,19171.0,1451,40.0,6.0,,,,-0.46399999
