,date,county,state,fips,cases,deaths,new_cases,emp_combined,emp_combined_inclow,revenue_all,spend_all
123230,2020-03-26,Hopkins,Kentucky,21107.0,1,0.0,0.0,,,,-0.23100001
123231,2020-03-27,Hopkins,Kentucky,21107.0,1,1.0,0.0,,,,-0.26100001
123232,2020-03-28,Hopkins,Kentucky,21107.0,2,1.0,1.0,,,,-0.23899999
123233,2020-03-29,Hopkins,Kentucky,21107.0,7,1.0,5.0,,,,-0.228
123234,2020-03-30,Hopkins,Kentucky,21107.0,11,1.0,4.0,,,,-0.222
123235,2020-03-31,Hopkins,Kentucky,21107.0,21,1.0,10.0,,,,-0.20299999
123236,2020-04-01,Hopkins,Kentucky,21107.0,21,2.0,0.0,,,,-0.22499999
123237,2020-04-02,Hopkins,Kentucky,21107.0,21,2.0,0.0,,,,-0.20900001
123238,2020-04-03,Hopkins,Kentucky,21107.0,21,2.0,0.0,,,,-0.19499999
123239,2020-04-04,Hopkins,Kentucky,21107.0,26,2.0,5.0,,,,-0.20100001
123240,2020-04-05,Hopkins,Kentucky,21107.0,33,3.0,7.0,,,,-0.191
123241,2020-04-06,Hopkins,Kentucky,21107.0,33,3.0,0.0,,,,-0.17900001
123242,2020-04-07,Hopkins,Kentucky,21107.0,38,3.0,5.0,,,,-0.17299999
123243,2020-04-08,Hopkins,Kentucky,21107.0,57,3.0,19.0,,,,-0.162
123244,2020-04-09,Hopkins,Kentucky,21107.0,78,7.0,21.0,,,,-0.15700001
123245,2020-04-10,Hopkins,Kentucky,21107.0,84,8.0,6.0,,,,-0.16
123246,2020-04-11,Hopkins,Kentucky,21107.0,88,8.0,4.0,,,,-0.15700001
123247,2020-04-12,Hopkins,Kentucky,21107.0,86,9.0,-2.0,,,,-0.18700001
123248,2020-04-13,Hopkins,Kentucky,21107.0,88,9.0,2.0,,,,-0.19699999999999998
123249,2020-04-14,Hopkins,Kentucky,21107.0,92,9.0,4.0,,,,-0.184
123250,2020-04-15,Hopkins,Kentucky,21107.0,102,10.0,10.0,,,,-0.044799998
123251,2020-04-16,Hopkins,Kentucky,21107.0,111,10.0,9.0,,,,0.0024600001
123252,2020-04-17,Hopkins,Kentucky,21107.0,117,10.0,6.0,,,,0.049699999
123253,2020-04-18,Hopkins,Kentucky,21107.0,117,10.0,0.0,,,,0.0792
123254,2020-04-19,Hopkins,Kentucky,21107.0,118,11.0,1.0,,,,0.14399999
123255,2020-04-20,Hopkins,Kentucky,21107.0,118,12.0,0.0,,,,0.17800000000000002
123256,2020-04-21,Hopkins,Kentucky,21107.0,159,18.0,41.0,,,,0.132
123257,2020-04-22,Hopkins,Kentucky,21107.0,159,18.0,0.0,,,,0.20200001
123258,2020-04-23,Hopkins,Kentucky,21107.0,170,18.0,11.0,,,,0.12
123259,2020-04-24,Hopkins,Kentucky,21107.0,171,20.0,1.0,,,,0.111
123260,2020-04-25,Hopkins,Kentucky,21107.0,175,20.0,4.0,,,,0.10300000000000001
123261,2020-04-26,Hopkins,Kentucky,21107.0,184,20.0,9.0,,,,0.102
123262,2020-04-27,Hopkins,Kentucky,21107.0,188,22.0,4.0,,,,0.11
123263,2020-04-28,Hopkins,Kentucky,21107.0,192,24.0,4.0,,,,0.062899999
123264,2020-04-29,Hopkins,Kentucky,21107.0,193,23.0,1.0,,,,0.064400002
123265,2020-04-30,Hopkins,Kentucky,21107.0,197,23.0,4.0,,,,0.097400002
123266,2020-05-01,Hopkins,Kentucky,21107.0,201,23.0,4.0,,,,0.15099999
123267,2020-05-02,Hopkins,Kentucky,21107.0,201,23.0,0.0,,,,0.147
123268,2020-05-03,Hopkins,Kentucky,21107.0,207,23.0,6.0,,,,0.115
123269,2020-05-04,Hopkins,Kentucky,21107.0,207,23.0,0.0,,,,0.111
123270,2020-05-05,Hopkins,Kentucky,21107.0,207,24.0,0.0,,,,0.147
123271,2020-05-06,Hopkins,Kentucky,21107.0,211,24.0,4.0,,,,0.17399999
123272,2020-05-07,Hopkins,Kentucky,21107.0,212,24.0,1.0,,,,0.17800000000000002
123273,2020-05-08,Hopkins,Kentucky,21107.0,213,25.0,1.0,,,,0.17399999
123274,2020-05-09,Hopkins,Kentucky,21107.0,214,25.0,1.0,,,,0.17
123275,2020-05-10,Hopkins,Kentucky,21107.0,214,25.0,0.0,,,,0.19699999999999998
123276,2020-05-11,Hopkins,Kentucky,21107.0,215,27.0,1.0,,,,0.191
123277,2020-05-12,Hopkins,Kentucky,21107.0,216,28.0,1.0,,,,0.17
123278,2020-05-13,Hopkins,Kentucky,21107.0,217,28.0,1.0,,,,0.16899999999999998
123279,2020-05-14,Hopkins,Kentucky,21107.0,218,28.0,1.0,,,,0.161
123280,2020-05-15,Hopkins,Kentucky,21107.0,217,28.0,-1.0,,,,0.171
123281,2020-05-16,Hopkins,Kentucky,21107.0,217,28.0,0.0,,,,0.17299999
123282,2020-05-17,Hopkins,Kentucky,21107.0,217,28.0,0.0,,,,0.184
123283,2020-05-18,Hopkins,Kentucky,21107.0,217,28.0,0.0,,,,0.20800000000000002
123284,2020-05-19,Hopkins,Kentucky,21107.0,217,28.0,0.0,,,,0.228
123285,2020-05-20,Hopkins,Kentucky,21107.0,218,28.0,1.0,,,,0.21100000000000002
123286,2020-05-21,Hopkins,Kentucky,21107.0,218,28.0,0.0,,,,0.21799999
123287,2020-05-22,Hopkins,Kentucky,21107.0,220,29.0,2.0,,,,0.204
123288,2020-05-23,Hopkins,Kentucky,21107.0,220,29.0,0.0,,,,0.21899999999999997
123289,2020-05-24,Hopkins,Kentucky,21107.0,220,29.0,0.0,,,,0.207
123290,2020-05-25,Hopkins,Kentucky,21107.0,220,29.0,0.0,,,,0.193
123291,2020-05-26,Hopkins,Kentucky,21107.0,220,29.0,0.0,,,,0.17800000000000002
123292,2020-05-27,Hopkins,Kentucky,21107.0,220,30.0,0.0,,,,0.18700001
123293,2020-05-28,Hopkins,Kentucky,21107.0,222,30.0,2.0,,,,0.192
123294,2020-05-29,Hopkins,Kentucky,21107.0,222,30.0,0.0,,,,0.212
123295,2020-05-30,Hopkins,Kentucky,21107.0,222,31.0,0.0,,,,0.221
123296,2020-05-31,Hopkins,Kentucky,21107.0,222,31.0,0.0,,,,0.215
123297,2020-06-01,Hopkins,Kentucky,21107.0,223,31.0,1.0,,,,0.23999999
123298,2020-06-02,Hopkins,Kentucky,21107.0,223,31.0,0.0,,,,0.27000001
123299,2020-06-03,Hopkins,Kentucky,21107.0,225,32.0,2.0,,,,0.259
123300,2020-06-04,Hopkins,Kentucky,21107.0,225,32.0,0.0,,,,0.248
123301,2020-06-05,Hopkins,Kentucky,21107.0,225,32.0,0.0,,,,0.237
123302,2020-06-06,Hopkins,Kentucky,21107.0,225,32.0,0.0,,,,0.26199999
123303,2020-06-07,Hopkins,Kentucky,21107.0,225,32.0,0.0,,,,0.29699999
123304,2020-06-08,Hopkins,Kentucky,21107.0,225,32.0,0.0,,,,0.28
123305,2020-06-09,Hopkins,Kentucky,21107.0,225,32.0,0.0,,,,0.243
123306,2020-06-10,Hopkins,Kentucky,21107.0,226,32.0,1.0,,,,0.24600001
123307,2020-06-11,Hopkins,Kentucky,21107.0,226,32.0,0.0,,,,0.25099999
123308,2020-06-12,Hopkins,Kentucky,21107.0,226,32.0,0.0,,,,0.22699999999999998
123309,2020-06-13,Hopkins,Kentucky,21107.0,229,32.0,3.0,,,,0.205
123310,2020-06-14,Hopkins,Kentucky,21107.0,229,32.0,0.0,,,,0.17399999
123311,2020-06-15,Hopkins,Kentucky,21107.0,230,32.0,1.0,,,,0.17299999
123312,2020-06-16,Hopkins,Kentucky,21107.0,230,33.0,0.0,,,,0.18899999999999997
123313,2020-06-17,Hopkins,Kentucky,21107.0,232,33.0,2.0,,,,0.19400001
123314,2020-06-18,Hopkins,Kentucky,21107.0,231,33.0,-1.0,,,,0.20299999
123315,2020-06-19,Hopkins,Kentucky,21107.0,232,34.0,1.0,,,,0.2
123316,2020-06-20,Hopkins,Kentucky,21107.0,233,34.0,1.0,,,,0.21899999999999997
123317,2020-06-21,Hopkins,Kentucky,21107.0,234,34.0,1.0,,,,0.243
123318,2020-06-22,Hopkins,Kentucky,21107.0,234,34.0,0.0,,,,0.23399999999999999
123319,2020-06-23,Hopkins,Kentucky,21107.0,241,34.0,7.0,,,,0.23
123320,2020-06-24,Hopkins,Kentucky,21107.0,242,34.0,1.0,,,,0.21899999999999997
123321,2020-06-25,Hopkins,Kentucky,21107.0,243,34.0,1.0,,,,0.20100001
123322,2020-06-26,Hopkins,Kentucky,21107.0,248,34.0,5.0,,,,0.20100001
123323,2020-06-27,Hopkins,Kentucky,21107.0,251,34.0,3.0,,,,0.19
123324,2020-06-28,Hopkins,Kentucky,21107.0,251,34.0,0.0,,,,0.15099999
123325,2020-06-29,Hopkins,Kentucky,21107.0,251,34.0,0.0,,,,0.13699999
123326,2020-06-30,Hopkins,Kentucky,21107.0,255,34.0,4.0,,,,0.133
123327,2020-07-01,Hopkins,Kentucky,21107.0,256,34.0,1.0,,,,0.147
123328,2020-07-02,Hopkins,Kentucky,21107.0,263,34.0,7.0,,,,0.16399999999999998
123329,2020-07-03,Hopkins,Kentucky,21107.0,266,34.0,3.0,,,,0.11599999999999999
123330,2020-07-04,Hopkins,Kentucky,21107.0,266,34.0,0.0,,,,0.114
123331,2020-07-05,Hopkins,Kentucky,21107.0,266,34.0,0.0,,,,0.175
123332,2020-07-06,Hopkins,Kentucky,21107.0,272,35.0,6.0,,,,0.19899999999999998
123333,2020-07-07,Hopkins,Kentucky,21107.0,279,35.0,7.0,,,,0.205
123334,2020-07-08,Hopkins,Kentucky,21107.0,285,35.0,6.0,,,,0.191
123335,2020-07-09,Hopkins,Kentucky,21107.0,292,35.0,7.0,,,,0.18600000000000003
123336,2020-07-10,Hopkins,Kentucky,21107.0,298,35.0,6.0,,,,0.177
123337,2020-07-11,Hopkins,Kentucky,21107.0,306,35.0,8.0,,,,0.16899999999999998
123338,2020-07-12,Hopkins,Kentucky,21107.0,306,35.0,0.0,,,,0.192
123339,2020-07-13,Hopkins,Kentucky,21107.0,307,35.0,1.0,,,,0.17299999
123340,2020-07-14,Hopkins,Kentucky,21107.0,318,35.0,11.0,,,,0.17200001
123341,2020-07-15,Hopkins,Kentucky,21107.0,322,35.0,4.0,,,,0.18099999
123342,2020-07-16,Hopkins,Kentucky,21107.0,328,35.0,6.0,,,,0.18600000000000003
123343,2020-07-17,Hopkins,Kentucky,21107.0,338,35.0,10.0,,,,0.185
123344,2020-07-18,Hopkins,Kentucky,21107.0,346,35.0,8.0,,,,0.191
123345,2020-07-19,Hopkins,Kentucky,21107.0,354,35.0,8.0,,,,0.18700001
123346,2020-07-20,Hopkins,Kentucky,21107.0,354,35.0,0.0,,,,0.19599999
123347,2020-07-21,Hopkins,Kentucky,21107.0,358,35.0,4.0,,,,0.2
123348,2020-07-22,Hopkins,Kentucky,21107.0,360,35.0,2.0,,,,0.21799999
123349,2020-07-23,Hopkins,Kentucky,21107.0,364,35.0,4.0,,,,0.20800000000000002
123350,2020-07-24,Hopkins,Kentucky,21107.0,368,35.0,4.0,,,,0.22499999
123351,2020-07-25,Hopkins,Kentucky,21107.0,372,35.0,4.0,,,,0.20900001
123352,2020-07-26,Hopkins,Kentucky,21107.0,375,35.0,3.0,,,,0.21899999999999997
123353,2020-07-27,Hopkins,Kentucky,21107.0,375,35.0,0.0,,,,0.23600000000000002
123354,2020-07-28,Hopkins,Kentucky,21107.0,378,35.0,3.0,,,,0.21600001
123355,2020-07-29,Hopkins,Kentucky,21107.0,387,35.0,9.0,,,,0.20299999
123356,2020-07-30,Hopkins,Kentucky,21107.0,391,35.0,4.0,,,,0.19499999
123357,2020-07-31,Hopkins,Kentucky,21107.0,397,35.0,6.0,,,,0.20200001
123358,2020-08-01,Hopkins,Kentucky,21107.0,404,35.0,7.0,,,,0.2
123359,2020-08-02,Hopkins,Kentucky,21107.0,404,35.0,0.0,,,,0.183
123360,2020-08-03,Hopkins,Kentucky,21107.0,404,35.0,0.0,,,,0.16899999999999998
123361,2020-08-04,Hopkins,Kentucky,21107.0,413,35.0,9.0,,,,0.19599999
123362,2020-08-05,Hopkins,Kentucky,21107.0,415,35.0,2.0,,,,0.18099999
123363,2020-08-06,Hopkins,Kentucky,21107.0,417,35.0,2.0,,,,0.19499999
123364,2020-08-07,Hopkins,Kentucky,21107.0,417,35.0,0.0,,,,0.182
123365,2020-08-08,Hopkins,Kentucky,21107.0,422,35.0,5.0,,,,0.184
123366,2020-08-09,Hopkins,Kentucky,21107.0,422,35.0,0.0,,,,0.191
123367,2020-08-10,Hopkins,Kentucky,21107.0,422,35.0,0.0,,,,0.18000001
123368,2020-08-11,Hopkins,Kentucky,21107.0,429,35.0,7.0,,,,0.163
123369,2020-08-12,Hopkins,Kentucky,21107.0,432,35.0,3.0,,,,0.156
123370,2020-08-13,Hopkins,Kentucky,21107.0,434,35.0,2.0,,,,0.147
123371,2020-08-14,Hopkins,Kentucky,21107.0,439,36.0,5.0,,,,0.161
123372,2020-08-15,Hopkins,Kentucky,21107.0,440,36.0,1.0,,,,0.17
123373,2020-08-16,Hopkins,Kentucky,21107.0,440,36.0,0.0,,,,0.17
123374,2020-08-17,Hopkins,Kentucky,21107.0,441,36.0,1.0,,,,0.162
123375,2020-08-18,Hopkins,Kentucky,21107.0,453,36.0,12.0,,,,0.145
123376,2020-08-19,Hopkins,Kentucky,21107.0,456,36.0,3.0,,,,0.16599999
123377,2020-08-20,Hopkins,Kentucky,21107.0,467,37.0,11.0,,,,0.17900001
123378,2020-08-21,Hopkins,Kentucky,21107.0,469,37.0,2.0,,,,0.193
123379,2020-08-22,Hopkins,Kentucky,21107.0,473,37.0,4.0,,,,0.20299999
123380,2020-08-23,Hopkins,Kentucky,21107.0,473,37.0,0.0,,,,0.20299999
123381,2020-08-24,Hopkins,Kentucky,21107.0,480,37.0,7.0,,,,0.223
123382,2020-08-25,Hopkins,Kentucky,21107.0,488,37.0,8.0,,,,0.243
123383,2020-08-26,Hopkins,Kentucky,21107.0,496,37.0,8.0,,,,0.25099999
123384,2020-08-27,Hopkins,Kentucky,21107.0,499,37.0,3.0,,,,0.248
123385,2020-08-28,Hopkins,Kentucky,21107.0,503,37.0,4.0,,,,0.222
123386,2020-08-29,Hopkins,Kentucky,21107.0,511,37.0,8.0,,,,0.222
123387,2020-08-30,Hopkins,Kentucky,21107.0,513,37.0,2.0,,,,0.205
123388,2020-08-31,Hopkins,Kentucky,21107.0,515,37.0,2.0,,,,0.16
123389,2020-09-01,Hopkins,Kentucky,21107.0,519,37.0,4.0,,,,0.139
123390,2020-09-02,Hopkins,Kentucky,21107.0,524,37.0,5.0,,,,0.127
123391,2020-09-03,Hopkins,Kentucky,21107.0,528,37.0,4.0,,,,0.13500001
123392,2020-09-04,Hopkins,Kentucky,21107.0,531,37.0,3.0,,,,0.125
123393,2020-09-05,Hopkins,Kentucky,21107.0,533,37.0,2.0,,,,0.10800000000000001
123394,2020-09-06,Hopkins,Kentucky,21107.0,536,37.0,3.0,,,,0.16599999
123395,2020-09-07,Hopkins,Kentucky,21107.0,536,37.0,0.0,,,,0.14
123396,2020-09-08,Hopkins,Kentucky,21107.0,536,37.0,0.0,,,,0.12800001
123397,2020-09-09,Hopkins,Kentucky,21107.0,548,37.0,12.0,,,,0.0867
123398,2020-09-10,Hopkins,Kentucky,21107.0,552,37.0,4.0,,,,0.09809999900000001
123399,2020-09-11,Hopkins,Kentucky,21107.0,562,38.0,10.0,,,,0.042399999
123400,2020-09-12,Hopkins,Kentucky,21107.0,567,38.0,5.0,,,,0.042199999
123401,2020-09-13,Hopkins,Kentucky,21107.0,569,38.0,2.0,,,,0.032900002000000005
123402,2020-09-14,Hopkins,Kentucky,21107.0,569,38.0,0.0,,,,0.038899999
123403,2020-09-15,Hopkins,Kentucky,21107.0,578,39.0,9.0,,,,0.027100001000000002
123404,2020-09-16,Hopkins,Kentucky,21107.0,588,39.0,10.0,,,,0.023399998999999998
123405,2020-09-17,Hopkins,Kentucky,21107.0,588,39.0,0.0,,,,0.0392
123406,2020-09-18,Hopkins,Kentucky,21107.0,591,40.0,3.0,,,,0.079099998
123407,2020-09-19,Hopkins,Kentucky,21107.0,595,40.0,4.0,,,,0.08550000199999999
123408,2020-09-20,Hopkins,Kentucky,21107.0,596,40.0,1.0,,,,0.115
123409,2020-09-21,Hopkins,Kentucky,21107.0,603,40.0,7.0,,,,0.142
123410,2020-09-22,Hopkins,Kentucky,21107.0,610,40.0,7.0,,,,0.205
123411,2020-09-23,Hopkins,Kentucky,21107.0,613,40.0,3.0,,,,0.21699999
123412,2020-09-24,Hopkins,Kentucky,21107.0,619,40.0,6.0,,,,0.22699999999999998
123413,2020-09-25,Hopkins,Kentucky,21107.0,627,40.0,8.0,,,,0.27900001
123414,2020-09-26,Hopkins,Kentucky,21107.0,629,40.0,2.0,,,,0.28200001
123415,2020-09-27,Hopkins,Kentucky,21107.0,632,40.0,3.0,,,,0.30000001
123416,2020-09-28,Hopkins,Kentucky,21107.0,634,40.0,2.0,,,,0.27599999
123417,2020-09-29,Hopkins,Kentucky,21107.0,642,40.0,8.0,,,,0.226
123418,2020-09-30,Hopkins,Kentucky,21107.0,653,40.0,11.0,,,,0.20900001
123419,2020-10-01,Hopkins,Kentucky,21107.0,663,40.0,10.0,,,,0.19699999999999998
123420,2020-10-02,Hopkins,Kentucky,21107.0,671,40.0,8.0,,,,0.16399999999999998
123421,2020-10-03,Hopkins,Kentucky,21107.0,677,40.0,6.0,,,,0.154
123422,2020-10-04,Hopkins,Kentucky,21107.0,684,40.0,7.0,,,,0.132
123423,2020-10-05,Hopkins,Kentucky,21107.0,725,40.0,41.0,,,,0.16899999999999998
123424,2020-10-06,Hopkins,Kentucky,21107.0,741,40.0,16.0,,,,0.17399999
123425,2020-10-07,Hopkins,Kentucky,21107.0,760,40.0,19.0,,,,0.19499999
123426,2020-10-08,Hopkins,Kentucky,21107.0,782,40.0,22.0,,,,0.19
123427,2020-10-09,Hopkins,Kentucky,21107.0,794,40.0,12.0,,,,0.162
123428,2020-10-10,Hopkins,Kentucky,21107.0,810,40.0,16.0,,,,0.161
123429,2020-10-11,Hopkins,Kentucky,21107.0,816,41.0,6.0,,,,0.156
123430,2020-10-12,Hopkins,Kentucky,21107.0,830,41.0,14.0,,,,0.152
123431,2020-10-13,Hopkins,Kentucky,21107.0,849,41.0,19.0,,,,0.122
123432,2020-10-14,Hopkins,Kentucky,21107.0,870,41.0,21.0,,,,0.11699999999999999
123433,2020-10-15,Hopkins,Kentucky,21107.0,887,41.0,17.0,,,,0.13
123434,2020-10-16,Hopkins,Kentucky,21107.0,906,42.0,19.0,,,,0.121
123435,2020-10-17,Hopkins,Kentucky,21107.0,908,42.0,2.0,,,,0.121
123436,2020-10-18,Hopkins,Kentucky,21107.0,911,42.0,3.0,,,,0.12899999
123437,2020-10-19,Hopkins,Kentucky,21107.0,935,42.0,24.0,,,,0.11
123438,2020-10-20,Hopkins,Kentucky,21107.0,950,43.0,15.0,,,,0.121
123439,2020-10-21,Hopkins,Kentucky,21107.0,964,43.0,14.0,,,,0.131
123440,2020-10-22,Hopkins,Kentucky,21107.0,978,43.0,14.0,,,,0.11900000000000001
123441,2020-10-23,Hopkins,Kentucky,21107.0,1000,43.0,22.0,,,,0.13
123442,2020-10-24,Hopkins,Kentucky,21107.0,1009,43.0,9.0,,,,0.15099999
123443,2020-10-25,Hopkins,Kentucky,21107.0,1014,43.0,5.0,,,,0.15000001
123444,2020-10-26,Hopkins,Kentucky,21107.0,1034,43.0,20.0,,,,0.14
123445,2020-10-27,Hopkins,Kentucky,21107.0,1044,44.0,10.0,,,,0.12300000000000001
123446,2020-10-28,Hopkins,Kentucky,21107.0,1065,44.0,21.0,,,,0.10300000000000001
123447,2020-10-29,Hopkins,Kentucky,21107.0,1077,44.0,12.0,,,,0.09799999699999999
123448,2020-10-30,Hopkins,Kentucky,21107.0,1088,44.0,11.0,,,,0.126
123449,2020-10-31,Hopkins,Kentucky,21107.0,1116,44.0,28.0,,,,0.105
123450,2020-11-01,Hopkins,Kentucky,21107.0,1120,44.0,4.0,,,,0.077
123451,2020-11-02,Hopkins,Kentucky,21107.0,1167,44.0,47.0,,,,0.08209999700000001
123452,2020-11-03,Hopkins,Kentucky,21107.0,1167,44.0,0.0,,,,0.126
123453,2020-11-04,Hopkins,Kentucky,21107.0,1206,44.0,39.0,,,,0.132
123454,2020-11-05,Hopkins,Kentucky,21107.0,1206,44.0,0.0,,,,0.15099999
123455,2020-11-06,Hopkins,Kentucky,21107.0,1260,44.0,54.0,,,,0.12899999
123456,2020-11-07,Hopkins,Kentucky,21107.0,1272,44.0,12.0,,,,0.161
123457,2020-11-08,Hopkins,Kentucky,21107.0,1276,44.0,4.0,,,,0.184
123458,2020-11-09,Hopkins,Kentucky,21107.0,1324,44.0,48.0,,,,0.17200001
123459,2020-11-10,Hopkins,Kentucky,21107.0,1360,45.0,36.0,,,,0.14399999
123460,2020-11-11,Hopkins,Kentucky,21107.0,1360,45.0,0.0,,,,0.14
123461,2020-11-12,Hopkins,Kentucky,21107.0,1412,45.0,52.0,,,,0.15000001
123462,2020-11-13,Hopkins,Kentucky,21107.0,1441,45.0,29.0,,,,0.16599999
123463,2020-11-14,Hopkins,Kentucky,21107.0,1441,45.0,0.0,,,,0.15700001
123464,2020-11-15,Hopkins,Kentucky,21107.0,1441,45.0,0.0,,,,0.13500001
123465,2020-11-16,Hopkins,Kentucky,21107.0,1488,45.0,47.0,,,,0.139
123466,2020-11-17,Hopkins,Kentucky,21107.0,1516,45.0,28.0,,,,0.139
123467,2020-11-18,Hopkins,Kentucky,21107.0,1555,45.0,39.0,,,,0.15000001
123468,2020-11-19,Hopkins,Kentucky,21107.0,1593,47.0,38.0,,,,0.15000001
123469,2020-11-20,Hopkins,Kentucky,21107.0,1622,47.0,29.0,,,,0.124
123470,2020-11-21,Hopkins,Kentucky,21107.0,1628,47.0,6.0,,,,0.12300000000000001
123471,2020-11-22,Hopkins,Kentucky,21107.0,1646,47.0,18.0,,,,0.163
