,date,county,state,fips,cases,deaths,new_cases,emp_combined,emp_combined_inclow,revenue_all,spend_all
123961,2020-03-22,Jessamine,Kentucky,21113.0,1,0.0,0.0,,,,-0.109
123962,2020-03-23,Jessamine,Kentucky,21113.0,1,0.0,0.0,,,,-0.146
123963,2020-03-24,Jessamine,Kentucky,21113.0,2,0.0,1.0,,,,-0.19
123964,2020-03-25,Jessamine,Kentucky,21113.0,3,0.0,1.0,,,,-0.191
123965,2020-03-26,Jessamine,Kentucky,21113.0,7,0.0,4.0,,,,-0.192
123966,2020-03-27,Jessamine,Kentucky,21113.0,10,0.0,3.0,,,,-0.22699999999999998
123967,2020-03-28,Jessamine,Kentucky,21113.0,10,0.0,0.0,,,,-0.266
123968,2020-03-29,Jessamine,Kentucky,21113.0,10,0.0,0.0,,,,-0.26800001
123969,2020-03-30,Jessamine,Kentucky,21113.0,11,0.0,1.0,,,,-0.243
123970,2020-03-31,Jessamine,Kentucky,21113.0,14,0.0,3.0,,,,-0.22899999999999998
123971,2020-04-01,Jessamine,Kentucky,21113.0,15,0.0,1.0,,,,-0.22899999999999998
123972,2020-04-02,Jessamine,Kentucky,21113.0,15,0.0,0.0,,,,-0.271
123973,2020-04-03,Jessamine,Kentucky,21113.0,15,0.0,0.0,,,,-0.26699999
123974,2020-04-04,Jessamine,Kentucky,21113.0,15,0.0,0.0,,,,-0.243
123975,2020-04-05,Jessamine,Kentucky,21113.0,15,0.0,0.0,,,,-0.25
123976,2020-04-06,Jessamine,Kentucky,21113.0,15,0.0,0.0,,,,-0.23399999999999999
123977,2020-04-07,Jessamine,Kentucky,21113.0,16,0.0,1.0,,,,-0.235
123978,2020-04-08,Jessamine,Kentucky,21113.0,18,0.0,2.0,,,,-0.23199999
123979,2020-04-09,Jessamine,Kentucky,21113.0,18,0.0,0.0,,,,-0.19599999
123980,2020-04-10,Jessamine,Kentucky,21113.0,23,0.0,5.0,,,,-0.18099999
123981,2020-04-11,Jessamine,Kentucky,21113.0,26,0.0,3.0,,,,-0.18099999
123982,2020-04-12,Jessamine,Kentucky,21113.0,27,0.0,1.0,,,,-0.22
123983,2020-04-13,Jessamine,Kentucky,21113.0,28,0.0,1.0,,,,-0.249
123984,2020-04-14,Jessamine,Kentucky,21113.0,29,0.0,1.0,,,,-0.192
123985,2020-04-15,Jessamine,Kentucky,21113.0,29,0.0,0.0,,,,-0.153
123986,2020-04-16,Jessamine,Kentucky,21113.0,30,0.0,1.0,,,,-0.131
123987,2020-04-17,Jessamine,Kentucky,21113.0,31,0.0,1.0,,,,-0.078900002
123988,2020-04-18,Jessamine,Kentucky,21113.0,33,0.0,2.0,,,,-0.0933
123989,2020-04-19,Jessamine,Kentucky,21113.0,32,0.0,-1.0,,,,-0.063900001
123990,2020-04-20,Jessamine,Kentucky,21113.0,32,0.0,0.0,,,,-0.065499999
123991,2020-04-21,Jessamine,Kentucky,21113.0,32,0.0,0.0,,,,-0.051199999
123992,2020-04-22,Jessamine,Kentucky,21113.0,32,0.0,0.0,,,,-0.11
123993,2020-04-23,Jessamine,Kentucky,21113.0,32,0.0,0.0,,,,-0.09510000099999999
123994,2020-04-24,Jessamine,Kentucky,21113.0,32,0.0,0.0,,,,-0.207
123995,2020-04-25,Jessamine,Kentucky,21113.0,32,0.0,0.0,,,,-0.111
123996,2020-04-26,Jessamine,Kentucky,21113.0,34,0.0,2.0,,,,-0.11800000000000001
123997,2020-04-27,Jessamine,Kentucky,21113.0,34,0.0,0.0,,,,-0.1
123998,2020-04-28,Jessamine,Kentucky,21113.0,37,0.0,3.0,,,,-0.121
123999,2020-04-29,Jessamine,Kentucky,21113.0,40,0.0,3.0,,,,-0.122
124000,2020-04-30,Jessamine,Kentucky,21113.0,41,0.0,1.0,,,,-0.086199999
124001,2020-05-01,Jessamine,Kentucky,21113.0,41,0.0,0.0,,,,-0.017100001
124002,2020-05-02,Jessamine,Kentucky,21113.0,41,0.0,0.0,,,,-0.07020000400000001
124003,2020-05-03,Jessamine,Kentucky,21113.0,41,0.0,0.0,,,,-0.06199999900000001
124004,2020-05-04,Jessamine,Kentucky,21113.0,40,0.0,-1.0,,,,-0.044199999000000004
124005,2020-05-05,Jessamine,Kentucky,21113.0,40,0.0,0.0,,,,-0.045600000999999994
124006,2020-05-06,Jessamine,Kentucky,21113.0,40,0.0,0.0,,,,-0.040600002
124007,2020-05-07,Jessamine,Kentucky,21113.0,40,0.0,0.0,,,,-0.068800002
124008,2020-05-08,Jessamine,Kentucky,21113.0,41,0.0,1.0,,,,-0.08800000000000001
124009,2020-05-09,Jessamine,Kentucky,21113.0,46,0.0,5.0,,,,-0.053300001
124010,2020-05-10,Jessamine,Kentucky,21113.0,46,0.0,0.0,,,,-0.053399999000000004
124011,2020-05-11,Jessamine,Kentucky,21113.0,47,0.0,1.0,,,,-0.062899999
124012,2020-05-12,Jessamine,Kentucky,21113.0,49,0.0,2.0,,,,-0.066200003
124013,2020-05-13,Jessamine,Kentucky,21113.0,49,0.0,0.0,,,,-0.036800001
124014,2020-05-14,Jessamine,Kentucky,21113.0,50,0.0,1.0,,,,-0.0103
124015,2020-05-15,Jessamine,Kentucky,21113.0,50,0.0,0.0,,,,0.0034
124016,2020-05-16,Jessamine,Kentucky,21113.0,50,0.0,0.0,,,,-0.0059000002
124017,2020-05-17,Jessamine,Kentucky,21113.0,50,0.0,0.0,,,,-0.0126
124018,2020-05-18,Jessamine,Kentucky,21113.0,52,0.0,2.0,,,,-0.0087799998
124019,2020-05-19,Jessamine,Kentucky,21113.0,51,0.0,-1.0,,,,-0.012
124020,2020-05-20,Jessamine,Kentucky,21113.0,51,0.0,0.0,,,,-0.0458
124021,2020-05-21,Jessamine,Kentucky,21113.0,50,0.0,-1.0,,,,-0.035
124022,2020-05-22,Jessamine,Kentucky,21113.0,50,0.0,0.0,,,,0.0062299999
124023,2020-05-23,Jessamine,Kentucky,21113.0,51,0.0,1.0,,,,0.0066900002
124024,2020-05-24,Jessamine,Kentucky,21113.0,51,0.0,0.0,,,,0.0014199999999999998
124025,2020-05-25,Jessamine,Kentucky,21113.0,51,0.0,0.0,,,,0.033399999
124026,2020-05-26,Jessamine,Kentucky,21113.0,55,0.0,4.0,,,,0.0231
124027,2020-05-27,Jessamine,Kentucky,21113.0,56,0.0,1.0,,,,0.05229999900000001
124028,2020-05-28,Jessamine,Kentucky,21113.0,56,0.0,0.0,,,,0.053599997999999996
124029,2020-05-29,Jessamine,Kentucky,21113.0,57,0.0,1.0,,,,-0.00899
124030,2020-05-30,Jessamine,Kentucky,21113.0,62,0.0,5.0,,,,-0.00278
124031,2020-05-31,Jessamine,Kentucky,21113.0,62,0.0,0.0,,,,-0.0132
124032,2020-06-01,Jessamine,Kentucky,21113.0,65,0.0,3.0,,,,0.0042699999
124033,2020-06-02,Jessamine,Kentucky,21113.0,68,0.0,3.0,,,,0.0392
124034,2020-06-03,Jessamine,Kentucky,21113.0,67,0.0,-1.0,,,,0.0092599997
124035,2020-06-04,Jessamine,Kentucky,21113.0,67,0.0,0.0,,,,0.0065199998
124036,2020-06-05,Jessamine,Kentucky,21113.0,69,0.0,2.0,,,,0.0243
124037,2020-06-06,Jessamine,Kentucky,21113.0,73,0.0,4.0,,,,0.0396
124038,2020-06-07,Jessamine,Kentucky,21113.0,73,0.0,0.0,,,,0.109
124039,2020-06-08,Jessamine,Kentucky,21113.0,77,0.0,4.0,,,,0.090099998
124040,2020-06-09,Jessamine,Kentucky,21113.0,77,0.0,0.0,,,,0.066799998
124041,2020-06-10,Jessamine,Kentucky,21113.0,80,0.0,3.0,,,,0.068000004
124042,2020-06-11,Jessamine,Kentucky,21113.0,79,0.0,-1.0,,,,0.053300001
124043,2020-06-12,Jessamine,Kentucky,21113.0,79,0.0,0.0,,,,0.064099997
124044,2020-06-13,Jessamine,Kentucky,21113.0,82,0.0,3.0,,,,0.030999999
124045,2020-06-14,Jessamine,Kentucky,21113.0,82,0.0,0.0,,,,-0.027000001000000003
124046,2020-06-15,Jessamine,Kentucky,21113.0,83,0.0,1.0,,,,-0.0101
124047,2020-06-16,Jessamine,Kentucky,21113.0,85,0.0,2.0,,,,0.0092599997
124048,2020-06-17,Jessamine,Kentucky,21113.0,88,0.0,3.0,,,,0.0084300004
124049,2020-06-18,Jessamine,Kentucky,21113.0,91,0.0,3.0,,,,0.0244
124050,2020-06-19,Jessamine,Kentucky,21113.0,95,0.0,4.0,,,,0.059700000999999996
124051,2020-06-20,Jessamine,Kentucky,21113.0,96,0.0,1.0,,,,0.094300002
124052,2020-06-21,Jessamine,Kentucky,21113.0,98,0.0,2.0,,,,0.089299999
124053,2020-06-22,Jessamine,Kentucky,21113.0,99,0.0,1.0,,,,0.0515
124054,2020-06-23,Jessamine,Kentucky,21113.0,100,0.0,1.0,,,,0.022700001
124055,2020-06-24,Jessamine,Kentucky,21113.0,100,0.0,0.0,,,,0.0222
124056,2020-06-25,Jessamine,Kentucky,21113.0,102,0.0,2.0,,,,-0.00296
124057,2020-06-26,Jessamine,Kentucky,21113.0,103,0.0,1.0,,,,-0.059099998
124058,2020-06-27,Jessamine,Kentucky,21113.0,105,0.0,2.0,,,,-0.064900003
124059,2020-06-28,Jessamine,Kentucky,21113.0,105,0.0,0.0,,,,-0.045000002000000004
124060,2020-06-29,Jessamine,Kentucky,21113.0,106,0.0,1.0,,,,-0.0341
124061,2020-06-30,Jessamine,Kentucky,21113.0,106,0.0,0.0,,,,-0.0298
124062,2020-07-01,Jessamine,Kentucky,21113.0,108,0.0,2.0,,,,-0.037999999
124063,2020-07-02,Jessamine,Kentucky,21113.0,111,0.0,3.0,,,,-0.0284
124064,2020-07-03,Jessamine,Kentucky,21113.0,111,0.0,0.0,,,,-0.048599999000000005
124065,2020-07-04,Jessamine,Kentucky,21113.0,115,0.0,4.0,,,,-0.072700001
124066,2020-07-05,Jessamine,Kentucky,21113.0,116,0.0,1.0,,,,-0.0107
124067,2020-07-06,Jessamine,Kentucky,21113.0,120,0.0,4.0,,,,0.017899999
124068,2020-07-07,Jessamine,Kentucky,21113.0,122,0.0,2.0,,,,0.0147
124069,2020-07-08,Jessamine,Kentucky,21113.0,124,0.0,2.0,,,,0.0006910000200000001
124070,2020-07-09,Jessamine,Kentucky,21113.0,125,0.0,1.0,,,,0.0197
124071,2020-07-10,Jessamine,Kentucky,21113.0,137,0.0,12.0,,,,0.031300001
124072,2020-07-11,Jessamine,Kentucky,21113.0,139,0.0,2.0,,,,0.0028899998999999997
124073,2020-07-12,Jessamine,Kentucky,21113.0,142,0.0,3.0,,,,0.0040600002
124074,2020-07-13,Jessamine,Kentucky,21113.0,146,0.0,4.0,,,,-0.036600001
124075,2020-07-14,Jessamine,Kentucky,21113.0,153,0.0,7.0,,,,-0.023800001
124076,2020-07-15,Jessamine,Kentucky,21113.0,159,0.0,6.0,,,,-0.0178
124077,2020-07-16,Jessamine,Kentucky,21113.0,164,0.0,5.0,,,,-0.0495
124078,2020-07-17,Jessamine,Kentucky,21113.0,167,0.0,3.0,,,,-0.046100002
124079,2020-07-18,Jessamine,Kentucky,21113.0,176,0.0,9.0,,,,-0.0383
124080,2020-07-19,Jessamine,Kentucky,21113.0,181,0.0,5.0,,,,-0.036699999
124081,2020-07-20,Jessamine,Kentucky,21113.0,186,0.0,5.0,,,,-0.0136
124082,2020-07-21,Jessamine,Kentucky,21113.0,192,0.0,6.0,,,,-0.0295
124083,2020-07-22,Jessamine,Kentucky,21113.0,195,0.0,3.0,,,,-0.028899999
124084,2020-07-23,Jessamine,Kentucky,21113.0,213,0.0,18.0,,,,0.00391
124085,2020-07-24,Jessamine,Kentucky,21113.0,216,0.0,3.0,,,,0.016100001
124086,2020-07-25,Jessamine,Kentucky,21113.0,230,0.0,14.0,,,,0.0025299999
124087,2020-07-26,Jessamine,Kentucky,21113.0,235,0.0,5.0,,,,-0.0098700002
124088,2020-07-27,Jessamine,Kentucky,21113.0,242,0.0,7.0,,,,-0.0217
124089,2020-07-28,Jessamine,Kentucky,21113.0,246,0.0,4.0,,,,-0.0242
124090,2020-07-29,Jessamine,Kentucky,21113.0,252,0.0,6.0,,,,-0.0187
124091,2020-07-30,Jessamine,Kentucky,21113.0,258,0.0,6.0,,,,-0.0306
124092,2020-07-31,Jessamine,Kentucky,21113.0,271,0.0,13.0,,,,-0.020099999
124093,2020-08-01,Jessamine,Kentucky,21113.0,278,0.0,7.0,,,,-0.0075400001
124094,2020-08-02,Jessamine,Kentucky,21113.0,295,0.0,17.0,,,,-0.0136
124095,2020-08-03,Jessamine,Kentucky,21113.0,300,0.0,5.0,,,,-0.012
124096,2020-08-04,Jessamine,Kentucky,21113.0,308,0.0,8.0,,,,-0.0109
124097,2020-08-05,Jessamine,Kentucky,21113.0,318,0.0,10.0,,,,-0.0031999999
124098,2020-08-06,Jessamine,Kentucky,21113.0,327,0.0,9.0,,,,-0.020300001
124099,2020-08-07,Jessamine,Kentucky,21113.0,337,0.0,10.0,,,,-0.0372
124100,2020-08-08,Jessamine,Kentucky,21113.0,340,0.0,3.0,,,,-0.0185
124101,2020-08-09,Jessamine,Kentucky,21113.0,344,0.0,4.0,,,,-0.0031999999
124102,2020-08-10,Jessamine,Kentucky,21113.0,347,0.0,3.0,,,,-0.0164
124103,2020-08-11,Jessamine,Kentucky,21113.0,352,0.0,5.0,,,,-0.040100001
124104,2020-08-12,Jessamine,Kentucky,21113.0,358,0.0,6.0,,,,-0.043400000999999994
124105,2020-08-13,Jessamine,Kentucky,21113.0,366,0.0,8.0,,,,-0.00141
124106,2020-08-14,Jessamine,Kentucky,21113.0,366,0.0,0.0,,,,0.0135
124107,2020-08-15,Jessamine,Kentucky,21113.0,372,0.0,6.0,,,,-0.0044100001
124108,2020-08-16,Jessamine,Kentucky,21113.0,373,0.0,1.0,,,,-0.004220000000000001
124109,2020-08-17,Jessamine,Kentucky,21113.0,382,0.0,9.0,,,,0.0102
124110,2020-08-18,Jessamine,Kentucky,21113.0,389,0.0,7.0,,,,0.0241
124111,2020-08-19,Jessamine,Kentucky,21113.0,393,0.0,4.0,,,,0.0274
124112,2020-08-20,Jessamine,Kentucky,21113.0,397,0.0,4.0,,,,0.0057999999
124113,2020-08-21,Jessamine,Kentucky,21113.0,404,0.0,7.0,,,,-0.0124
124114,2020-08-22,Jessamine,Kentucky,21113.0,411,0.0,7.0,,,,0.0112
124115,2020-08-23,Jessamine,Kentucky,21113.0,411,0.0,0.0,,,,0.015
124116,2020-08-24,Jessamine,Kentucky,21113.0,416,0.0,5.0,,,,-0.0156
124117,2020-08-25,Jessamine,Kentucky,21113.0,420,0.0,4.0,,,,-0.035700001
124118,2020-08-26,Jessamine,Kentucky,21113.0,428,0.0,8.0,,,,-0.0121
124119,2020-08-27,Jessamine,Kentucky,21113.0,435,0.0,7.0,,,,0.0135
124120,2020-08-28,Jessamine,Kentucky,21113.0,440,0.0,5.0,,,,-0.0020300001
124121,2020-08-29,Jessamine,Kentucky,21113.0,450,0.0,10.0,,,,-0.00183
124122,2020-08-30,Jessamine,Kentucky,21113.0,457,0.0,7.0,,,,-0.017899999
124123,2020-08-31,Jessamine,Kentucky,21113.0,457,0.0,0.0,,,,-0.025800001
124124,2020-09-01,Jessamine,Kentucky,21113.0,465,0.0,8.0,,,,0.0052999998
124125,2020-09-02,Jessamine,Kentucky,21113.0,471,0.0,6.0,,,,0.044599999
124126,2020-09-03,Jessamine,Kentucky,21113.0,472,0.0,1.0,,,,0.0134
124127,2020-09-04,Jessamine,Kentucky,21113.0,477,0.0,5.0,,,,0.0283
124128,2020-09-05,Jessamine,Kentucky,21113.0,480,0.0,3.0,,,,0.031500001
124129,2020-09-06,Jessamine,Kentucky,21113.0,486,0.0,6.0,,,,0.06319999700000001
124130,2020-09-07,Jessamine,Kentucky,21113.0,492,0.0,6.0,,,,0.0407
124131,2020-09-08,Jessamine,Kentucky,21113.0,496,0.0,4.0,,,,0.038800001
124132,2020-09-09,Jessamine,Kentucky,21113.0,506,0.0,10.0,,,,-0.038699999
124133,2020-09-10,Jessamine,Kentucky,21113.0,516,0.0,10.0,,,,0.0094100004
124134,2020-09-11,Jessamine,Kentucky,21113.0,523,0.0,7.0,,,,0.0152
124135,2020-09-12,Jessamine,Kentucky,21113.0,534,0.0,11.0,,,,-0.0175
124136,2020-09-13,Jessamine,Kentucky,21113.0,539,0.0,5.0,,,,-0.022299998999999997
124137,2020-09-14,Jessamine,Kentucky,21113.0,539,0.0,0.0,,,,-0.037099997999999995
124138,2020-09-15,Jessamine,Kentucky,21113.0,545,0.0,6.0,,,,-5.9900001e-05
124139,2020-09-16,Jessamine,Kentucky,21113.0,551,0.0,6.0,,,,0.0145
124140,2020-09-17,Jessamine,Kentucky,21113.0,558,0.0,7.0,,,,-0.0084899999
124141,2020-09-18,Jessamine,Kentucky,21113.0,565,0.0,7.0,,,,0.031800002
124142,2020-09-19,Jessamine,Kentucky,21113.0,571,0.0,6.0,,,,0.077699997
124143,2020-09-20,Jessamine,Kentucky,21113.0,575,0.0,4.0,,,,0.067299999
124144,2020-09-21,Jessamine,Kentucky,21113.0,576,0.0,1.0,,,,0.0559
124145,2020-09-22,Jessamine,Kentucky,21113.0,580,0.0,4.0,,,,0.00563
124146,2020-09-23,Jessamine,Kentucky,21113.0,581,0.0,1.0,,,,0.0012300001
124147,2020-09-24,Jessamine,Kentucky,21113.0,582,0.0,1.0,,,,0.0186
124148,2020-09-25,Jessamine,Kentucky,21113.0,590,0.0,8.0,,,,-0.0241
124149,2020-09-26,Jessamine,Kentucky,21113.0,599,0.0,9.0,,,,-0.031599998
124150,2020-09-27,Jessamine,Kentucky,21113.0,608,0.0,9.0,,,,-0.0142
124151,2020-09-28,Jessamine,Kentucky,21113.0,611,0.0,3.0,,,,-0.0072400002
124152,2020-09-29,Jessamine,Kentucky,21113.0,617,0.0,6.0,,,,0.0058300002
124153,2020-09-30,Jessamine,Kentucky,21113.0,628,0.0,11.0,,,,0.0040899999
124154,2020-10-01,Jessamine,Kentucky,21113.0,638,0.0,10.0,,,,-0.0070600002
124155,2020-10-02,Jessamine,Kentucky,21113.0,645,0.0,7.0,,,,0.019300001
124156,2020-10-03,Jessamine,Kentucky,21113.0,652,0.0,7.0,,,,0.0055499999
124157,2020-10-04,Jessamine,Kentucky,21113.0,663,0.0,11.0,,,,-0.0132
124158,2020-10-05,Jessamine,Kentucky,21113.0,669,0.0,6.0,,,,-0.0051899999
124159,2020-10-06,Jessamine,Kentucky,21113.0,674,0.0,5.0,,,,-0.008929999499999999
124160,2020-10-07,Jessamine,Kentucky,21113.0,687,0.0,13.0,,,,-0.0221
124161,2020-10-08,Jessamine,Kentucky,21113.0,702,0.0,15.0,,,,-0.0242
124162,2020-10-09,Jessamine,Kentucky,21113.0,724,0.0,22.0,,,,-0.048099998
124163,2020-10-10,Jessamine,Kentucky,21113.0,734,0.0,10.0,,,,-0.05229999900000001
124164,2020-10-11,Jessamine,Kentucky,21113.0,742,0.0,8.0,,,,-0.028200001000000002
124165,2020-10-12,Jessamine,Kentucky,21113.0,751,0.0,9.0,,,,-0.025800001
124166,2020-10-13,Jessamine,Kentucky,21113.0,771,1.0,20.0,,,,-0.0113
124167,2020-10-14,Jessamine,Kentucky,21113.0,784,1.0,13.0,,,,0.018300001
124168,2020-10-15,Jessamine,Kentucky,21113.0,793,1.0,9.0,,,,0.02
124169,2020-10-16,Jessamine,Kentucky,21113.0,815,1.0,22.0,,,,-0.0109
124170,2020-10-17,Jessamine,Kentucky,21113.0,827,2.0,12.0,,,,0.0007510000099999999
124171,2020-10-18,Jessamine,Kentucky,21113.0,842,2.0,15.0,,,,0.0092900004
124172,2020-10-19,Jessamine,Kentucky,21113.0,868,2.0,26.0,,,,-0.0091300001
124173,2020-10-20,Jessamine,Kentucky,21113.0,876,6.0,8.0,,,,-0.021299999
124174,2020-10-21,Jessamine,Kentucky,21113.0,895,6.0,19.0,,,,-0.044500001
124175,2020-10-22,Jessamine,Kentucky,21113.0,905,7.0,10.0,,,,-0.0579
124176,2020-10-23,Jessamine,Kentucky,21113.0,916,7.0,11.0,,,,-0.04410000099999999
124177,2020-10-24,Jessamine,Kentucky,21113.0,925,9.0,9.0,,,,-0.0199
124178,2020-10-25,Jessamine,Kentucky,21113.0,941,9.0,16.0,,,,-0.0352
124179,2020-10-26,Jessamine,Kentucky,21113.0,958,9.0,17.0,,,,-0.038699999
124180,2020-10-27,Jessamine,Kentucky,21113.0,975,11.0,17.0,,,,-0.029999999
124181,2020-10-28,Jessamine,Kentucky,21113.0,994,11.0,19.0,,,,-0.039000001
124182,2020-10-29,Jessamine,Kentucky,21113.0,1011,12.0,17.0,,,,-0.0277
124183,2020-10-30,Jessamine,Kentucky,21113.0,1028,12.0,17.0,,,,-0.0071
124184,2020-10-31,Jessamine,Kentucky,21113.0,1047,13.0,19.0,,,,-0.0141
124185,2020-11-01,Jessamine,Kentucky,21113.0,1059,14.0,12.0,,,,-0.0491
124186,2020-11-02,Jessamine,Kentucky,21113.0,1072,15.0,13.0,,,,-0.055100000999999996
124187,2020-11-03,Jessamine,Kentucky,21113.0,1083,15.0,11.0,,,,-0.0539
124188,2020-11-04,Jessamine,Kentucky,21113.0,1101,15.0,18.0,,,,-0.074100003
124189,2020-11-05,Jessamine,Kentucky,21113.0,1118,15.0,17.0,,,,-0.074699998
124190,2020-11-06,Jessamine,Kentucky,21113.0,1134,17.0,16.0,,,,-0.044799998
124191,2020-11-07,Jessamine,Kentucky,21113.0,1153,18.0,19.0,,,,-0.0392
124192,2020-11-08,Jessamine,Kentucky,21113.0,1160,18.0,7.0,,,,-0.034600001
124193,2020-11-09,Jessamine,Kentucky,21113.0,1168,18.0,8.0,,,,-0.0572
124194,2020-11-10,Jessamine,Kentucky,21113.0,1211,23.0,43.0,,,,-0.0451
124195,2020-11-11,Jessamine,Kentucky,21113.0,1237,23.0,26.0,,,,-0.0017199999
124196,2020-11-12,Jessamine,Kentucky,21113.0,1271,23.0,34.0,,,,-0.0105
124197,2020-11-13,Jessamine,Kentucky,21113.0,1291,23.0,20.0,,,,0.00010800000000000001
124198,2020-11-14,Jessamine,Kentucky,21113.0,1324,25.0,33.0,,,,-0.0022
124199,2020-11-15,Jessamine,Kentucky,21113.0,1352,25.0,28.0,,,,-0.045000002000000004
124200,2020-11-16,Jessamine,Kentucky,21113.0,1373,25.0,21.0,,,,-0.0429
124201,2020-11-17,Jessamine,Kentucky,21113.0,1405,27.0,32.0,,,,-0.048099998
124202,2020-11-18,Jessamine,Kentucky,21113.0,1440,27.0,35.0,,,,0.0087599996
124203,2020-11-19,Jessamine,Kentucky,21113.0,1464,27.0,24.0,,,,0.0232
124204,2020-11-20,Jessamine,Kentucky,21113.0,1506,27.0,42.0,,,,-0.00825
124205,2020-11-21,Jessamine,Kentucky,21113.0,1546,29.0,40.0,,,,-0.071099997
124206,2020-11-22,Jessamine,Kentucky,21113.0,1558,29.0,12.0,,,,0.0064599997999999995
