,date,county,state,fips,cases,deaths,new_cases,emp_combined,emp_combined_inclow,revenue_all,spend_all
128352,2020-03-27,Woodford,Kentucky,21239.0,3,0.0,0.0,,,,-0.301
128353,2020-03-28,Woodford,Kentucky,21239.0,3,0.0,0.0,,,,-0.32600001
128354,2020-03-29,Woodford,Kentucky,21239.0,3,0.0,0.0,,,,-0.34599999
128355,2020-03-30,Woodford,Kentucky,21239.0,5,0.0,2.0,,,,-0.33899999
128356,2020-03-31,Woodford,Kentucky,21239.0,6,0.0,1.0,,,,-0.25799999
128357,2020-04-01,Woodford,Kentucky,21239.0,6,0.0,0.0,,,,-0.23800001
128358,2020-04-02,Woodford,Kentucky,21239.0,7,0.0,1.0,,,,-0.285
128359,2020-04-03,Woodford,Kentucky,21239.0,7,0.0,0.0,,,,-0.25299999
128360,2020-04-04,Woodford,Kentucky,21239.0,8,0.0,1.0,,,,-0.248
128361,2020-04-05,Woodford,Kentucky,21239.0,8,0.0,0.0,,,,-0.252
128362,2020-04-06,Woodford,Kentucky,21239.0,8,0.0,0.0,,,,-0.235
128363,2020-04-07,Woodford,Kentucky,21239.0,8,0.0,0.0,,,,-0.29499999
128364,2020-04-08,Woodford,Kentucky,21239.0,9,0.0,1.0,,,,-0.29800001
128365,2020-04-09,Woodford,Kentucky,21239.0,13,0.0,4.0,,,,-0.29100001
128366,2020-04-10,Woodford,Kentucky,21239.0,13,0.0,0.0,,,,-0.27599999
128367,2020-04-11,Woodford,Kentucky,21239.0,17,0.0,4.0,,,,-0.25400001
128368,2020-04-12,Woodford,Kentucky,21239.0,14,0.0,-3.0,,,,-0.28799999
128369,2020-04-13,Woodford,Kentucky,21239.0,16,0.0,2.0,,,,-0.301
128370,2020-04-14,Woodford,Kentucky,21239.0,16,0.0,0.0,,,,-0.23399999999999999
128371,2020-04-15,Woodford,Kentucky,21239.0,17,0.0,1.0,,,,-0.16899999999999998
128372,2020-04-16,Woodford,Kentucky,21239.0,20,0.0,3.0,,,,-0.132
128373,2020-04-17,Woodford,Kentucky,21239.0,18,0.0,-2.0,,,,-0.15800001
128374,2020-04-18,Woodford,Kentucky,21239.0,19,0.0,1.0,,,,-0.168
128375,2020-04-19,Woodford,Kentucky,21239.0,19,0.0,0.0,,,,-0.15099999
128376,2020-04-20,Woodford,Kentucky,21239.0,19,0.0,0.0,,,,-0.15899999
128377,2020-04-21,Woodford,Kentucky,21239.0,18,0.0,-1.0,,,,-0.13600001
128378,2020-04-22,Woodford,Kentucky,21239.0,19,0.0,1.0,,,,-0.127
128379,2020-04-23,Woodford,Kentucky,21239.0,19,0.0,0.0,,,,-0.22499999
128380,2020-04-24,Woodford,Kentucky,21239.0,19,0.0,0.0,,,,-0.223
128381,2020-04-25,Woodford,Kentucky,21239.0,19,0.0,0.0,,,,-0.20999999
128382,2020-04-26,Woodford,Kentucky,21239.0,19,0.0,0.0,,,,-0.171
128383,2020-04-27,Woodford,Kentucky,21239.0,19,0.0,0.0,,,,-0.11599999999999999
128384,2020-04-28,Woodford,Kentucky,21239.0,17,0.0,-2.0,,,,-0.138
128385,2020-04-29,Woodford,Kentucky,21239.0,18,0.0,1.0,,,,-0.213
128386,2020-04-30,Woodford,Kentucky,21239.0,18,0.0,0.0,,,,-0.193
128387,2020-05-01,Woodford,Kentucky,21239.0,18,0.0,0.0,,,,-0.16399999999999998
128388,2020-05-02,Woodford,Kentucky,21239.0,18,0.0,0.0,,,,-0.133
128389,2020-05-03,Woodford,Kentucky,21239.0,18,0.0,0.0,,,,-0.161
128390,2020-05-04,Woodford,Kentucky,21239.0,18,0.0,0.0,,,,-0.204
128391,2020-05-05,Woodford,Kentucky,21239.0,18,0.0,0.0,,,,-0.18600000000000003
128392,2020-05-06,Woodford,Kentucky,21239.0,18,0.0,0.0,,,,-0.11800000000000001
128393,2020-05-07,Woodford,Kentucky,21239.0,18,0.0,0.0,,,,-0.066799998
128394,2020-05-08,Woodford,Kentucky,21239.0,17,0.0,-1.0,,,,-0.0845
128395,2020-05-09,Woodford,Kentucky,21239.0,17,0.0,0.0,,,,-0.07530000099999999
128396,2020-05-10,Woodford,Kentucky,21239.0,17,0.0,0.0,,,,-0.053800002
128397,2020-05-11,Woodford,Kentucky,21239.0,18,0.0,1.0,,,,-0.0779
128398,2020-05-12,Woodford,Kentucky,21239.0,19,0.0,1.0,,,,-0.09309999599999999
128399,2020-05-13,Woodford,Kentucky,21239.0,19,0.0,0.0,,,,-0.047400001
128400,2020-05-14,Woodford,Kentucky,21239.0,19,0.0,0.0,,,,0.0276
128401,2020-05-15,Woodford,Kentucky,21239.0,19,0.0,0.0,,,,0.043299999000000006
128402,2020-05-16,Woodford,Kentucky,21239.0,19,0.0,0.0,,,,0.00134
128403,2020-05-17,Woodford,Kentucky,21239.0,19,0.0,0.0,,,,0.0129
128404,2020-05-18,Woodford,Kentucky,21239.0,19,0.0,0.0,,,,0.047499999
128405,2020-05-19,Woodford,Kentucky,21239.0,19,0.0,0.0,,,,0.02
128406,2020-05-20,Woodford,Kentucky,21239.0,19,0.0,0.0,,,,-0.043400000999999994
128407,2020-05-21,Woodford,Kentucky,21239.0,19,0.0,0.0,,,,-0.054699998
128408,2020-05-22,Woodford,Kentucky,21239.0,25,0.0,6.0,,,,-0.039900001000000004
128409,2020-05-23,Woodford,Kentucky,21239.0,25,0.0,0.0,,,,-0.0605
128410,2020-05-24,Woodford,Kentucky,21239.0,25,0.0,0.0,,,,-0.09030000099999999
128411,2020-05-25,Woodford,Kentucky,21239.0,25,0.0,0.0,,,,-0.056499999
128412,2020-05-26,Woodford,Kentucky,21239.0,26,0.0,1.0,,,,-0.113
128413,2020-05-27,Woodford,Kentucky,21239.0,26,0.0,0.0,,,,-0.083800003
128414,2020-05-28,Woodford,Kentucky,21239.0,26,0.0,0.0,,,,-0.08749999900000001
128415,2020-05-29,Woodford,Kentucky,21239.0,27,0.0,1.0,,,,-0.125
128416,2020-05-30,Woodford,Kentucky,21239.0,27,0.0,0.0,,,,-0.10800000000000001
128417,2020-05-31,Woodford,Kentucky,21239.0,27,0.0,0.0,,,,-0.08349999799999999
128418,2020-06-01,Woodford,Kentucky,21239.0,27,0.0,0.0,,,,-0.0363
128419,2020-06-02,Woodford,Kentucky,21239.0,29,0.0,2.0,,,,-0.0285
128420,2020-06-03,Woodford,Kentucky,21239.0,29,0.0,0.0,,,,-0.087399997
128421,2020-06-04,Woodford,Kentucky,21239.0,31,0.0,2.0,,,,-0.121
128422,2020-06-05,Woodford,Kentucky,21239.0,32,0.0,1.0,,,,-0.039700001
128423,2020-06-06,Woodford,Kentucky,21239.0,33,0.0,1.0,,,,0.017899999
128424,2020-06-07,Woodford,Kentucky,21239.0,33,0.0,0.0,,,,0.019400001
128425,2020-06-08,Woodford,Kentucky,21239.0,45,0.0,12.0,,,,-0.024900001
128426,2020-06-09,Woodford,Kentucky,21239.0,45,0.0,0.0,,,,-0.00496
128427,2020-06-10,Woodford,Kentucky,21239.0,45,0.0,0.0,,,,0.032000002
128428,2020-06-11,Woodford,Kentucky,21239.0,46,0.0,1.0,,,,0.025900001000000002
128429,2020-06-12,Woodford,Kentucky,21239.0,45,0.0,-1.0,,,,-0.0118
128430,2020-06-13,Woodford,Kentucky,21239.0,48,0.0,3.0,,,,-0.0064900001
128431,2020-06-14,Woodford,Kentucky,21239.0,54,0.0,6.0,,,,-0.020300001
128432,2020-06-15,Woodford,Kentucky,21239.0,54,0.0,0.0,,,,0.027100001000000002
128433,2020-06-16,Woodford,Kentucky,21239.0,54,0.0,0.0,,,,0.043000000999999996
128434,2020-06-17,Woodford,Kentucky,21239.0,55,0.0,1.0,,,,0.0127
128435,2020-06-18,Woodford,Kentucky,21239.0,58,0.0,3.0,,,,0.0108
128436,2020-06-19,Woodford,Kentucky,21239.0,60,0.0,2.0,,,,0.0020000001
128437,2020-06-20,Woodford,Kentucky,21239.0,60,0.0,0.0,,,,-0.018300001
128438,2020-06-21,Woodford,Kentucky,21239.0,61,0.0,1.0,,,,-0.0103
128439,2020-06-22,Woodford,Kentucky,21239.0,61,0.0,0.0,,,,-0.051600002
128440,2020-06-23,Woodford,Kentucky,21239.0,63,0.0,2.0,,,,-0.084299996
128441,2020-06-24,Woodford,Kentucky,21239.0,63,0.0,0.0,,,,-0.10099999999999999
128442,2020-06-25,Woodford,Kentucky,21239.0,64,0.0,1.0,,,,-0.153
128443,2020-06-26,Woodford,Kentucky,21239.0,64,0.0,0.0,,,,-0.147
128444,2020-06-27,Woodford,Kentucky,21239.0,65,0.0,1.0,,,,-0.141
128445,2020-06-28,Woodford,Kentucky,21239.0,71,0.0,6.0,,,,-0.14
128446,2020-06-29,Woodford,Kentucky,21239.0,71,0.0,0.0,,,,-0.147
128447,2020-06-30,Woodford,Kentucky,21239.0,71,0.0,0.0,,,,-0.16899999999999998
128448,2020-07-01,Woodford,Kentucky,21239.0,71,0.0,0.0,,,,-0.16399999999999998
128449,2020-07-02,Woodford,Kentucky,21239.0,71,0.0,0.0,,,,-0.138
128450,2020-07-03,Woodford,Kentucky,21239.0,73,0.0,2.0,,,,-0.18700001
128451,2020-07-04,Woodford,Kentucky,21239.0,73,0.0,0.0,,,,-0.21600001
128452,2020-07-05,Woodford,Kentucky,21239.0,73,0.0,0.0,,,,-0.168
128453,2020-07-06,Woodford,Kentucky,21239.0,74,0.0,1.0,,,,-0.102
128454,2020-07-07,Woodford,Kentucky,21239.0,75,0.0,1.0,,,,-0.08749999900000001
128455,2020-07-08,Woodford,Kentucky,21239.0,76,0.0,1.0,,,,-0.087099999
128456,2020-07-09,Woodford,Kentucky,21239.0,76,0.0,0.0,,,,-0.08749999900000001
128457,2020-07-10,Woodford,Kentucky,21239.0,80,0.0,4.0,,,,-0.00132
128458,2020-07-11,Woodford,Kentucky,21239.0,81,0.0,1.0,,,,-0.0581
128459,2020-07-12,Woodford,Kentucky,21239.0,83,0.0,2.0,,,,-0.0273
128460,2020-07-13,Woodford,Kentucky,21239.0,84,0.0,1.0,,,,-0.08829999699999999
128461,2020-07-14,Woodford,Kentucky,21239.0,86,0.0,2.0,,,,-0.077500001
128462,2020-07-15,Woodford,Kentucky,21239.0,91,0.0,5.0,,,,-0.083400004
128463,2020-07-16,Woodford,Kentucky,21239.0,93,0.0,2.0,,,,-0.17299999
128464,2020-07-17,Woodford,Kentucky,21239.0,95,0.0,2.0,,,,-0.16
128465,2020-07-18,Woodford,Kentucky,21239.0,96,0.0,1.0,,,,-0.11199999999999999
128466,2020-07-19,Woodford,Kentucky,21239.0,97,0.0,1.0,,,,-0.15099999
128467,2020-07-20,Woodford,Kentucky,21239.0,98,0.0,1.0,,,,-0.168
128468,2020-07-21,Woodford,Kentucky,21239.0,100,0.0,2.0,,,,-0.13500001
128469,2020-07-22,Woodford,Kentucky,21239.0,103,0.0,3.0,,,,-0.094999999
128470,2020-07-23,Woodford,Kentucky,21239.0,104,0.0,1.0,,,,-0.0973
128471,2020-07-24,Woodford,Kentucky,21239.0,106,0.0,2.0,,,,-0.133
128472,2020-07-25,Woodford,Kentucky,21239.0,109,0.0,3.0,,,,-0.156
128473,2020-07-26,Woodford,Kentucky,21239.0,114,0.0,5.0,,,,-0.115
128474,2020-07-27,Woodford,Kentucky,21239.0,115,0.0,1.0,,,,-0.114
128475,2020-07-28,Woodford,Kentucky,21239.0,118,0.0,3.0,,,,-0.16699999999999998
128476,2020-07-29,Woodford,Kentucky,21239.0,120,0.0,2.0,,,,-0.16899999999999998
128477,2020-07-30,Woodford,Kentucky,21239.0,127,0.0,7.0,,,,-0.16399999999999998
128478,2020-07-31,Woodford,Kentucky,21239.0,127,0.0,0.0,,,,-0.121
128479,2020-08-01,Woodford,Kentucky,21239.0,127,0.0,0.0,,,,-0.08910000300000001
128480,2020-08-02,Woodford,Kentucky,21239.0,129,0.0,2.0,,,,-0.13699999
128481,2020-08-03,Woodford,Kentucky,21239.0,133,0.0,4.0,,,,-0.121
128482,2020-08-04,Woodford,Kentucky,21239.0,135,0.0,2.0,,,,-0.114
128483,2020-08-05,Woodford,Kentucky,21239.0,142,0.0,7.0,,,,-0.139
128484,2020-08-06,Woodford,Kentucky,21239.0,148,0.0,6.0,,,,-0.106
128485,2020-08-07,Woodford,Kentucky,21239.0,149,0.0,1.0,,,,-0.126
128486,2020-08-08,Woodford,Kentucky,21239.0,155,0.0,6.0,,,,-0.13600001
128487,2020-08-09,Woodford,Kentucky,21239.0,155,0.0,0.0,,,,-0.09359999699999999
128488,2020-08-10,Woodford,Kentucky,21239.0,156,0.0,1.0,,,,-0.12
128489,2020-08-11,Woodford,Kentucky,21239.0,157,0.0,1.0,,,,-0.09260000300000001
128490,2020-08-12,Woodford,Kentucky,21239.0,165,0.0,8.0,,,,-0.096199997
128491,2020-08-13,Woodford,Kentucky,21239.0,170,0.0,5.0,,,,-0.175
128492,2020-08-14,Woodford,Kentucky,21239.0,175,0.0,5.0,,,,-0.14800000000000002
128493,2020-08-15,Woodford,Kentucky,21239.0,177,0.0,2.0,,,,-0.09960000199999999
128494,2020-08-16,Woodford,Kentucky,21239.0,177,0.0,0.0,,,,-0.0735
128495,2020-08-17,Woodford,Kentucky,21239.0,183,0.0,6.0,,,,-0.086900003
128496,2020-08-18,Woodford,Kentucky,21239.0,185,0.0,2.0,,,,-0.127
128497,2020-08-19,Woodford,Kentucky,21239.0,185,0.0,0.0,,,,-0.087300003
128498,2020-08-20,Woodford,Kentucky,21239.0,185,0.0,0.0,,,,-0.022399999
128499,2020-08-21,Woodford,Kentucky,21239.0,189,0.0,4.0,,,,-0.0352
128500,2020-08-22,Woodford,Kentucky,21239.0,196,0.0,7.0,,,,-0.042199999
128501,2020-08-23,Woodford,Kentucky,21239.0,196,0.0,0.0,,,,-0.074000001
128502,2020-08-24,Woodford,Kentucky,21239.0,202,0.0,6.0,,,,-0.0911
128503,2020-08-25,Woodford,Kentucky,21239.0,201,0.0,-1.0,,,,-0.08070000299999999
128504,2020-08-26,Woodford,Kentucky,21239.0,201,0.0,0.0,,,,-0.102
128505,2020-08-27,Woodford,Kentucky,21239.0,201,0.0,0.0,,,,-0.107
128506,2020-08-28,Woodford,Kentucky,21239.0,202,0.0,1.0,,,,-0.0713
128507,2020-08-29,Woodford,Kentucky,21239.0,203,0.0,1.0,,,,-0.071999997
128508,2020-08-30,Woodford,Kentucky,21239.0,207,0.0,4.0,,,,-0.0964
128509,2020-08-31,Woodford,Kentucky,21239.0,210,0.0,3.0,,,,-0.084399998
128510,2020-09-01,Woodford,Kentucky,21239.0,213,0.0,3.0,,,,-0.036800001
128511,2020-09-02,Woodford,Kentucky,21239.0,215,0.0,2.0,,,,-0.0119
128512,2020-09-03,Woodford,Kentucky,21239.0,214,0.0,-1.0,,,,-0.0219
128513,2020-09-04,Woodford,Kentucky,21239.0,219,0.0,5.0,,,,-0.07
128514,2020-09-05,Woodford,Kentucky,21239.0,222,0.0,3.0,,,,-0.088799998
128515,2020-09-06,Woodford,Kentucky,21239.0,222,0.0,0.0,,,,-0.0605
128516,2020-09-07,Woodford,Kentucky,21239.0,222,0.0,0.0,,,,-0.0678
128517,2020-09-08,Woodford,Kentucky,21239.0,222,0.0,0.0,,,,-0.075199999
128518,2020-09-09,Woodford,Kentucky,21239.0,222,0.0,0.0,,,,-0.127
128519,2020-09-10,Woodford,Kentucky,21239.0,224,0.0,2.0,,,,-0.0898
128520,2020-09-11,Woodford,Kentucky,21239.0,229,0.0,5.0,,,,-0.0328
128521,2020-09-12,Woodford,Kentucky,21239.0,230,0.0,1.0,,,,-0.089000002
128522,2020-09-13,Woodford,Kentucky,21239.0,233,0.0,3.0,,,,-0.11199999999999999
128523,2020-09-14,Woodford,Kentucky,21239.0,237,0.0,4.0,,,,-0.13
128524,2020-09-15,Woodford,Kentucky,21239.0,238,0.0,1.0,,,,-0.074299999
128525,2020-09-16,Woodford,Kentucky,21239.0,242,0.0,4.0,,,,-0.056600001
128526,2020-09-17,Woodford,Kentucky,21239.0,244,0.0,2.0,,,,-0.153
128527,2020-09-18,Woodford,Kentucky,21239.0,248,0.0,4.0,,,,-0.125
128528,2020-09-19,Woodford,Kentucky,21239.0,252,0.0,4.0,,,,-0.0462
128529,2020-09-20,Woodford,Kentucky,21239.0,252,0.0,0.0,,,,-0.077500001
128530,2020-09-21,Woodford,Kentucky,21239.0,256,0.0,4.0,,,,-0.08590000099999999
128531,2020-09-22,Woodford,Kentucky,21239.0,257,0.0,1.0,,,,-0.11
128532,2020-09-23,Woodford,Kentucky,21239.0,258,0.0,1.0,,,,-0.142
128533,2020-09-24,Woodford,Kentucky,21239.0,267,0.0,9.0,,,,-0.113
128534,2020-09-25,Woodford,Kentucky,21239.0,270,0.0,3.0,,,,-0.15800001
128535,2020-09-26,Woodford,Kentucky,21239.0,272,0.0,2.0,,,,-0.22699999999999998
128536,2020-09-27,Woodford,Kentucky,21239.0,273,0.0,1.0,,,,-0.171
128537,2020-09-28,Woodford,Kentucky,21239.0,274,0.0,1.0,,,,-0.141
128538,2020-09-29,Woodford,Kentucky,21239.0,277,0.0,3.0,,,,-0.13600001
128539,2020-09-30,Woodford,Kentucky,21239.0,282,0.0,5.0,,,,-0.13699999
128540,2020-10-01,Woodford,Kentucky,21239.0,287,0.0,5.0,,,,-0.153
128541,2020-10-02,Woodford,Kentucky,21239.0,292,0.0,5.0,,,,-0.09560000199999999
128542,2020-10-03,Woodford,Kentucky,21239.0,296,0.0,4.0,,,,-0.09520000199999999
128543,2020-10-04,Woodford,Kentucky,21239.0,299,0.0,3.0,,,,-0.11699999999999999
128544,2020-10-05,Woodford,Kentucky,21239.0,301,0.0,2.0,,,,-0.08680000199999999
128545,2020-10-06,Woodford,Kentucky,21239.0,304,0.0,3.0,,,,-0.09799999699999999
128546,2020-10-07,Woodford,Kentucky,21239.0,308,0.0,4.0,,,,-0.095700003
128547,2020-10-08,Woodford,Kentucky,21239.0,310,0.0,2.0,,,,-0.08470000300000001
128548,2020-10-09,Woodford,Kentucky,21239.0,315,0.0,5.0,,,,-0.09960000199999999
128549,2020-10-10,Woodford,Kentucky,21239.0,318,0.0,3.0,,,,-0.074199997
128550,2020-10-11,Woodford,Kentucky,21239.0,322,0.0,4.0,,,,-0.083400004
128551,2020-10-12,Woodford,Kentucky,21239.0,322,0.0,0.0,,,,-0.14300001
128552,2020-10-13,Woodford,Kentucky,21239.0,325,0.0,3.0,,,,-0.133
128553,2020-10-14,Woodford,Kentucky,21239.0,330,0.0,5.0,,,,-0.091799997
128554,2020-10-15,Woodford,Kentucky,21239.0,333,0.0,3.0,,,,-0.04410000099999999
128555,2020-10-16,Woodford,Kentucky,21239.0,341,0.0,8.0,,,,-0.082800001
128556,2020-10-17,Woodford,Kentucky,21239.0,343,0.0,2.0,,,,-0.097000003
128557,2020-10-18,Woodford,Kentucky,21239.0,348,0.0,5.0,,,,-0.069799997
128558,2020-10-19,Woodford,Kentucky,21239.0,350,0.0,2.0,,,,-0.083999999
128559,2020-10-20,Woodford,Kentucky,21239.0,350,0.0,0.0,,,,-0.090499997
128560,2020-10-21,Woodford,Kentucky,21239.0,356,0.0,6.0,,,,-0.17900001
128561,2020-10-22,Woodford,Kentucky,21239.0,358,0.0,2.0,,,,-0.213
128562,2020-10-23,Woodford,Kentucky,21239.0,363,0.0,5.0,,,,-0.16
128563,2020-10-24,Woodford,Kentucky,21239.0,367,0.0,4.0,,,,-0.17600000000000002
128564,2020-10-25,Woodford,Kentucky,21239.0,374,0.0,7.0,,,,-0.19599999
128565,2020-10-26,Woodford,Kentucky,21239.0,375,0.0,1.0,,,,-0.107
128566,2020-10-27,Woodford,Kentucky,21239.0,374,0.0,-1.0,,,,-0.15099999
128567,2020-10-28,Woodford,Kentucky,21239.0,380,0.0,6.0,,,,0.038400002
128568,2020-10-29,Woodford,Kentucky,21239.0,388,0.0,8.0,,,,-0.030300001
128569,2020-10-30,Woodford,Kentucky,21239.0,401,0.0,13.0,,,,-0.0277
128570,2020-10-31,Woodford,Kentucky,21239.0,411,0.0,10.0,,,,-0.0044800001
128571,2020-11-01,Woodford,Kentucky,21239.0,419,0.0,8.0,,,,-0.037099997999999995
128572,2020-11-02,Woodford,Kentucky,21239.0,426,0.0,7.0,,,,-0.12800001
128573,2020-11-03,Woodford,Kentucky,21239.0,432,0.0,6.0,,,,-0.228
128574,2020-11-04,Woodford,Kentucky,21239.0,442,0.0,10.0,,,,-0.191
128575,2020-11-05,Woodford,Kentucky,21239.0,454,0.0,12.0,,,,-0.16699999999999998
128576,2020-11-06,Woodford,Kentucky,21239.0,461,0.0,7.0,,,,-0.163
128577,2020-11-07,Woodford,Kentucky,21239.0,469,0.0,8.0,,,,-0.12800001
128578,2020-11-08,Woodford,Kentucky,21239.0,471,0.0,2.0,,,,-0.11599999999999999
128579,2020-11-09,Woodford,Kentucky,21239.0,488,0.0,17.0,,,,-0.132
128580,2020-11-10,Woodford,Kentucky,21239.0,490,0.0,2.0,,,,-0.08519999699999999
128581,2020-11-11,Woodford,Kentucky,21239.0,499,0.0,9.0,,,,-0.063500002
128582,2020-11-12,Woodford,Kentucky,21239.0,514,0.0,15.0,,,,-0.0187
128583,2020-11-13,Woodford,Kentucky,21239.0,525,0.0,11.0,,,,0.0121
128584,2020-11-14,Woodford,Kentucky,21239.0,538,0.0,13.0,,,,-0.06459999799999999
128585,2020-11-15,Woodford,Kentucky,21239.0,539,0.0,1.0,,,,-0.089699998
128586,2020-11-16,Woodford,Kentucky,21239.0,548,0.0,9.0,,,,-0.096900001
128587,2020-11-17,Woodford,Kentucky,21239.0,560,0.0,12.0,,,,-0.156
128588,2020-11-18,Woodford,Kentucky,21239.0,578,0.0,18.0,,,,-0.126
128589,2020-11-19,Woodford,Kentucky,21239.0,613,0.0,35.0,,,,-0.15000001
128590,2020-11-20,Woodford,Kentucky,21239.0,632,0.0,19.0,,,,-0.233
128591,2020-11-21,Woodford,Kentucky,21239.0,650,0.0,18.0,,,,-0.20999999
128592,2020-11-22,Woodford,Kentucky,21239.0,658,0.0,8.0,,,,-0.17
