,date,county,state,fips,cases,deaths,new_cases,emp_combined,emp_combined_inclow,revenue_all,spend_all
129084,2020-03-16,Ascension,Louisiana,22005.0,1,0.0,0.0,,,,0.0077499998999999995
129085,2020-03-17,Ascension,Louisiana,22005.0,1,0.0,0.0,,,,0.0038000001
129086,2020-03-18,Ascension,Louisiana,22005.0,1,0.0,0.0,,,,-0.004520000000000001
129087,2020-03-19,Ascension,Louisiana,22005.0,2,0.0,1.0,,,,-0.0295
129088,2020-03-20,Ascension,Louisiana,22005.0,3,0.0,1.0,,,,-0.064900003
129089,2020-03-21,Ascension,Louisiana,22005.0,12,0.0,9.0,,,,-0.090700001
129090,2020-03-22,Ascension,Louisiana,22005.0,17,0.0,5.0,,,,-0.079999998
129091,2020-03-23,Ascension,Louisiana,22005.0,26,1.0,9.0,,,,-0.134
129092,2020-03-24,Ascension,Louisiana,22005.0,36,1.0,10.0,,,,-0.184
129093,2020-03-25,Ascension,Louisiana,22005.0,65,1.0,29.0,,,,-0.235
129094,2020-03-26,Ascension,Louisiana,22005.0,91,1.0,26.0,,,,-0.259
129095,2020-03-27,Ascension,Louisiana,22005.0,90,1.0,-1.0,,,,-0.294
129096,2020-03-28,Ascension,Louisiana,22005.0,107,1.0,17.0,,,,-0.31400001
129097,2020-03-29,Ascension,Louisiana,22005.0,139,2.0,32.0,,,,-0.34599999
129098,2020-03-30,Ascension,Louisiana,22005.0,153,5.0,14.0,,,,-0.36300001
129099,2020-03-31,Ascension,Louisiana,22005.0,161,6.0,8.0,,,,-0.33700001
129100,2020-04-01,Ascension,Louisiana,22005.0,189,6.0,28.0,,,,-0.30599999
129101,2020-04-02,Ascension,Louisiana,22005.0,201,7.0,12.0,,,,-0.289
129102,2020-04-03,Ascension,Louisiana,22005.0,222,7.0,21.0,,,,-0.29100001
129103,2020-04-04,Ascension,Louisiana,22005.0,284,7.0,62.0,,,,-0.27000001
129104,2020-04-05,Ascension,Louisiana,22005.0,286,11.0,2.0,,,,-0.26699999
129105,2020-04-06,Ascension,Louisiana,22005.0,347,11.0,61.0,,,,-0.259
129106,2020-04-07,Ascension,Louisiana,22005.0,358,11.0,11.0,,,,-0.252
129107,2020-04-08,Ascension,Louisiana,22005.0,366,15.0,8.0,,,,-0.25
129108,2020-04-09,Ascension,Louisiana,22005.0,370,17.0,4.0,,,,-0.22499999
129109,2020-04-10,Ascension,Louisiana,22005.0,397,19.0,27.0,,,,-0.21699999
129110,2020-04-11,Ascension,Louisiana,22005.0,415,20.0,18.0,,,,-0.222
129111,2020-04-12,Ascension,Louisiana,22005.0,428,23.0,13.0,,,,-0.242
129112,2020-04-13,Ascension,Louisiana,22005.0,432,24.0,4.0,,,,-0.205
129113,2020-04-14,Ascension,Louisiana,22005.0,438,27.0,6.0,,,,-0.20800000000000002
129114,2020-04-15,Ascension,Louisiana,22005.0,440,27.0,2.0,,,,-0.183
129115,2020-04-16,Ascension,Louisiana,22005.0,451,29.0,11.0,,,,-0.17299999
129116,2020-04-17,Ascension,Louisiana,22005.0,468,30.0,17.0,,,,-0.147
129117,2020-04-18,Ascension,Louisiana,22005.0,496,30.0,28.0,,,,-0.13
129118,2020-04-19,Ascension,Louisiana,22005.0,508,30.0,12.0,,,,-0.084200002
129119,2020-04-20,Ascension,Louisiana,22005.0,512,31.0,4.0,,,,-0.09260000300000001
129120,2020-04-21,Ascension,Louisiana,22005.0,515,31.0,3.0,,,,-0.0374
129121,2020-04-22,Ascension,Louisiana,22005.0,533,33.0,18.0,,,,-0.0592
129122,2020-04-23,Ascension,Louisiana,22005.0,536,33.0,3.0,,,,-0.091300003
129123,2020-04-24,Ascension,Louisiana,22005.0,551,34.0,15.0,,,,-0.109
129124,2020-04-25,Ascension,Louisiana,22005.0,557,35.0,6.0,,,,-0.10099999999999999
129125,2020-04-26,Ascension,Louisiana,22005.0,568,36.0,11.0,,,,-0.109
129126,2020-04-27,Ascension,Louisiana,22005.0,574,35.0,6.0,,,,-0.11
129127,2020-04-28,Ascension,Louisiana,22005.0,576,36.0,2.0,,,,-0.162
129128,2020-04-29,Ascension,Louisiana,22005.0,587,38.0,11.0,,,,-0.149
129129,2020-04-30,Ascension,Louisiana,22005.0,593,40.0,6.0,,,,-0.133
129130,2020-05-01,Ascension,Louisiana,22005.0,627,40.0,34.0,,,,-0.109
129131,2020-05-02,Ascension,Louisiana,22005.0,636,40.0,9.0,,,,-0.10099999999999999
129132,2020-05-03,Ascension,Louisiana,22005.0,644,40.0,8.0,,,,-0.079099998
129133,2020-05-04,Ascension,Louisiana,22005.0,647,40.0,3.0,,,,-0.069600001
129134,2020-05-05,Ascension,Louisiana,22005.0,657,40.0,10.0,,,,-0.044199999000000004
129135,2020-05-06,Ascension,Louisiana,22005.0,664,44.0,7.0,,,,-0.021400001000000002
129136,2020-05-07,Ascension,Louisiana,22005.0,672,46.0,8.0,,,,-0.0098400004
129137,2020-05-08,Ascension,Louisiana,22005.0,675,46.0,3.0,,,,-0.0025200001
129138,2020-05-09,Ascension,Louisiana,22005.0,689,46.0,14.0,,,,0.0129
129139,2020-05-10,Ascension,Louisiana,22005.0,694,46.0,5.0,,,,-0.0095100002
129140,2020-05-11,Ascension,Louisiana,22005.0,695,48.0,1.0,,,,-0.033799998
129141,2020-05-12,Ascension,Louisiana,22005.0,701,49.0,6.0,,,,-0.0429
129142,2020-05-13,Ascension,Louisiana,22005.0,704,48.0,3.0,,,,-0.052700002
129143,2020-05-14,Ascension,Louisiana,22005.0,745,48.0,41.0,,,,-0.067599997
129144,2020-05-15,Ascension,Louisiana,22005.0,749,48.0,4.0,,,,-0.071599998
129145,2020-05-16,Ascension,Louisiana,22005.0,752,49.0,3.0,,,,-0.079099998
129146,2020-05-17,Ascension,Louisiana,22005.0,756,49.0,4.0,,,,-0.059700000999999996
129147,2020-05-18,Ascension,Louisiana,22005.0,760,50.0,4.0,,,,-0.031500001
129148,2020-05-19,Ascension,Louisiana,22005.0,762,50.0,2.0,,,,-0.013000000000000001
129149,2020-05-20,Ascension,Louisiana,22005.0,768,52.0,6.0,,,,0.0118
129150,2020-05-21,Ascension,Louisiana,22005.0,782,52.0,14.0,,,,0.033100002
129151,2020-05-22,Ascension,Louisiana,22005.0,785,54.0,3.0,,,,0.051600002
129152,2020-05-23,Ascension,Louisiana,22005.0,785,54.0,0.0,,,,0.053100000999999994
129153,2020-05-24,Ascension,Louisiana,22005.0,786,54.0,1.0,,,,0.0572
129154,2020-05-25,Ascension,Louisiana,22005.0,788,54.0,2.0,,,,0.0495
129155,2020-05-26,Ascension,Louisiana,22005.0,792,55.0,4.0,,,,0.0504
129156,2020-05-27,Ascension,Louisiana,22005.0,805,55.0,13.0,,,,0.043000000999999996
129157,2020-05-28,Ascension,Louisiana,22005.0,810,56.0,5.0,,,,0.032200001
129158,2020-05-29,Ascension,Louisiana,22005.0,810,56.0,0.0,,,,0.0147
129159,2020-05-30,Ascension,Louisiana,22005.0,817,56.0,7.0,,,,0.0057199998
129160,2020-05-31,Ascension,Louisiana,22005.0,820,56.0,3.0,,,,-0.0149
129161,2020-06-01,Ascension,Louisiana,22005.0,827,56.0,7.0,,,,-0.00157
129162,2020-06-02,Ascension,Louisiana,22005.0,841,56.0,14.0,,,,0.028999999
129163,2020-06-03,Ascension,Louisiana,22005.0,852,57.0,11.0,,,,0.035999998
129164,2020-06-04,Ascension,Louisiana,22005.0,861,57.0,9.0,,,,0.057599999000000006
129165,2020-06-05,Ascension,Louisiana,22005.0,865,58.0,4.0,,,,0.077799998
129166,2020-06-06,Ascension,Louisiana,22005.0,876,58.0,11.0,,,,0.113
129167,2020-06-07,Ascension,Louisiana,22005.0,882,58.0,6.0,,,,0.124
129168,2020-06-08,Ascension,Louisiana,22005.0,889,58.0,7.0,,,,0.097099997
129169,2020-06-09,Ascension,Louisiana,22005.0,900,58.0,11.0,,,,0.077299997
129170,2020-06-10,Ascension,Louisiana,22005.0,906,58.0,6.0,,,,0.059599999
129171,2020-06-11,Ascension,Louisiana,22005.0,912,58.0,6.0,,,,0.05090000099999999
129172,2020-06-12,Ascension,Louisiana,22005.0,918,58.0,6.0,,,,0.0363
129173,2020-06-13,Ascension,Louisiana,22005.0,931,58.0,13.0,,,,0.018300001
129174,2020-06-14,Ascension,Louisiana,22005.0,935,58.0,4.0,,,,0.0062799998999999995
129175,2020-06-15,Ascension,Louisiana,22005.0,948,58.0,13.0,,,,0.034699999
129176,2020-06-16,Ascension,Louisiana,22005.0,957,58.0,9.0,,,,0.063699998
129177,2020-06-17,Ascension,Louisiana,22005.0,962,58.0,5.0,,,,0.069399998
129178,2020-06-18,Ascension,Louisiana,22005.0,962,58.0,0.0,,,,0.084100001
129179,2020-06-19,Ascension,Louisiana,22005.0,961,58.0,-1.0,,,,0.093699999
129180,2020-06-20,Ascension,Louisiana,22005.0,989,58.0,28.0,,,,0.099399999
129181,2020-06-21,Ascension,Louisiana,22005.0,997,58.0,8.0,,,,0.14
129182,2020-06-22,Ascension,Louisiana,22005.0,1008,58.0,11.0,,,,0.090599999
129183,2020-06-23,Ascension,Louisiana,22005.0,1044,58.0,36.0,,,,0.060400002
129184,2020-06-24,Ascension,Louisiana,22005.0,1070,58.0,26.0,,,,0.0579
129185,2020-06-25,Ascension,Louisiana,22005.0,1094,58.0,24.0,,,,0.0127
129186,2020-06-26,Ascension,Louisiana,22005.0,1115,58.0,21.0,,,,0.0145
129187,2020-06-27,Ascension,Louisiana,22005.0,1115,58.0,0.0,,,,0.0044499998999999995
129188,2020-06-28,Ascension,Louisiana,22005.0,1146,58.0,31.0,,,,-0.0082200002
129189,2020-06-29,Ascension,Louisiana,22005.0,1157,58.0,11.0,,,,0.0232
129190,2020-06-30,Ascension,Louisiana,22005.0,1171,58.0,14.0,,,,0.0253
129191,2020-07-01,Ascension,Louisiana,22005.0,1213,58.0,42.0,,,,0.037300002
129192,2020-07-02,Ascension,Louisiana,22005.0,1246,58.0,33.0,,,,0.08680000199999999
129193,2020-07-03,Ascension,Louisiana,22005.0,1278,58.0,32.0,,,,0.0473
129194,2020-07-04,Ascension,Louisiana,22005.0,1278,58.0,0.0,,,,0.071000002
129195,2020-07-05,Ascension,Louisiana,22005.0,1331,58.0,53.0,,,,0.079000004
129196,2020-07-06,Ascension,Louisiana,22005.0,1358,58.0,27.0,,,,0.10099999999999999
129197,2020-07-07,Ascension,Louisiana,22005.0,1412,59.0,54.0,,,,0.122
129198,2020-07-08,Ascension,Louisiana,22005.0,1441,60.0,29.0,,,,0.121
129199,2020-07-09,Ascension,Louisiana,22005.0,1480,60.0,39.0,,,,0.11900000000000001
129200,2020-07-10,Ascension,Louisiana,22005.0,1532,63.0,52.0,,,,0.12899999
129201,2020-07-11,Ascension,Louisiana,22005.0,1564,63.0,32.0,,,,0.114
129202,2020-07-12,Ascension,Louisiana,22005.0,1597,63.0,33.0,,,,0.141
129203,2020-07-13,Ascension,Louisiana,22005.0,1622,64.0,25.0,,,,0.18600000000000003
129204,2020-07-14,Ascension,Louisiana,22005.0,1655,64.0,33.0,,,,0.18099999
129205,2020-07-15,Ascension,Louisiana,22005.0,1710,64.0,55.0,,,,0.16
129206,2020-07-16,Ascension,Louisiana,22005.0,1755,64.0,45.0,,,,0.10400000000000001
129207,2020-07-17,Ascension,Louisiana,22005.0,1826,64.0,71.0,,,,0.063100003
129208,2020-07-18,Ascension,Louisiana,22005.0,1826,64.0,0.0,,,,0.0614
129209,2020-07-19,Ascension,Louisiana,22005.0,1896,64.0,70.0,,,,0.017100001
129210,2020-07-20,Ascension,Louisiana,22005.0,1976,65.0,80.0,,,,0.022000000000000002
129211,2020-07-21,Ascension,Louisiana,22005.0,2022,65.0,46.0,,,,-0.063000001
129212,2020-07-22,Ascension,Louisiana,22005.0,2077,65.0,55.0,,,,-0.0526
129213,2020-07-23,Ascension,Louisiana,22005.0,2132,65.0,55.0,,,,-0.025
129214,2020-07-24,Ascension,Louisiana,22005.0,2175,65.0,43.0,,,,0.0141
129215,2020-07-25,Ascension,Louisiana,22005.0,2175,65.0,0.0,,,,0.035700001
129216,2020-07-26,Ascension,Louisiana,22005.0,2249,65.0,74.0,,,,0.05090000099999999
129217,2020-07-27,Ascension,Louisiana,22005.0,2335,65.0,86.0,,,,0.041000001
129218,2020-07-28,Ascension,Louisiana,22005.0,2357,65.0,22.0,,,,0.028100001
129219,2020-07-29,Ascension,Louisiana,22005.0,2383,66.0,26.0,,,,0.0241
129220,2020-07-30,Ascension,Louisiana,22005.0,2444,67.0,61.0,,,,0.040100001
129221,2020-07-31,Ascension,Louisiana,22005.0,2458,68.0,14.0,,,,0.0381
129222,2020-08-01,Ascension,Louisiana,22005.0,2458,68.0,0.0,,,,0.045000002000000004
129223,2020-08-02,Ascension,Louisiana,22005.0,2609,68.0,151.0,,,,0.038400002
129224,2020-08-03,Ascension,Louisiana,22005.0,2643,71.0,34.0,,,,0.0471
129225,2020-08-04,Ascension,Louisiana,22005.0,2681,71.0,38.0,,,,0.06199999900000001
129226,2020-08-05,Ascension,Louisiana,22005.0,2725,71.0,44.0,,,,0.077699997
129227,2020-08-06,Ascension,Louisiana,22005.0,2768,71.0,43.0,,,,0.074699998
129228,2020-08-07,Ascension,Louisiana,22005.0,2798,71.0,30.0,,,,0.081200004
129229,2020-08-08,Ascension,Louisiana,22005.0,2798,71.0,0.0,,,,0.073700003
129230,2020-08-09,Ascension,Louisiana,22005.0,2871,74.0,73.0,,,,0.07819999799999999
129231,2020-08-10,Ascension,Louisiana,22005.0,2890,74.0,19.0,,,,0.054699998
129232,2020-08-11,Ascension,Louisiana,22005.0,2930,77.0,40.0,,,,0.04769999900000001
129233,2020-08-12,Ascension,Louisiana,22005.0,2941,78.0,11.0,,,,0.0425
129234,2020-08-13,Ascension,Louisiana,22005.0,2970,79.0,29.0,,,,0.053599997999999996
129235,2020-08-14,Ascension,Louisiana,22005.0,3016,79.0,46.0,,,,0.06570000200000001
129236,2020-08-15,Ascension,Louisiana,22005.0,3016,79.0,0.0,,,,0.079099998
129237,2020-08-16,Ascension,Louisiana,22005.0,3064,81.0,48.0,,,,0.102
129238,2020-08-17,Ascension,Louisiana,22005.0,3084,81.0,20.0,,,,0.141
129239,2020-08-18,Ascension,Louisiana,22005.0,3108,81.0,24.0,,,,0.139
129240,2020-08-19,Ascension,Louisiana,22005.0,3118,81.0,10.0,,,,0.154
129241,2020-08-20,Ascension,Louisiana,22005.0,3140,83.0,22.0,,,,0.138
129242,2020-08-21,Ascension,Louisiana,22005.0,3175,85.0,35.0,,,,0.152
129243,2020-08-22,Ascension,Louisiana,22005.0,3175,85.0,0.0,,,,0.16699999999999998
129244,2020-08-23,Ascension,Louisiana,22005.0,3218,87.0,43.0,,,,0.16599999
129245,2020-08-24,Ascension,Louisiana,22005.0,3226,87.0,8.0,,,,0.13699999
129246,2020-08-25,Ascension,Louisiana,22005.0,3245,90.0,19.0,,,,0.13
129247,2020-08-26,Ascension,Louisiana,22005.0,3257,90.0,12.0,,,,0.11199999999999999
129248,2020-08-27,Ascension,Louisiana,22005.0,3267,90.0,10.0,,,,0.047600000999999996
129249,2020-08-28,Ascension,Louisiana,22005.0,3291,92.0,24.0,,,,0.0090199998
129250,2020-08-29,Ascension,Louisiana,22005.0,3291,92.0,0.0,,,,-0.017100001
129251,2020-08-30,Ascension,Louisiana,22005.0,3324,92.0,33.0,,,,-0.041099999
129252,2020-08-31,Ascension,Louisiana,22005.0,3344,92.0,20.0,,,,-0.026799998999999998
129253,2020-09-01,Ascension,Louisiana,22005.0,3377,92.0,33.0,,,,0.00428
129254,2020-09-02,Ascension,Louisiana,22005.0,3395,92.0,18.0,,,,0.036600001
129255,2020-09-03,Ascension,Louisiana,22005.0,3418,92.0,23.0,,,,0.0647
129256,2020-09-04,Ascension,Louisiana,22005.0,3429,92.0,11.0,,,,0.12300000000000001
129257,2020-09-05,Ascension,Louisiana,22005.0,3429,92.0,0.0,,,,0.147
129258,2020-09-06,Ascension,Louisiana,22005.0,3457,92.0,28.0,,,,0.14399999
129259,2020-09-07,Ascension,Louisiana,22005.0,3465,92.0,8.0,,,,0.121
129260,2020-09-08,Ascension,Louisiana,22005.0,3474,93.0,9.0,,,,0.106
129261,2020-09-09,Ascension,Louisiana,22005.0,3497,93.0,23.0,,,,0.12899999
129262,2020-09-10,Ascension,Louisiana,22005.0,3512,94.0,15.0,,,,0.11699999999999999
129263,2020-09-11,Ascension,Louisiana,22005.0,3538,94.0,26.0,,,,0.12
129264,2020-09-12,Ascension,Louisiana,22005.0,3538,94.0,0.0,,,,0.11699999999999999
129265,2020-09-13,Ascension,Louisiana,22005.0,3571,95.0,33.0,,,,0.122
129266,2020-09-14,Ascension,Louisiana,22005.0,3588,95.0,17.0,,,,0.153
129267,2020-09-15,Ascension,Louisiana,22005.0,3610,96.0,22.0,,,,0.16500001
129268,2020-09-16,Ascension,Louisiana,22005.0,3627,96.0,17.0,,,,0.161
129269,2020-09-17,Ascension,Louisiana,22005.0,3641,96.0,14.0,,,,0.17
129270,2020-09-18,Ascension,Louisiana,22005.0,3657,96.0,16.0,,,,0.18899999999999997
129271,2020-09-19,Ascension,Louisiana,22005.0,3657,96.0,0.0,,,,0.185
129272,2020-09-20,Ascension,Louisiana,22005.0,3684,96.0,27.0,,,,0.17800000000000002
129273,2020-09-21,Ascension,Louisiana,22005.0,3685,96.0,1.0,,,,0.163
129274,2020-09-22,Ascension,Louisiana,22005.0,3693,97.0,8.0,,,,0.13500001
129275,2020-09-23,Ascension,Louisiana,22005.0,3704,97.0,11.0,,,,0.127
129276,2020-09-24,Ascension,Louisiana,22005.0,3717,97.0,13.0,,,,0.11900000000000001
129277,2020-09-25,Ascension,Louisiana,22005.0,3736,97.0,19.0,,,,0.095700003
129278,2020-09-26,Ascension,Louisiana,22005.0,3736,97.0,0.0,,,,0.08829999699999999
129279,2020-09-27,Ascension,Louisiana,22005.0,3750,98.0,14.0,,,,0.076499999
129280,2020-09-28,Ascension,Louisiana,22005.0,3757,98.0,7.0,,,,0.07829999900000001
129281,2020-09-29,Ascension,Louisiana,22005.0,3768,98.0,11.0,,,,0.1
129282,2020-09-30,Ascension,Louisiana,22005.0,3784,98.0,16.0,,,,0.090400003
129283,2020-10-01,Ascension,Louisiana,22005.0,3796,98.0,12.0,,,,0.09189999800000001
129284,2020-10-02,Ascension,Louisiana,22005.0,3804,98.0,8.0,,,,0.127
129285,2020-10-03,Ascension,Louisiana,22005.0,3804,98.0,0.0,,,,0.125
129286,2020-10-04,Ascension,Louisiana,22005.0,3806,98.0,2.0,,,,0.12899999
129287,2020-10-05,Ascension,Louisiana,22005.0,3816,98.0,10.0,,,,0.152
129288,2020-10-06,Ascension,Louisiana,22005.0,3826,98.0,10.0,,,,0.16599999
129289,2020-10-07,Ascension,Louisiana,22005.0,3848,98.0,22.0,,,,0.18799999
129290,2020-10-08,Ascension,Louisiana,22005.0,3862,98.0,14.0,,,,0.2
129291,2020-10-09,Ascension,Louisiana,22005.0,3864,98.0,2.0,,,,0.149
129292,2020-10-10,Ascension,Louisiana,22005.0,3864,98.0,0.0,,,,0.126
129293,2020-10-11,Ascension,Louisiana,22005.0,3877,98.0,13.0,,,,0.11
129294,2020-10-12,Ascension,Louisiana,22005.0,3880,98.0,3.0,,,,0.142
129295,2020-10-13,Ascension,Louisiana,22005.0,3882,98.0,2.0,,,,0.11900000000000001
129296,2020-10-14,Ascension,Louisiana,22005.0,3876,98.0,-6.0,,,,0.0977
129297,2020-10-15,Ascension,Louisiana,22005.0,3885,98.0,9.0,,,,0.08680000199999999
129298,2020-10-16,Ascension,Louisiana,22005.0,3921,98.0,36.0,,,,0.13600001
129299,2020-10-17,Ascension,Louisiana,22005.0,3921,98.0,0.0,,,,0.163
129300,2020-10-18,Ascension,Louisiana,22005.0,3950,98.0,29.0,,,,0.198
129301,2020-10-19,Ascension,Louisiana,22005.0,3945,98.0,-5.0,,,,0.175
129302,2020-10-20,Ascension,Louisiana,22005.0,3955,98.0,10.0,,,,0.16
129303,2020-10-21,Ascension,Louisiana,22005.0,3992,98.0,37.0,,,,0.16699999999999998
129304,2020-10-22,Ascension,Louisiana,22005.0,3998,98.0,6.0,,,,0.18099999
129305,2020-10-23,Ascension,Louisiana,22005.0,4043,98.0,45.0,,,,0.149
129306,2020-10-24,Ascension,Louisiana,22005.0,4043,98.0,0.0,,,,0.156
129307,2020-10-25,Ascension,Louisiana,22005.0,4073,98.0,30.0,,,,0.134
129308,2020-10-26,Ascension,Louisiana,22005.0,4075,99.0,2.0,,,,0.11599999999999999
129309,2020-10-27,Ascension,Louisiana,22005.0,4146,99.0,71.0,,,,0.10300000000000001
129310,2020-10-28,Ascension,Louisiana,22005.0,4169,99.0,23.0,,,,0.052099999
129311,2020-10-29,Ascension,Louisiana,22005.0,4186,100.0,17.0,,,,0.0418
129312,2020-10-30,Ascension,Louisiana,22005.0,4212,100.0,26.0,,,,0.041000001
129313,2020-10-31,Ascension,Louisiana,22005.0,4212,100.0,0.0,,,,0.0263
129314,2020-11-01,Ascension,Louisiana,22005.0,4299,100.0,87.0,,,,0.0142
129315,2020-11-02,Ascension,Louisiana,22005.0,4308,100.0,9.0,,,,0.0228
129316,2020-11-03,Ascension,Louisiana,22005.0,4338,100.0,30.0,,,,0.05519999900000001
129317,2020-11-04,Ascension,Louisiana,22005.0,4352,100.0,14.0,,,,0.11199999999999999
129318,2020-11-05,Ascension,Louisiana,22005.0,4382,100.0,30.0,,,,0.127
129319,2020-11-06,Ascension,Louisiana,22005.0,4405,100.0,23.0,,,,0.145
129320,2020-11-07,Ascension,Louisiana,22005.0,4405,100.0,0.0,,,,0.155
129321,2020-11-08,Ascension,Louisiana,22005.0,4460,100.0,55.0,,,,0.17200001
129322,2020-11-09,Ascension,Louisiana,22005.0,4466,100.0,6.0,,,,0.17399999
129323,2020-11-10,Ascension,Louisiana,22005.0,4493,100.0,27.0,,,,0.13
129324,2020-11-11,Ascension,Louisiana,22005.0,4493,100.0,0.0,,,,0.09239999900000001
129325,2020-11-12,Ascension,Louisiana,22005.0,4600,100.0,107.0,,,,0.111
129326,2020-11-13,Ascension,Louisiana,22005.0,4881,103.0,281.0,,,,0.093699999
129327,2020-11-14,Ascension,Louisiana,22005.0,4881,103.0,0.0,,,,0.124
129328,2020-11-15,Ascension,Louisiana,22005.0,4991,103.0,110.0,,,,0.11599999999999999
129329,2020-11-16,Ascension,Louisiana,22005.0,4994,103.0,3.0,,,,0.11199999999999999
129330,2020-11-17,Ascension,Louisiana,22005.0,5068,103.0,74.0,,,,0.11900000000000001
129331,2020-11-18,Ascension,Louisiana,22005.0,5173,104.0,105.0,,,,0.10300000000000001
129332,2020-11-19,Ascension,Louisiana,22005.0,5228,105.0,55.0,,,,0.11900000000000001
129333,2020-11-20,Ascension,Louisiana,22005.0,5325,106.0,97.0,,,,0.13600001
129334,2020-11-21,Ascension,Louisiana,22005.0,5325,106.0,0.0,,,,0.11
129335,2020-11-22,Ascension,Louisiana,22005.0,5388,106.0,63.0,,,,0.11599999999999999
