,date,county,state,fips,cases,deaths,new_cases,emp_combined,emp_combined_inclow,revenue_all,spend_all
130592,2020-03-20,Catahoula,Louisiana,22025.0,1,0.0,0.0,,,,0.037300002
130593,2020-03-21,Catahoula,Louisiana,22025.0,1,0.0,0.0,,,,0.0086700004
130594,2020-03-22,Catahoula,Louisiana,22025.0,1,1.0,0.0,,,,-0.0085899998
130595,2020-03-23,Catahoula,Louisiana,22025.0,1,1.0,0.0,,,,-0.08560000400000001
130596,2020-03-24,Catahoula,Louisiana,22025.0,1,1.0,0.0,,,,-0.184
130597,2020-03-25,Catahoula,Louisiana,22025.0,1,1.0,0.0,,,,-0.23399999999999999
130598,2020-03-26,Catahoula,Louisiana,22025.0,1,1.0,0.0,,,,-0.271
130599,2020-03-27,Catahoula,Louisiana,22025.0,1,1.0,0.0,,,,-0.29499999
130600,2020-03-28,Catahoula,Louisiana,22025.0,1,1.0,0.0,,,,-0.35699999
130601,2020-03-29,Catahoula,Louisiana,22025.0,1,1.0,0.0,,,,-0.34999999
130602,2020-03-30,Catahoula,Louisiana,22025.0,3,1.0,2.0,,,,-0.35299999
130603,2020-03-31,Catahoula,Louisiana,22025.0,3,1.0,0.0,,,,-0.32699999
130604,2020-04-01,Catahoula,Louisiana,22025.0,3,1.0,0.0,,,,-0.266
130605,2020-04-02,Catahoula,Louisiana,22025.0,5,1.0,2.0,,,,-0.24699999
130606,2020-04-03,Catahoula,Louisiana,22025.0,6,1.0,1.0,,,,-0.228
130607,2020-04-04,Catahoula,Louisiana,22025.0,9,1.0,3.0,,,,-0.192
130608,2020-04-05,Catahoula,Louisiana,22025.0,9,1.0,0.0,,,,-0.2
130609,2020-04-06,Catahoula,Louisiana,22025.0,12,1.0,3.0,,,,-0.14
130610,2020-04-07,Catahoula,Louisiana,22025.0,13,1.0,1.0,,,,-0.105
130611,2020-04-08,Catahoula,Louisiana,22025.0,14,1.0,1.0,,,,-0.122
130612,2020-04-09,Catahoula,Louisiana,22025.0,17,1.0,3.0,,,,-0.09399999699999999
130613,2020-04-10,Catahoula,Louisiana,22025.0,18,1.0,1.0,,,,-0.10099999999999999
130614,2020-04-11,Catahoula,Louisiana,22025.0,20,1.0,2.0,,,,-0.089299999
130615,2020-04-12,Catahoula,Louisiana,22025.0,21,1.0,1.0,,,,-0.096600004
130616,2020-04-13,Catahoula,Louisiana,22025.0,21,1.0,0.0,,,,-0.093699999
130617,2020-04-14,Catahoula,Louisiana,22025.0,21,1.0,0.0,,,,-0.088100001
130618,2020-04-15,Catahoula,Louisiana,22025.0,22,1.0,1.0,,,,-0.0071999999
130619,2020-04-16,Catahoula,Louisiana,22025.0,23,1.0,1.0,,,,-0.037799999
130620,2020-04-17,Catahoula,Louisiana,22025.0,23,1.0,0.0,,,,0.0101
130621,2020-04-18,Catahoula,Louisiana,22025.0,23,1.0,0.0,,,,0.06319999700000001
130622,2020-04-19,Catahoula,Louisiana,22025.0,24,1.0,1.0,,,,0.09399999699999999
130623,2020-04-20,Catahoula,Louisiana,22025.0,24,1.0,0.0,,,,0.092500001
130624,2020-04-21,Catahoula,Louisiana,22025.0,24,1.0,0.0,,,,0.121
130625,2020-04-22,Catahoula,Louisiana,22025.0,24,1.0,0.0,,,,0.042800002000000004
130626,2020-04-23,Catahoula,Louisiana,22025.0,24,2.0,0.0,,,,0.048500000999999994
130627,2020-04-24,Catahoula,Louisiana,22025.0,25,2.0,1.0,,,,0.0199
130628,2020-04-25,Catahoula,Louisiana,22025.0,25,2.0,0.0,,,,-0.034299999
130629,2020-04-26,Catahoula,Louisiana,22025.0,25,2.0,0.0,,,,-0.053100000999999994
130630,2020-04-27,Catahoula,Louisiana,22025.0,25,2.0,0.0,,,,-0.083700001
130631,2020-04-28,Catahoula,Louisiana,22025.0,25,2.0,0.0,,,,-0.12
130632,2020-04-29,Catahoula,Louisiana,22025.0,35,2.0,10.0,,,,-0.107
130633,2020-04-30,Catahoula,Louisiana,22025.0,36,2.0,1.0,,,,-0.0748
130634,2020-05-01,Catahoula,Louisiana,22025.0,40,2.0,4.0,,,,-0.0568
130635,2020-05-02,Catahoula,Louisiana,22025.0,44,2.0,4.0,,,,-0.05229999900000001
130636,2020-05-03,Catahoula,Louisiana,22025.0,45,2.0,1.0,,,,-0.058499999000000004
130637,2020-05-04,Catahoula,Louisiana,22025.0,46,2.0,1.0,,,,-0.0253
130638,2020-05-05,Catahoula,Louisiana,22025.0,46,3.0,0.0,,,,0.00324
130639,2020-05-06,Catahoula,Louisiana,22025.0,46,2.0,0.0,,,,0.062100000999999995
130640,2020-05-07,Catahoula,Louisiana,22025.0,46,2.0,0.0,,,,0.021600001
130641,2020-05-08,Catahoula,Louisiana,22025.0,59,2.0,13.0,,,,0.00339
130642,2020-05-09,Catahoula,Louisiana,22025.0,83,2.0,24.0,,,,0.0372
130643,2020-05-10,Catahoula,Louisiana,22025.0,85,2.0,2.0,,,,0.09229999800000001
130644,2020-05-11,Catahoula,Louisiana,22025.0,85,3.0,0.0,,,,0.062199999000000006
130645,2020-05-12,Catahoula,Louisiana,22025.0,86,3.0,1.0,,,,0.10800000000000001
130646,2020-05-13,Catahoula,Louisiana,22025.0,103,3.0,17.0,,,,0.079400003
130647,2020-05-14,Catahoula,Louisiana,22025.0,103,3.0,0.0,,,,0.106
130648,2020-05-15,Catahoula,Louisiana,22025.0,103,3.0,0.0,,,,0.021299999
130649,2020-05-16,Catahoula,Louisiana,22025.0,104,3.0,1.0,,,,0.041000001
130650,2020-05-17,Catahoula,Louisiana,22025.0,106,3.0,2.0,,,,-0.0041299998
130651,2020-05-18,Catahoula,Louisiana,22025.0,106,3.0,0.0,,,,0.0106
130652,2020-05-19,Catahoula,Louisiana,22025.0,106,3.0,0.0,,,,-0.00233
130653,2020-05-20,Catahoula,Louisiana,22025.0,106,3.0,0.0,,,,-0.0286
130654,2020-05-21,Catahoula,Louisiana,22025.0,112,3.0,6.0,,,,-0.00063800003
130655,2020-05-22,Catahoula,Louisiana,22025.0,112,3.0,0.0,,,,0.12800001
130656,2020-05-23,Catahoula,Louisiana,22025.0,112,3.0,0.0,,,,0.152
130657,2020-05-24,Catahoula,Louisiana,22025.0,112,3.0,0.0,,,,0.18099999
130658,2020-05-25,Catahoula,Louisiana,22025.0,112,3.0,0.0,,,,0.11
130659,2020-05-26,Catahoula,Louisiana,22025.0,112,3.0,0.0,,,,0.142
130660,2020-05-27,Catahoula,Louisiana,22025.0,112,3.0,0.0,,,,0.13
130661,2020-05-28,Catahoula,Louisiana,22025.0,112,3.0,0.0,,,,0.12899999
130662,2020-05-29,Catahoula,Louisiana,22025.0,112,3.0,0.0,,,,0.081500001
130663,2020-05-30,Catahoula,Louisiana,22025.0,113,3.0,1.0,,,,0.035100002000000005
130664,2020-05-31,Catahoula,Louisiana,22025.0,113,3.0,0.0,,,,0.0253
130665,2020-06-01,Catahoula,Louisiana,22025.0,115,3.0,2.0,,,,0.009379999699999999
130666,2020-06-02,Catahoula,Louisiana,22025.0,114,3.0,-1.0,,,,0.0036500001
130667,2020-06-03,Catahoula,Louisiana,22025.0,117,3.0,3.0,,,,0.0217
130668,2020-06-04,Catahoula,Louisiana,22025.0,119,3.0,2.0,,,,-0.0117
130669,2020-06-05,Catahoula,Louisiana,22025.0,120,3.0,1.0,,,,0.0063800002
130670,2020-06-06,Catahoula,Louisiana,22025.0,120,3.0,0.0,,,,0.080499999
130671,2020-06-07,Catahoula,Louisiana,22025.0,121,3.0,1.0,,,,0.109
130672,2020-06-08,Catahoula,Louisiana,22025.0,121,3.0,0.0,,,,0.16399999999999998
130673,2020-06-09,Catahoula,Louisiana,22025.0,121,3.0,0.0,,,,0.21600001
130674,2020-06-10,Catahoula,Louisiana,22025.0,123,3.0,2.0,,,,0.175
130675,2020-06-11,Catahoula,Louisiana,22025.0,123,3.0,0.0,,,,0.235
130676,2020-06-12,Catahoula,Louisiana,22025.0,124,3.0,1.0,,,,0.19599999
130677,2020-06-13,Catahoula,Louisiana,22025.0,130,3.0,6.0,,,,0.21699999
130678,2020-06-14,Catahoula,Louisiana,22025.0,130,3.0,0.0,,,,0.207
130679,2020-06-15,Catahoula,Louisiana,22025.0,131,3.0,1.0,,,,0.226
130680,2020-06-16,Catahoula,Louisiana,22025.0,162,3.0,31.0,,,,0.242
130681,2020-06-17,Catahoula,Louisiana,22025.0,164,3.0,2.0,,,,0.32499999
130682,2020-06-18,Catahoula,Louisiana,22025.0,164,3.0,0.0,,,,0.35800001
130683,2020-06-19,Catahoula,Louisiana,22025.0,151,3.0,-13.0,,,,0.38699999
130684,2020-06-20,Catahoula,Louisiana,22025.0,152,3.0,1.0,,,,0.38699999
130685,2020-06-21,Catahoula,Louisiana,22025.0,152,3.0,0.0,,,,0.38699999
130686,2020-06-22,Catahoula,Louisiana,22025.0,153,3.0,1.0,,,,0.38699999
130687,2020-06-23,Catahoula,Louisiana,22025.0,154,3.0,1.0,,,,0.33299999999999996
130688,2020-06-24,Catahoula,Louisiana,22025.0,154,3.0,0.0,,,,0.26499999
130689,2020-06-25,Catahoula,Louisiana,22025.0,157,3.0,3.0,,,,0.14300001
130690,2020-06-26,Catahoula,Louisiana,22025.0,160,3.0,3.0,,,,-0.0096699996
130691,2020-06-27,Catahoula,Louisiana,22025.0,160,3.0,0.0,,,,-0.0933
130692,2020-06-28,Catahoula,Louisiana,22025.0,188,3.0,28.0,,,,-0.177
130693,2020-06-29,Catahoula,Louisiana,22025.0,190,3.0,2.0,,,,-0.192
130694,2020-06-30,Catahoula,Louisiana,22025.0,190,3.0,0.0,,,,-0.16399999999999998
130695,2020-07-01,Catahoula,Louisiana,22025.0,190,3.0,0.0,,,,-0.156
130696,2020-07-02,Catahoula,Louisiana,22025.0,192,3.0,2.0,,,,-0.08680000199999999
130697,2020-07-03,Catahoula,Louisiana,22025.0,194,3.0,2.0,,,,0.0111
130698,2020-07-04,Catahoula,Louisiana,22025.0,194,3.0,0.0,,,,0.11800000000000001
130699,2020-07-05,Catahoula,Louisiana,22025.0,195,3.0,1.0,,,,0.040399998
130700,2020-07-06,Catahoula,Louisiana,22025.0,198,3.0,3.0,,,,0.0208
130701,2020-07-07,Catahoula,Louisiana,22025.0,204,3.0,6.0,,,,0.019400001
130702,2020-07-08,Catahoula,Louisiana,22025.0,206,3.0,2.0,,,,0.045499999000000006
130703,2020-07-09,Catahoula,Louisiana,22025.0,210,3.0,4.0,,,,0.0143
130704,2020-07-10,Catahoula,Louisiana,22025.0,211,3.0,1.0,,,,0.13
130705,2020-07-11,Catahoula,Louisiana,22025.0,214,3.0,3.0,,,,0.182
130706,2020-07-12,Catahoula,Louisiana,22025.0,215,3.0,1.0,,,,0.14300001
130707,2020-07-13,Catahoula,Louisiana,22025.0,215,3.0,0.0,,,,0.17600000000000002
130708,2020-07-14,Catahoula,Louisiana,22025.0,217,3.0,2.0,,,,0.14399999
130709,2020-07-15,Catahoula,Louisiana,22025.0,218,3.0,1.0,,,,0.046500001
130710,2020-07-16,Catahoula,Louisiana,22025.0,220,3.0,2.0,,,,0.0502
130711,2020-07-17,Catahoula,Louisiana,22025.0,221,3.0,1.0,,,,0.09229999800000001
130712,2020-07-18,Catahoula,Louisiana,22025.0,221,3.0,0.0,,,,0.114
130713,2020-07-19,Catahoula,Louisiana,22025.0,222,3.0,1.0,,,,0.069799997
130714,2020-07-20,Catahoula,Louisiana,22025.0,235,3.0,13.0,,,,0.0592
130715,2020-07-21,Catahoula,Louisiana,22025.0,233,3.0,-2.0,,,,0.127
130716,2020-07-22,Catahoula,Louisiana,22025.0,235,3.0,2.0,,,,0.222
130717,2020-07-23,Catahoula,Louisiana,22025.0,237,3.0,2.0,,,,0.242
130718,2020-07-24,Catahoula,Louisiana,22025.0,238,3.0,1.0,,,,0.2
130719,2020-07-25,Catahoula,Louisiana,22025.0,238,3.0,0.0,,,,0.24100000000000002
130720,2020-07-26,Catahoula,Louisiana,22025.0,243,3.0,5.0,,,,0.292
130721,2020-07-27,Catahoula,Louisiana,22025.0,243,3.0,0.0,,,,0.34999999
130722,2020-07-28,Catahoula,Louisiana,22025.0,243,3.0,0.0,,,,0.31799999
130723,2020-07-29,Catahoula,Louisiana,22025.0,246,3.0,3.0,,,,0.32800001
130724,2020-07-30,Catahoula,Louisiana,22025.0,249,3.0,3.0,,,,0.38699999
130725,2020-07-31,Catahoula,Louisiana,22025.0,249,4.0,0.0,,,,0.38699999
130726,2020-08-01,Catahoula,Louisiana,22025.0,249,4.0,0.0,,,,0.38699999
130727,2020-08-02,Catahoula,Louisiana,22025.0,256,4.0,7.0,,,,0.375
130728,2020-08-03,Catahoula,Louisiana,22025.0,264,4.0,8.0,,,,0.32899999999999996
130729,2020-08-04,Catahoula,Louisiana,22025.0,267,5.0,3.0,,,,0.28099999
130730,2020-08-05,Catahoula,Louisiana,22025.0,273,5.0,6.0,,,,0.29499999
130731,2020-08-06,Catahoula,Louisiana,22025.0,276,5.0,3.0,,,,0.10800000000000001
130732,2020-08-07,Catahoula,Louisiana,22025.0,280,5.0,4.0,,,,0.125
130733,2020-08-08,Catahoula,Louisiana,22025.0,280,5.0,0.0,,,,0.17
130734,2020-08-09,Catahoula,Louisiana,22025.0,293,5.0,13.0,,,,0.18799999
130735,2020-08-10,Catahoula,Louisiana,22025.0,295,5.0,2.0,,,,0.168
130736,2020-08-11,Catahoula,Louisiana,22025.0,296,5.0,1.0,,,,0.177
130737,2020-08-12,Catahoula,Louisiana,22025.0,300,5.0,4.0,,,,0.18799999
130738,2020-08-13,Catahoula,Louisiana,22025.0,305,5.0,5.0,,,,0.124
130739,2020-08-14,Catahoula,Louisiana,22025.0,312,5.0,7.0,,,,0.134
130740,2020-08-15,Catahoula,Louisiana,22025.0,312,5.0,0.0,,,,0.094300002
130741,2020-08-16,Catahoula,Louisiana,22025.0,319,5.0,7.0,,,,0.192
130742,2020-08-17,Catahoula,Louisiana,22025.0,321,5.0,2.0,,,,0.13500001
130743,2020-08-18,Catahoula,Louisiana,22025.0,323,5.0,2.0,,,,0.12
130744,2020-08-19,Catahoula,Louisiana,22025.0,329,5.0,6.0,,,,0.16599999
130745,2020-08-20,Catahoula,Louisiana,22025.0,329,5.0,0.0,,,,0.244
130746,2020-08-21,Catahoula,Louisiana,22025.0,338,6.0,9.0,,,,0.215
130747,2020-08-22,Catahoula,Louisiana,22025.0,338,6.0,0.0,,,,0.25799999
130748,2020-08-23,Catahoula,Louisiana,22025.0,346,6.0,8.0,,,,0.22499999
130749,2020-08-24,Catahoula,Louisiana,22025.0,351,6.0,5.0,,,,0.25600001
130750,2020-08-25,Catahoula,Louisiana,22025.0,354,6.0,3.0,,,,0.249
130751,2020-08-26,Catahoula,Louisiana,22025.0,358,6.0,4.0,,,,0.18700001
130752,2020-08-27,Catahoula,Louisiana,22025.0,363,6.0,5.0,,,,0.086900003
130753,2020-08-28,Catahoula,Louisiana,22025.0,366,6.0,3.0,,,,0.18700001
130754,2020-08-29,Catahoula,Louisiana,22025.0,366,6.0,0.0,,,,0.23100001
130755,2020-08-30,Catahoula,Louisiana,22025.0,369,6.0,3.0,,,,0.25400001
130756,2020-08-31,Catahoula,Louisiana,22025.0,371,6.0,2.0,,,,0.21799999
130757,2020-09-01,Catahoula,Louisiana,22025.0,375,6.0,4.0,,,,0.171
130758,2020-09-02,Catahoula,Louisiana,22025.0,381,6.0,6.0,,,,0.162
130759,2020-09-03,Catahoula,Louisiana,22025.0,383,6.0,2.0,,,,0.285
130760,2020-09-04,Catahoula,Louisiana,22025.0,384,6.0,1.0,,,,0.18600000000000003
130761,2020-09-05,Catahoula,Louisiana,22025.0,384,6.0,0.0,,,,0.09359999699999999
130762,2020-09-06,Catahoula,Louisiana,22025.0,387,6.0,3.0,,,,0.20299999
130763,2020-09-07,Catahoula,Louisiana,22025.0,388,6.0,1.0,,,,0.26100001
130764,2020-09-08,Catahoula,Louisiana,22025.0,391,6.0,3.0,,,,0.19899999999999998
130765,2020-09-09,Catahoula,Louisiana,22025.0,398,6.0,7.0,,,,0.14399999
130766,2020-09-10,Catahoula,Louisiana,22025.0,401,6.0,3.0,,,,0.17200001
130767,2020-09-11,Catahoula,Louisiana,22025.0,404,6.0,3.0,,,,0.17299999
130768,2020-09-12,Catahoula,Louisiana,22025.0,404,6.0,0.0,,,,0.20999999
130769,2020-09-13,Catahoula,Louisiana,22025.0,419,8.0,15.0,,,,0.17600000000000002
130770,2020-09-14,Catahoula,Louisiana,22025.0,420,8.0,1.0,,,,0.161
130771,2020-09-15,Catahoula,Louisiana,22025.0,421,9.0,1.0,,,,0.122
130772,2020-09-16,Catahoula,Louisiana,22025.0,422,9.0,1.0,,,,0.057500000999999995
130773,2020-09-17,Catahoula,Louisiana,22025.0,424,9.0,2.0,,,,0.057700000999999994
130774,2020-09-18,Catahoula,Louisiana,22025.0,426,10.0,2.0,,,,0.056200001
130775,2020-09-19,Catahoula,Louisiana,22025.0,426,10.0,0.0,,,,0.07620000099999999
130776,2020-09-20,Catahoula,Louisiana,22025.0,430,10.0,4.0,,,,0.12
130777,2020-09-21,Catahoula,Louisiana,22025.0,429,10.0,-1.0,,,,0.13500001
130778,2020-09-22,Catahoula,Louisiana,22025.0,432,10.0,3.0,,,,0.161
130779,2020-09-23,Catahoula,Louisiana,22025.0,432,10.0,0.0,,,,0.149
130780,2020-09-24,Catahoula,Louisiana,22025.0,432,10.0,0.0,,,,0.146
130781,2020-09-25,Catahoula,Louisiana,22025.0,433,10.0,1.0,,,,0.20100001
130782,2020-09-26,Catahoula,Louisiana,22025.0,433,10.0,0.0,,,,0.18799999
130783,2020-09-27,Catahoula,Louisiana,22025.0,436,10.0,3.0,,,,0.191
130784,2020-09-28,Catahoula,Louisiana,22025.0,434,10.0,-2.0,,,,0.223
130785,2020-09-29,Catahoula,Louisiana,22025.0,437,10.0,3.0,,,,0.257
130786,2020-09-30,Catahoula,Louisiana,22025.0,437,10.0,0.0,,,,0.32300001
130787,2020-10-01,Catahoula,Louisiana,22025.0,438,10.0,1.0,,,,0.285
130788,2020-10-02,Catahoula,Louisiana,22025.0,440,11.0,2.0,,,,0.24699999
130789,2020-10-03,Catahoula,Louisiana,22025.0,440,11.0,0.0,,,,0.33500001
130790,2020-10-04,Catahoula,Louisiana,22025.0,439,11.0,-1.0,,,,0.38699999
130791,2020-10-05,Catahoula,Louisiana,22025.0,443,11.0,4.0,,,,0.38699999
130792,2020-10-06,Catahoula,Louisiana,22025.0,443,12.0,0.0,,,,0.38699999
130793,2020-10-07,Catahoula,Louisiana,22025.0,442,12.0,-1.0,,,,0.38699999
130794,2020-10-08,Catahoula,Louisiana,22025.0,444,12.0,2.0,,,,0.38699999
130795,2020-10-09,Catahoula,Louisiana,22025.0,442,12.0,-2.0,,,,0.38699999
130796,2020-10-10,Catahoula,Louisiana,22025.0,442,12.0,0.0,,,,0.228
130797,2020-10-11,Catahoula,Louisiana,22025.0,446,12.0,4.0,,,,0.18700001
130798,2020-10-12,Catahoula,Louisiana,22025.0,447,12.0,1.0,,,,0.23
130799,2020-10-13,Catahoula,Louisiana,22025.0,450,12.0,3.0,,,,0.21600001
130800,2020-10-14,Catahoula,Louisiana,22025.0,453,12.0,3.0,,,,0.175
130801,2020-10-15,Catahoula,Louisiana,22025.0,453,12.0,0.0,,,,0.12
130802,2020-10-16,Catahoula,Louisiana,22025.0,452,13.0,-1.0,,,,0.11900000000000001
130803,2020-10-17,Catahoula,Louisiana,22025.0,452,13.0,0.0,,,,0.17600000000000002
130804,2020-10-18,Catahoula,Louisiana,22025.0,455,13.0,3.0,,,,0.18899999999999997
130805,2020-10-19,Catahoula,Louisiana,22025.0,453,14.0,-2.0,,,,0.21100000000000002
130806,2020-10-20,Catahoula,Louisiana,22025.0,457,14.0,4.0,,,,0.22899999999999998
130807,2020-10-21,Catahoula,Louisiana,22025.0,455,14.0,-2.0,,,,0.29100001
130808,2020-10-22,Catahoula,Louisiana,22025.0,459,14.0,4.0,,,,0.32499999
130809,2020-10-23,Catahoula,Louisiana,22025.0,460,14.0,1.0,,,,0.35499999
130810,2020-10-24,Catahoula,Louisiana,22025.0,460,14.0,0.0,,,,0.289
130811,2020-10-25,Catahoula,Louisiana,22025.0,464,14.0,4.0,,,,0.31
130812,2020-10-26,Catahoula,Louisiana,22025.0,464,14.0,0.0,,,,0.273
130813,2020-10-27,Catahoula,Louisiana,22025.0,461,14.0,-3.0,,,,0.24600001
130814,2020-10-28,Catahoula,Louisiana,22025.0,463,14.0,2.0,,,,0.17
130815,2020-10-29,Catahoula,Louisiana,22025.0,463,15.0,0.0,,,,0.19400001
130816,2020-10-30,Catahoula,Louisiana,22025.0,465,15.0,2.0,,,,0.17299999
130817,2020-10-31,Catahoula,Louisiana,22025.0,465,15.0,0.0,,,,0.21100000000000002
130818,2020-11-01,Catahoula,Louisiana,22025.0,464,15.0,-1.0,,,,0.132
130819,2020-11-02,Catahoula,Louisiana,22025.0,465,15.0,1.0,,,,0.10099999999999999
130820,2020-11-03,Catahoula,Louisiana,22025.0,466,15.0,1.0,,,,0.14
130821,2020-11-04,Catahoula,Louisiana,22025.0,465,15.0,-1.0,,,,0.15000001
130822,2020-11-05,Catahoula,Louisiana,22025.0,466,15.0,1.0,,,,0.198
130823,2020-11-06,Catahoula,Louisiana,22025.0,465,15.0,-1.0,,,,0.22699999999999998
130824,2020-11-07,Catahoula,Louisiana,22025.0,465,15.0,0.0,,,,0.213
130825,2020-11-08,Catahoula,Louisiana,22025.0,470,15.0,5.0,,,,0.22400001
130826,2020-11-09,Catahoula,Louisiana,22025.0,472,15.0,2.0,,,,0.25299999
130827,2020-11-10,Catahoula,Louisiana,22025.0,477,15.0,5.0,,,,0.221
130828,2020-11-11,Catahoula,Louisiana,22025.0,477,15.0,0.0,,,,0.20200001
130829,2020-11-12,Catahoula,Louisiana,22025.0,481,15.0,4.0,,,,0.132
130830,2020-11-13,Catahoula,Louisiana,22025.0,531,17.0,50.0,,,,0.0451
130831,2020-11-14,Catahoula,Louisiana,22025.0,531,17.0,0.0,,,,0.044500001
130832,2020-11-15,Catahoula,Louisiana,22025.0,535,17.0,4.0,,,,0.042199999
130833,2020-11-16,Catahoula,Louisiana,22025.0,534,17.0,-1.0,,,,0.08910000300000001
130834,2020-11-17,Catahoula,Louisiana,22025.0,533,17.0,-1.0,,,,0.09260000300000001
130835,2020-11-18,Catahoula,Louisiana,22025.0,543,17.0,10.0,,,,0.09390000300000001
130836,2020-11-19,Catahoula,Louisiana,22025.0,546,17.0,3.0,,,,0.066799998
130837,2020-11-20,Catahoula,Louisiana,22025.0,582,18.0,36.0,,,,0.22400001
130838,2020-11-21,Catahoula,Louisiana,22025.0,582,18.0,0.0,,,,0.212
130839,2020-11-22,Catahoula,Louisiana,22025.0,597,18.0,15.0,,,,0.29600000000000004
