,date,county,state,fips,cases,deaths,new_cases,emp_combined,emp_combined_inclow,revenue_all,spend_all
132073,2020-03-19,Iberia,Louisiana,22045.0,1,0.0,0.0,,,,-0.083800003
132074,2020-03-20,Iberia,Louisiana,22045.0,2,0.0,1.0,,,,-0.13600001
132075,2020-03-21,Iberia,Louisiana,22045.0,3,0.0,1.0,,,,-0.177
132076,2020-03-22,Iberia,Louisiana,22045.0,3,0.0,0.0,,,,-0.204
132077,2020-03-23,Iberia,Louisiana,22045.0,4,0.0,1.0,,,,-0.22699999999999998
132078,2020-03-24,Iberia,Louisiana,22045.0,4,0.0,0.0,,,,-0.27599999
132079,2020-03-25,Iberia,Louisiana,22045.0,4,0.0,0.0,,,,-0.26499999
132080,2020-03-26,Iberia,Louisiana,22045.0,4,0.0,0.0,,,,-0.28999999
132081,2020-03-27,Iberia,Louisiana,22045.0,4,0.0,0.0,,,,-0.289
132082,2020-03-28,Iberia,Louisiana,22045.0,9,0.0,5.0,,,,-0.30899999
132083,2020-03-29,Iberia,Louisiana,22045.0,11,0.0,2.0,,,,-0.30500001
132084,2020-03-30,Iberia,Louisiana,22045.0,18,0.0,7.0,,,,-0.34999999
132085,2020-03-31,Iberia,Louisiana,22045.0,36,0.0,18.0,,,,-0.292
132086,2020-04-01,Iberia,Louisiana,22045.0,49,1.0,13.0,,,,-0.287
132087,2020-04-02,Iberia,Louisiana,22045.0,67,1.0,18.0,,,,-0.292
132088,2020-04-03,Iberia,Louisiana,22045.0,78,3.0,11.0,,,,-0.32499999
132089,2020-04-04,Iberia,Louisiana,22045.0,68,3.0,-10.0,,,,-0.28799999
132090,2020-04-05,Iberia,Louisiana,22045.0,69,3.0,1.0,,,,-0.285
132091,2020-04-06,Iberia,Louisiana,22045.0,83,5.0,14.0,,,,-0.25999999
132092,2020-04-07,Iberia,Louisiana,22045.0,89,5.0,6.0,,,,-0.287
132093,2020-04-08,Iberia,Louisiana,22045.0,97,4.0,8.0,,,,-0.25299999
132094,2020-04-09,Iberia,Louisiana,22045.0,108,5.0,11.0,,,,-0.21699999
132095,2020-04-10,Iberia,Louisiana,22045.0,121,5.0,13.0,,,,-0.21100000000000002
132096,2020-04-11,Iberia,Louisiana,22045.0,128,5.0,7.0,,,,-0.249
132097,2020-04-12,Iberia,Louisiana,22045.0,136,5.0,8.0,,,,-0.26100001
132098,2020-04-13,Iberia,Louisiana,22045.0,142,5.0,6.0,,,,-0.24100000000000002
132099,2020-04-14,Iberia,Louisiana,22045.0,148,5.0,6.0,,,,-0.244
132100,2020-04-15,Iberia,Louisiana,22045.0,159,7.0,11.0,,,,-0.252
132101,2020-04-16,Iberia,Louisiana,22045.0,164,6.0,5.0,,,,-0.243
132102,2020-04-17,Iberia,Louisiana,22045.0,175,8.0,11.0,,,,-0.17800000000000002
132103,2020-04-18,Iberia,Louisiana,22045.0,176,8.0,1.0,,,,-0.142
132104,2020-04-19,Iberia,Louisiana,22045.0,184,8.0,8.0,,,,-0.07090000099999999
132105,2020-04-20,Iberia,Louisiana,22045.0,194,9.0,10.0,,,,-0.024
132106,2020-04-21,Iberia,Louisiana,22045.0,195,10.0,1.0,,,,0.043400000999999994
132107,2020-04-22,Iberia,Louisiana,22045.0,217,11.0,22.0,,,,0.039099998999999996
132108,2020-04-23,Iberia,Louisiana,22045.0,228,12.0,11.0,,,,0.0115
132109,2020-04-24,Iberia,Louisiana,22045.0,231,13.0,3.0,,,,0.0164
132110,2020-04-25,Iberia,Louisiana,22045.0,240,15.0,9.0,,,,-0.00205
132111,2020-04-26,Iberia,Louisiana,22045.0,243,16.0,3.0,,,,-0.0528
132112,2020-04-27,Iberia,Louisiana,22045.0,245,17.0,2.0,,,,-0.107
132113,2020-04-28,Iberia,Louisiana,22045.0,247,18.0,2.0,,,,-0.131
132114,2020-04-29,Iberia,Louisiana,22045.0,248,19.0,1.0,,,,-0.11900000000000001
132115,2020-04-30,Iberia,Louisiana,22045.0,257,21.0,9.0,,,,-0.093699999
132116,2020-05-01,Iberia,Louisiana,22045.0,261,21.0,4.0,,,,-0.083300002
132117,2020-05-02,Iberia,Louisiana,22045.0,265,22.0,4.0,,,,-0.08519999699999999
132118,2020-05-03,Iberia,Louisiana,22045.0,267,23.0,2.0,,,,-0.080399998
132119,2020-05-04,Iberia,Louisiana,22045.0,270,23.0,3.0,,,,-0.042100001
132120,2020-05-05,Iberia,Louisiana,22045.0,274,23.0,4.0,,,,-0.035599999
132121,2020-05-06,Iberia,Louisiana,22045.0,278,24.0,4.0,,,,0.0025599998999999997
132122,2020-05-07,Iberia,Louisiana,22045.0,281,26.0,3.0,,,,0.013999999999999999
132123,2020-05-08,Iberia,Louisiana,22045.0,283,26.0,2.0,,,,0.0117
132124,2020-05-09,Iberia,Louisiana,22045.0,285,26.0,2.0,,,,0.029999999
132125,2020-05-10,Iberia,Louisiana,22045.0,285,26.0,0.0,,,,0.015900001
132126,2020-05-11,Iberia,Louisiana,22045.0,286,26.0,1.0,,,,-0.0075900001
132127,2020-05-12,Iberia,Louisiana,22045.0,287,26.0,1.0,,,,-0.0116
132128,2020-05-13,Iberia,Louisiana,22045.0,352,26.0,65.0,,,,-0.0638
132129,2020-05-14,Iberia,Louisiana,22045.0,352,33.0,0.0,,,,-0.056200001
132130,2020-05-15,Iberia,Louisiana,22045.0,352,31.0,0.0,,,,-0.11699999999999999
132131,2020-05-16,Iberia,Louisiana,22045.0,353,32.0,1.0,,,,-0.191
132132,2020-05-17,Iberia,Louisiana,22045.0,353,32.0,0.0,,,,-0.171
132133,2020-05-18,Iberia,Louisiana,22045.0,355,33.0,2.0,,,,-0.14399999
132134,2020-05-19,Iberia,Louisiana,22045.0,358,35.0,3.0,,,,-0.133
132135,2020-05-20,Iberia,Louisiana,22045.0,359,35.0,1.0,,,,-0.114
132136,2020-05-21,Iberia,Louisiana,22045.0,384,35.0,25.0,,,,-0.075900003
132137,2020-05-22,Iberia,Louisiana,22045.0,388,36.0,4.0,,,,0.054000001
132138,2020-05-23,Iberia,Louisiana,22045.0,388,36.0,0.0,,,,0.154
132139,2020-05-24,Iberia,Louisiana,22045.0,388,36.0,0.0,,,,0.14399999
132140,2020-05-25,Iberia,Louisiana,22045.0,392,36.0,4.0,,,,0.093400002
132141,2020-05-26,Iberia,Louisiana,22045.0,393,37.0,1.0,,,,0.10099999999999999
132142,2020-05-27,Iberia,Louisiana,22045.0,403,37.0,10.0,,,,0.082599998
132143,2020-05-28,Iberia,Louisiana,22045.0,404,37.0,1.0,,,,0.076399997
132144,2020-05-29,Iberia,Louisiana,22045.0,404,37.0,0.0,,,,0.0126
132145,2020-05-30,Iberia,Louisiana,22045.0,407,37.0,3.0,,,,-0.0107
132146,2020-05-31,Iberia,Louisiana,22045.0,408,38.0,1.0,,,,0.0107
132147,2020-06-01,Iberia,Louisiana,22045.0,410,38.0,2.0,,,,-0.0221
132148,2020-06-02,Iberia,Louisiana,22045.0,411,38.0,1.0,,,,0.0131
132149,2020-06-03,Iberia,Louisiana,22045.0,418,38.0,7.0,,,,0.016899999
132150,2020-06-04,Iberia,Louisiana,22045.0,419,38.0,1.0,,,,-0.00825
132151,2020-06-05,Iberia,Louisiana,22045.0,422,39.0,3.0,,,,-0.0042300001
132152,2020-06-06,Iberia,Louisiana,22045.0,424,40.0,2.0,,,,0.0098400004
132153,2020-06-07,Iberia,Louisiana,22045.0,424,41.0,0.0,,,,-0.0319
132154,2020-06-08,Iberia,Louisiana,22045.0,427,41.0,3.0,,,,-0.061900000999999996
132155,2020-06-09,Iberia,Louisiana,22045.0,428,41.0,1.0,,,,-0.07050000099999999
132156,2020-06-10,Iberia,Louisiana,22045.0,428,41.0,0.0,,,,-0.044399999
132157,2020-06-11,Iberia,Louisiana,22045.0,430,41.0,2.0,,,,-0.0185
132158,2020-06-12,Iberia,Louisiana,22045.0,435,42.0,5.0,,,,0.00997
132159,2020-06-13,Iberia,Louisiana,22045.0,459,42.0,24.0,,,,0.023399998999999998
132160,2020-06-14,Iberia,Louisiana,22045.0,461,42.0,2.0,,,,0.048999999
132161,2020-06-15,Iberia,Louisiana,22045.0,465,42.0,4.0,,,,0.074199997
132162,2020-06-16,Iberia,Louisiana,22045.0,476,42.0,11.0,,,,0.07150000299999999
132163,2020-06-17,Iberia,Louisiana,22045.0,501,42.0,25.0,,,,0.0656
132164,2020-06-18,Iberia,Louisiana,22045.0,501,42.0,0.0,,,,0.059900000999999994
132165,2020-06-19,Iberia,Louisiana,22045.0,459,42.0,-42.0,,,,0.0113
132166,2020-06-20,Iberia,Louisiana,22045.0,465,42.0,6.0,,,,-0.0028399999999999996
132167,2020-06-21,Iberia,Louisiana,22045.0,469,42.0,4.0,,,,-0.033799998
132168,2020-06-22,Iberia,Louisiana,22045.0,482,42.0,13.0,,,,-0.045600000999999994
132169,2020-06-23,Iberia,Louisiana,22045.0,531,42.0,49.0,,,,-0.0548
132170,2020-06-24,Iberia,Louisiana,22045.0,535,42.0,4.0,,,,-0.090599999
132171,2020-06-25,Iberia,Louisiana,22045.0,570,43.0,35.0,,,,-0.107
132172,2020-06-26,Iberia,Louisiana,22045.0,610,44.0,40.0,,,,-0.147
132173,2020-06-27,Iberia,Louisiana,22045.0,610,44.0,0.0,,,,-0.223
132174,2020-06-28,Iberia,Louisiana,22045.0,636,44.0,26.0,,,,-0.192
132175,2020-06-29,Iberia,Louisiana,22045.0,673,44.0,37.0,,,,-0.154
132176,2020-06-30,Iberia,Louisiana,22045.0,697,44.0,24.0,,,,-0.095799997
132177,2020-07-01,Iberia,Louisiana,22045.0,748,44.0,51.0,,,,-0.035700001
132178,2020-07-02,Iberia,Louisiana,22045.0,792,44.0,44.0,,,,0.028200001000000002
132179,2020-07-03,Iberia,Louisiana,22045.0,844,44.0,52.0,,,,0.047800000999999995
132180,2020-07-04,Iberia,Louisiana,22045.0,844,44.0,0.0,,,,0.113
132181,2020-07-05,Iberia,Louisiana,22045.0,902,44.0,58.0,,,,0.14399999
132182,2020-07-06,Iberia,Louisiana,22045.0,978,45.0,76.0,,,,0.14
132183,2020-07-07,Iberia,Louisiana,22045.0,995,47.0,17.0,,,,0.12
132184,2020-07-08,Iberia,Louisiana,22045.0,1050,47.0,55.0,,,,0.0682
132185,2020-07-09,Iberia,Louisiana,22045.0,1157,48.0,107.0,,,,0.0048600002
132186,2020-07-10,Iberia,Louisiana,22045.0,1181,49.0,24.0,,,,0.122
132187,2020-07-11,Iberia,Louisiana,22045.0,1228,51.0,47.0,,,,0.096100003
132188,2020-07-12,Iberia,Louisiana,22045.0,1272,51.0,44.0,,,,0.113
132189,2020-07-13,Iberia,Louisiana,22045.0,1337,51.0,65.0,,,,0.145
132190,2020-07-14,Iberia,Louisiana,22045.0,1408,52.0,71.0,,,,0.147
132191,2020-07-15,Iberia,Louisiana,22045.0,1472,53.0,64.0,,,,0.0239
132192,2020-07-16,Iberia,Louisiana,22045.0,1524,53.0,52.0,,,,0.0286
132193,2020-07-17,Iberia,Louisiana,22045.0,1550,53.0,26.0,,,,0.0139
132194,2020-07-18,Iberia,Louisiana,22045.0,1550,53.0,0.0,,,,-0.0127
132195,2020-07-19,Iberia,Louisiana,22045.0,1607,53.0,57.0,,,,-0.09480000300000001
132196,2020-07-20,Iberia,Louisiana,22045.0,1671,54.0,64.0,,,,-0.072800003
132197,2020-07-21,Iberia,Louisiana,22045.0,1715,53.0,44.0,,,,-0.19699999999999998
132198,2020-07-22,Iberia,Louisiana,22045.0,1813,55.0,98.0,,,,-0.0286
132199,2020-07-23,Iberia,Louisiana,22045.0,1852,56.0,39.0,,,,-0.013000000000000001
132200,2020-07-24,Iberia,Louisiana,22045.0,1869,56.0,17.0,,,,0.0427
132201,2020-07-25,Iberia,Louisiana,22045.0,1869,56.0,0.0,,,,0.053399999000000004
132202,2020-07-26,Iberia,Louisiana,22045.0,2003,57.0,134.0,,,,0.059599999
132203,2020-07-27,Iberia,Louisiana,22045.0,2057,58.0,54.0,,,,0.065499999
132204,2020-07-28,Iberia,Louisiana,22045.0,2080,58.0,23.0,,,,0.043000000999999996
132205,2020-07-29,Iberia,Louisiana,22045.0,2111,60.0,31.0,,,,0.039000001
132206,2020-07-30,Iberia,Louisiana,22045.0,2126,61.0,15.0,,,,-0.0089600002
132207,2020-07-31,Iberia,Louisiana,22045.0,2160,62.0,34.0,,,,-0.0605
132208,2020-08-01,Iberia,Louisiana,22045.0,2160,62.0,0.0,,,,-0.047400001
132209,2020-08-02,Iberia,Louisiana,22045.0,2218,63.0,58.0,,,,-0.0614
132210,2020-08-03,Iberia,Louisiana,22045.0,2247,65.0,29.0,,,,-0.0206
132211,2020-08-04,Iberia,Louisiana,22045.0,2408,66.0,161.0,,,,-0.00556
132212,2020-08-05,Iberia,Louisiana,22045.0,2412,69.0,4.0,,,,-0.0141
132213,2020-08-06,Iberia,Louisiana,22045.0,2436,70.0,24.0,,,,0.0081399996
132214,2020-08-07,Iberia,Louisiana,22045.0,2450,70.0,14.0,,,,0.044799998
132215,2020-08-08,Iberia,Louisiana,22045.0,2450,70.0,0.0,,,,0.0436
132216,2020-08-09,Iberia,Louisiana,22045.0,2532,72.0,82.0,,,,0.069799997
132217,2020-08-10,Iberia,Louisiana,22045.0,2539,72.0,7.0,,,,0.025699998999999998
132218,2020-08-11,Iberia,Louisiana,22045.0,2561,73.0,22.0,,,,0.021199999
132219,2020-08-12,Iberia,Louisiana,22045.0,2575,73.0,14.0,,,,0.058899999
132220,2020-08-13,Iberia,Louisiana,22045.0,2588,74.0,13.0,,,,0.032900002000000005
132221,2020-08-14,Iberia,Louisiana,22045.0,2602,75.0,14.0,,,,0.0425
132222,2020-08-15,Iberia,Louisiana,22045.0,2602,75.0,0.0,,,,0.030300001
132223,2020-08-16,Iberia,Louisiana,22045.0,2616,78.0,14.0,,,,0.0091000004
132224,2020-08-17,Iberia,Louisiana,22045.0,2627,79.0,11.0,,,,0.018100001
132225,2020-08-18,Iberia,Louisiana,22045.0,2632,79.0,5.0,,,,0.0119
132226,2020-08-19,Iberia,Louisiana,22045.0,2636,79.0,4.0,,,,-0.0076600001
132227,2020-08-20,Iberia,Louisiana,22045.0,2644,80.0,8.0,,,,-0.034299999
132228,2020-08-21,Iberia,Louisiana,22045.0,2648,81.0,4.0,,,,-0.0296
132229,2020-08-22,Iberia,Louisiana,22045.0,2648,81.0,0.0,,,,-0.0141
132230,2020-08-23,Iberia,Louisiana,22045.0,2661,81.0,13.0,,,,0.042300001
132231,2020-08-24,Iberia,Louisiana,22045.0,2670,81.0,9.0,,,,0.048599999000000005
132232,2020-08-25,Iberia,Louisiana,22045.0,2686,81.0,16.0,,,,0.056499999
132233,2020-08-26,Iberia,Louisiana,22045.0,2698,84.0,12.0,,,,-0.00103
132234,2020-08-27,Iberia,Louisiana,22045.0,2695,86.0,-3.0,,,,-0.060600000999999994
132235,2020-08-28,Iberia,Louisiana,22045.0,2701,86.0,6.0,,,,-0.131
132236,2020-08-29,Iberia,Louisiana,22045.0,2701,86.0,0.0,,,,-0.146
132237,2020-08-30,Iberia,Louisiana,22045.0,2711,87.0,10.0,,,,-0.185
132238,2020-08-31,Iberia,Louisiana,22045.0,2715,87.0,4.0,,,,-0.177
132239,2020-09-01,Iberia,Louisiana,22045.0,2717,87.0,2.0,,,,-0.139
132240,2020-09-02,Iberia,Louisiana,22045.0,2738,87.0,21.0,,,,-0.093699999
132241,2020-09-03,Iberia,Louisiana,22045.0,2752,87.0,14.0,,,,-0.032400001
132242,2020-09-04,Iberia,Louisiana,22045.0,2752,87.0,0.0,,,,0.031800002
132243,2020-09-05,Iberia,Louisiana,22045.0,2752,87.0,0.0,,,,0.049800000999999997
132244,2020-09-06,Iberia,Louisiana,22045.0,2759,87.0,7.0,,,,0.081900001
132245,2020-09-07,Iberia,Louisiana,22045.0,2762,87.0,3.0,,,,0.0526
132246,2020-09-08,Iberia,Louisiana,22045.0,2761,88.0,-1.0,,,,-0.008290000300000001
132247,2020-09-09,Iberia,Louisiana,22045.0,2820,88.0,59.0,,,,-0.00502
132248,2020-09-10,Iberia,Louisiana,22045.0,2827,89.0,7.0,,,,-0.04410000099999999
132249,2020-09-11,Iberia,Louisiana,22045.0,2826,89.0,-1.0,,,,-0.054400000999999996
132250,2020-09-12,Iberia,Louisiana,22045.0,2826,89.0,0.0,,,,-0.059900000999999994
132251,2020-09-13,Iberia,Louisiana,22045.0,2844,89.0,18.0,,,,-0.039799998999999996
132252,2020-09-14,Iberia,Louisiana,22045.0,2847,89.0,3.0,,,,-0.060699999000000004
132253,2020-09-15,Iberia,Louisiana,22045.0,2849,89.0,2.0,,,,-0.052000001
132254,2020-09-16,Iberia,Louisiana,22045.0,2854,89.0,5.0,,,,-0.059300002000000004
132255,2020-09-17,Iberia,Louisiana,22045.0,2850,89.0,-4.0,,,,-0.054900002
132256,2020-09-18,Iberia,Louisiana,22045.0,2868,89.0,18.0,,,,-0.015799999
132257,2020-09-19,Iberia,Louisiana,22045.0,2868,89.0,0.0,,,,0.006790000000000001
132258,2020-09-20,Iberia,Louisiana,22045.0,2869,89.0,1.0,,,,0.0006840000299999999
132259,2020-09-21,Iberia,Louisiana,22045.0,2880,89.0,11.0,,,,-0.0050300001
132260,2020-09-22,Iberia,Louisiana,22045.0,2896,89.0,16.0,,,,-0.0167
132261,2020-09-23,Iberia,Louisiana,22045.0,2898,89.0,2.0,,,,0.0047300002
132262,2020-09-24,Iberia,Louisiana,22045.0,2906,89.0,8.0,,,,0.0308
132263,2020-09-25,Iberia,Louisiana,22045.0,2918,89.0,12.0,,,,0.059099998
132264,2020-09-26,Iberia,Louisiana,22045.0,2918,89.0,0.0,,,,0.0539
132265,2020-09-27,Iberia,Louisiana,22045.0,2929,89.0,11.0,,,,0.083800003
132266,2020-09-28,Iberia,Louisiana,22045.0,2932,89.0,3.0,,,,0.0995
132267,2020-09-29,Iberia,Louisiana,22045.0,2934,89.0,2.0,,,,0.113
132268,2020-09-30,Iberia,Louisiana,22045.0,2936,89.0,2.0,,,,0.0614
132269,2020-10-01,Iberia,Louisiana,22045.0,2942,89.0,6.0,,,,0.022700001
132270,2020-10-02,Iberia,Louisiana,22045.0,2971,89.0,29.0,,,,0.0016
132271,2020-10-03,Iberia,Louisiana,22045.0,2971,89.0,0.0,,,,0.0127
132272,2020-10-04,Iberia,Louisiana,22045.0,2979,90.0,8.0,,,,0.132
132273,2020-10-05,Iberia,Louisiana,22045.0,2989,90.0,10.0,,,,0.126
132274,2020-10-06,Iberia,Louisiana,22045.0,2998,90.0,9.0,,,,0.122
132275,2020-10-07,Iberia,Louisiana,22045.0,2997,90.0,-1.0,,,,0.146
132276,2020-10-08,Iberia,Louisiana,22045.0,3014,90.0,17.0,,,,0.161
132277,2020-10-09,Iberia,Louisiana,22045.0,3015,91.0,1.0,,,,-0.08560000400000001
132278,2020-10-10,Iberia,Louisiana,22045.0,3015,91.0,0.0,,,,-0.037099997999999995
132279,2020-10-11,Iberia,Louisiana,22045.0,3022,92.0,7.0,,,,-0.17299999
132280,2020-10-12,Iberia,Louisiana,22045.0,3026,92.0,4.0,,,,-0.17600000000000002
132281,2020-10-13,Iberia,Louisiana,22045.0,3021,92.0,-5.0,,,,-0.154
132282,2020-10-14,Iberia,Louisiana,22045.0,3026,92.0,5.0,,,,-0.182
132283,2020-10-15,Iberia,Louisiana,22045.0,3027,93.0,1.0,,,,-0.17399999
132284,2020-10-16,Iberia,Louisiana,22045.0,3029,93.0,2.0,,,,-0.10800000000000001
132285,2020-10-17,Iberia,Louisiana,22045.0,3029,93.0,0.0,,,,-0.076099999
132286,2020-10-18,Iberia,Louisiana,22045.0,3036,93.0,7.0,,,,-0.040899999
132287,2020-10-19,Iberia,Louisiana,22045.0,3032,93.0,-4.0,,,,-0.059900000999999994
132288,2020-10-20,Iberia,Louisiana,22045.0,3043,93.0,11.0,,,,-0.087200001
132289,2020-10-21,Iberia,Louisiana,22045.0,3049,93.0,6.0,,,,-0.040399998
132290,2020-10-22,Iberia,Louisiana,22045.0,3060,93.0,11.0,,,,-0.032099999
132291,2020-10-23,Iberia,Louisiana,22045.0,3059,95.0,-1.0,,,,0.0132
132292,2020-10-24,Iberia,Louisiana,22045.0,3059,95.0,0.0,,,,0.0286
132293,2020-10-25,Iberia,Louisiana,22045.0,3062,95.0,3.0,,,,0.054400000999999996
132294,2020-10-26,Iberia,Louisiana,22045.0,3068,95.0,6.0,,,,0.079999998
132295,2020-10-27,Iberia,Louisiana,22045.0,3072,96.0,4.0,,,,0.08940000099999999
132296,2020-10-28,Iberia,Louisiana,22045.0,3080,97.0,8.0,,,,0.0902
132297,2020-10-29,Iberia,Louisiana,22045.0,3081,97.0,1.0,,,,0.11599999999999999
132298,2020-10-30,Iberia,Louisiana,22045.0,3079,97.0,-2.0,,,,0.13699999
132299,2020-10-31,Iberia,Louisiana,22045.0,3079,97.0,0.0,,,,0.145
132300,2020-11-01,Iberia,Louisiana,22045.0,3088,97.0,9.0,,,,0.093000002
132301,2020-11-02,Iberia,Louisiana,22045.0,3084,97.0,-4.0,,,,0.061799999
132302,2020-11-03,Iberia,Louisiana,22045.0,3112,97.0,28.0,,,,0.074000001
132303,2020-11-04,Iberia,Louisiana,22045.0,3111,97.0,-1.0,,,,0.093699999
132304,2020-11-05,Iberia,Louisiana,22045.0,3114,98.0,3.0,,,,0.147
132305,2020-11-06,Iberia,Louisiana,22045.0,3116,99.0,2.0,,,,0.16399999999999998
132306,2020-11-07,Iberia,Louisiana,22045.0,3116,99.0,0.0,,,,0.18799999
132307,2020-11-08,Iberia,Louisiana,22045.0,3122,99.0,6.0,,,,0.18700001
132308,2020-11-09,Iberia,Louisiana,22045.0,3126,99.0,4.0,,,,0.20299999
132309,2020-11-10,Iberia,Louisiana,22045.0,3153,99.0,27.0,,,,0.182
132310,2020-11-11,Iberia,Louisiana,22045.0,3153,99.0,0.0,,,,0.134
132311,2020-11-12,Iberia,Louisiana,22045.0,3166,99.0,13.0,,,,0.088399999
132312,2020-11-13,Iberia,Louisiana,22045.0,3280,102.0,114.0,,,,0.058600001
132313,2020-11-14,Iberia,Louisiana,22045.0,3280,102.0,0.0,,,,0.023600001000000002
132314,2020-11-15,Iberia,Louisiana,22045.0,3313,102.0,33.0,,,,0.0146
132315,2020-11-16,Iberia,Louisiana,22045.0,3321,103.0,8.0,,,,0.0039900001
132316,2020-11-17,Iberia,Louisiana,22045.0,3392,103.0,71.0,,,,0.00563
132317,2020-11-18,Iberia,Louisiana,22045.0,3405,103.0,13.0,,,,-0.023700001000000002
132318,2020-11-19,Iberia,Louisiana,22045.0,3433,103.0,28.0,,,,-0.0305
132319,2020-11-20,Iberia,Louisiana,22045.0,3446,104.0,13.0,,,,-0.0372
132320,2020-11-21,Iberia,Louisiana,22045.0,3446,104.0,0.0,,,,-0.028200001000000002
132321,2020-11-22,Iberia,Louisiana,22045.0,3515,104.0,69.0,,,,-0.024599998999999997
