,date,county,state,fips,cases,deaths,new_cases,emp_combined,emp_combined_inclow,revenue_all,spend_all
133575,2020-03-23,Natchitoches,Louisiana,22069.0,2,0.0,0.0,,,,-0.16399999999999998
133576,2020-03-24,Natchitoches,Louisiana,22069.0,2,0.0,0.0,,,,-0.177
133577,2020-03-25,Natchitoches,Louisiana,22069.0,2,0.0,0.0,,,,-0.21100000000000002
133578,2020-03-26,Natchitoches,Louisiana,22069.0,2,0.0,0.0,,,,-0.221
133579,2020-03-27,Natchitoches,Louisiana,22069.0,2,0.0,0.0,,,,-0.22899999999999998
133580,2020-03-28,Natchitoches,Louisiana,22069.0,2,0.0,0.0,,,,-0.23399999999999999
133581,2020-03-29,Natchitoches,Louisiana,22069.0,2,0.0,0.0,,,,-0.26199999
133582,2020-03-30,Natchitoches,Louisiana,22069.0,2,0.0,0.0,,,,-0.285
133583,2020-03-31,Natchitoches,Louisiana,22069.0,2,0.0,0.0,,,,-0.28
133584,2020-04-01,Natchitoches,Louisiana,22069.0,2,0.0,0.0,,,,-0.249
133585,2020-04-02,Natchitoches,Louisiana,22069.0,4,0.0,2.0,,,,-0.24600001
133586,2020-04-03,Natchitoches,Louisiana,22069.0,6,0.0,2.0,,,,-0.21600001
133587,2020-04-04,Natchitoches,Louisiana,22069.0,15,0.0,9.0,,,,-0.19
133588,2020-04-05,Natchitoches,Louisiana,22069.0,14,0.0,-1.0,,,,-0.15700001
133589,2020-04-06,Natchitoches,Louisiana,22069.0,22,0.0,8.0,,,,-0.0933
133590,2020-04-07,Natchitoches,Louisiana,22069.0,24,0.0,2.0,,,,-0.070699997
133591,2020-04-08,Natchitoches,Louisiana,22069.0,25,0.0,1.0,,,,-0.049699999
133592,2020-04-09,Natchitoches,Louisiana,22069.0,27,0.0,2.0,,,,-0.0407
133593,2020-04-10,Natchitoches,Louisiana,22069.0,33,0.0,6.0,,,,-0.08519999699999999
133594,2020-04-11,Natchitoches,Louisiana,22069.0,33,0.0,0.0,,,,-0.10300000000000001
133595,2020-04-12,Natchitoches,Louisiana,22069.0,41,0.0,8.0,,,,-0.17399999
133596,2020-04-13,Natchitoches,Louisiana,22069.0,41,0.0,0.0,,,,-0.19599999
133597,2020-04-14,Natchitoches,Louisiana,22069.0,42,0.0,1.0,,,,-0.207
133598,2020-04-15,Natchitoches,Louisiana,22069.0,42,0.0,0.0,,,,-0.14300001
133599,2020-04-16,Natchitoches,Louisiana,22069.0,45,0.0,3.0,,,,-0.11699999999999999
133600,2020-04-17,Natchitoches,Louisiana,22069.0,50,1.0,5.0,,,,-0.077
133601,2020-04-18,Natchitoches,Louisiana,22069.0,53,1.0,3.0,,,,-0.043699998
133602,2020-04-19,Natchitoches,Louisiana,22069.0,57,1.0,4.0,,,,-0.023700001000000002
133603,2020-04-20,Natchitoches,Louisiana,22069.0,58,1.0,1.0,,,,-0.00051500002
133604,2020-04-21,Natchitoches,Louisiana,22069.0,58,1.0,0.0,,,,0.041499997999999996
133605,2020-04-22,Natchitoches,Louisiana,22069.0,62,1.0,4.0,,,,-0.04630000099999999
133606,2020-04-23,Natchitoches,Louisiana,22069.0,62,1.0,0.0,,,,-0.051600002
133607,2020-04-24,Natchitoches,Louisiana,22069.0,65,2.0,3.0,,,,-0.021400001000000002
133608,2020-04-25,Natchitoches,Louisiana,22069.0,73,2.0,8.0,,,,-0.059099998
133609,2020-04-26,Natchitoches,Louisiana,22069.0,73,2.0,0.0,,,,-0.0079100002
133610,2020-04-27,Natchitoches,Louisiana,22069.0,77,2.0,4.0,,,,-0.043200000999999995
133611,2020-04-28,Natchitoches,Louisiana,22069.0,77,3.0,0.0,,,,-0.059599999
133612,2020-04-29,Natchitoches,Louisiana,22069.0,79,4.0,2.0,,,,-0.035500001
133613,2020-04-30,Natchitoches,Louisiana,22069.0,84,4.0,5.0,,,,0.0123
133614,2020-05-01,Natchitoches,Louisiana,22069.0,86,4.0,2.0,,,,0.055100000999999996
133615,2020-05-02,Natchitoches,Louisiana,22069.0,87,4.0,1.0,,,,0.094999999
133616,2020-05-03,Natchitoches,Louisiana,22069.0,87,4.0,0.0,,,,0.107
133617,2020-05-04,Natchitoches,Louisiana,22069.0,90,5.0,3.0,,,,0.163
133618,2020-05-05,Natchitoches,Louisiana,22069.0,90,6.0,0.0,,,,0.18099999
133619,2020-05-06,Natchitoches,Louisiana,22069.0,91,8.0,1.0,,,,0.21100000000000002
133620,2020-05-07,Natchitoches,Louisiana,22069.0,91,8.0,0.0,,,,0.19899999999999998
133621,2020-05-08,Natchitoches,Louisiana,22069.0,92,8.0,1.0,,,,0.152
133622,2020-05-09,Natchitoches,Louisiana,22069.0,98,9.0,6.0,,,,0.168
133623,2020-05-10,Natchitoches,Louisiana,22069.0,100,9.0,2.0,,,,0.149
133624,2020-05-11,Natchitoches,Louisiana,22069.0,100,9.0,0.0,,,,0.115
133625,2020-05-12,Natchitoches,Louisiana,22069.0,100,9.0,0.0,,,,0.095899999
133626,2020-05-13,Natchitoches,Louisiana,22069.0,100,9.0,0.0,,,,0.115
133627,2020-05-14,Natchitoches,Louisiana,22069.0,102,10.0,2.0,,,,0.105
133628,2020-05-15,Natchitoches,Louisiana,22069.0,102,12.0,0.0,,,,0.10800000000000001
133629,2020-05-16,Natchitoches,Louisiana,22069.0,101,12.0,-1.0,,,,0.092
133630,2020-05-17,Natchitoches,Louisiana,22069.0,101,12.0,0.0,,,,0.127
133631,2020-05-18,Natchitoches,Louisiana,22069.0,103,12.0,2.0,,,,0.162
133632,2020-05-19,Natchitoches,Louisiana,22069.0,103,12.0,0.0,,,,0.17800000000000002
133633,2020-05-20,Natchitoches,Louisiana,22069.0,103,13.0,0.0,,,,0.14
133634,2020-05-21,Natchitoches,Louisiana,22069.0,141,13.0,38.0,,,,0.16399999999999998
133635,2020-05-22,Natchitoches,Louisiana,22069.0,145,13.0,4.0,,,,0.16500001
133636,2020-05-23,Natchitoches,Louisiana,22069.0,145,13.0,0.0,,,,0.18000001
133637,2020-05-24,Natchitoches,Louisiana,22069.0,147,13.0,2.0,,,,0.156
133638,2020-05-25,Natchitoches,Louisiana,22069.0,152,13.0,5.0,,,,0.138
133639,2020-05-26,Natchitoches,Louisiana,22069.0,157,13.0,5.0,,,,0.06199999900000001
133640,2020-05-27,Natchitoches,Louisiana,22069.0,157,13.0,0.0,,,,0.10400000000000001
133641,2020-05-28,Natchitoches,Louisiana,22069.0,157,13.0,0.0,,,,0.071099997
133642,2020-05-29,Natchitoches,Louisiana,22069.0,157,13.0,0.0,,,,0.091700003
133643,2020-05-30,Natchitoches,Louisiana,22069.0,168,13.0,11.0,,,,0.077299997
133644,2020-05-31,Natchitoches,Louisiana,22069.0,169,13.0,1.0,,,,0.033799998
133645,2020-06-01,Natchitoches,Louisiana,22069.0,171,13.0,2.0,,,,0.106
133646,2020-06-02,Natchitoches,Louisiana,22069.0,172,13.0,1.0,,,,0.131
133647,2020-06-03,Natchitoches,Louisiana,22069.0,173,13.0,1.0,,,,0.11199999999999999
133648,2020-06-04,Natchitoches,Louisiana,22069.0,173,13.0,0.0,,,,0.18700001
133649,2020-06-05,Natchitoches,Louisiana,22069.0,173,13.0,0.0,,,,0.17900001
133650,2020-06-06,Natchitoches,Louisiana,22069.0,175,13.0,2.0,,,,0.198
133651,2020-06-07,Natchitoches,Louisiana,22069.0,177,13.0,2.0,,,,0.27200001
133652,2020-06-08,Natchitoches,Louisiana,22069.0,177,13.0,0.0,,,,0.237
133653,2020-06-09,Natchitoches,Louisiana,22069.0,179,13.0,2.0,,,,0.221
133654,2020-06-10,Natchitoches,Louisiana,22069.0,180,13.0,1.0,,,,0.20999999
133655,2020-06-11,Natchitoches,Louisiana,22069.0,182,13.0,2.0,,,,0.13500001
133656,2020-06-12,Natchitoches,Louisiana,22069.0,188,13.0,6.0,,,,0.127
133657,2020-06-13,Natchitoches,Louisiana,22069.0,191,13.0,3.0,,,,0.14800000000000002
133658,2020-06-14,Natchitoches,Louisiana,22069.0,191,13.0,0.0,,,,0.131
133659,2020-06-15,Natchitoches,Louisiana,22069.0,194,13.0,3.0,,,,0.14399999
133660,2020-06-16,Natchitoches,Louisiana,22069.0,195,13.0,1.0,,,,0.17
133661,2020-06-17,Natchitoches,Louisiana,22069.0,195,13.0,0.0,,,,0.19499999
133662,2020-06-18,Natchitoches,Louisiana,22069.0,195,13.0,0.0,,,,0.278
133663,2020-06-19,Natchitoches,Louisiana,22069.0,190,13.0,-5.0,,,,0.331
133664,2020-06-20,Natchitoches,Louisiana,22069.0,192,13.0,2.0,,,,0.35100001
133665,2020-06-21,Natchitoches,Louisiana,22069.0,192,13.0,0.0,,,,0.33000001
133666,2020-06-22,Natchitoches,Louisiana,22069.0,192,13.0,0.0,,,,0.30500001
133667,2020-06-23,Natchitoches,Louisiana,22069.0,193,14.0,1.0,,,,0.303
133668,2020-06-24,Natchitoches,Louisiana,22069.0,197,14.0,4.0,,,,0.27500001
133669,2020-06-25,Natchitoches,Louisiana,22069.0,213,14.0,16.0,,,,0.17299999
133670,2020-06-26,Natchitoches,Louisiana,22069.0,231,14.0,18.0,,,,0.08820000300000001
133671,2020-06-27,Natchitoches,Louisiana,22069.0,231,14.0,0.0,,,,0.044300001
133672,2020-06-28,Natchitoches,Louisiana,22069.0,280,14.0,49.0,,,,0.0383
133673,2020-06-29,Natchitoches,Louisiana,22069.0,280,14.0,0.0,,,,0.040100001
133674,2020-06-30,Natchitoches,Louisiana,22069.0,280,14.0,0.0,,,,0.087700002
133675,2020-07-01,Natchitoches,Louisiana,22069.0,295,14.0,15.0,,,,0.12300000000000001
133676,2020-07-02,Natchitoches,Louisiana,22069.0,297,14.0,2.0,,,,0.15899999
133677,2020-07-03,Natchitoches,Louisiana,22069.0,319,14.0,22.0,,,,0.19899999999999998
133678,2020-07-04,Natchitoches,Louisiana,22069.0,319,14.0,0.0,,,,0.25999999
133679,2020-07-05,Natchitoches,Louisiana,22069.0,327,14.0,8.0,,,,0.249
133680,2020-07-06,Natchitoches,Louisiana,22069.0,330,14.0,3.0,,,,0.27500001
133681,2020-07-07,Natchitoches,Louisiana,22069.0,334,14.0,4.0,,,,0.26100001
133682,2020-07-08,Natchitoches,Louisiana,22069.0,340,14.0,6.0,,,,0.24100000000000002
133683,2020-07-09,Natchitoches,Louisiana,22069.0,362,14.0,22.0,,,,0.139
133684,2020-07-10,Natchitoches,Louisiana,22069.0,376,14.0,14.0,,,,0.21899999999999997
133685,2020-07-11,Natchitoches,Louisiana,22069.0,401,14.0,25.0,,,,0.21100000000000002
133686,2020-07-12,Natchitoches,Louisiana,22069.0,403,14.0,2.0,,,,0.24699999
133687,2020-07-13,Natchitoches,Louisiana,22069.0,406,14.0,3.0,,,,0.249
133688,2020-07-14,Natchitoches,Louisiana,22069.0,433,14.0,27.0,,,,0.20900001
133689,2020-07-15,Natchitoches,Louisiana,22069.0,443,14.0,10.0,,,,0.21799999
133690,2020-07-16,Natchitoches,Louisiana,22069.0,454,14.0,11.0,,,,0.30700001
133691,2020-07-17,Natchitoches,Louisiana,22069.0,466,14.0,12.0,,,,0.23800001
133692,2020-07-18,Natchitoches,Louisiana,22069.0,466,14.0,0.0,,,,0.26199999
133693,2020-07-19,Natchitoches,Louisiana,22069.0,483,14.0,17.0,,,,0.214
133694,2020-07-20,Natchitoches,Louisiana,22069.0,491,14.0,8.0,,,,0.17900001
133695,2020-07-21,Natchitoches,Louisiana,22069.0,493,15.0,2.0,,,,0.249
133696,2020-07-22,Natchitoches,Louisiana,22069.0,548,15.0,55.0,,,,0.317
133697,2020-07-23,Natchitoches,Louisiana,22069.0,562,15.0,14.0,,,,0.273
133698,2020-07-24,Natchitoches,Louisiana,22069.0,586,15.0,24.0,,,,0.27700001
133699,2020-07-25,Natchitoches,Louisiana,22069.0,586,15.0,0.0,,,,0.28299999
133700,2020-07-26,Natchitoches,Louisiana,22069.0,600,15.0,14.0,,,,0.33700001
133701,2020-07-27,Natchitoches,Louisiana,22069.0,602,15.0,2.0,,,,0.30899999
133702,2020-07-28,Natchitoches,Louisiana,22069.0,608,15.0,6.0,,,,0.25299999
133703,2020-07-29,Natchitoches,Louisiana,22069.0,648,16.0,40.0,,,,0.092500001
133704,2020-07-30,Natchitoches,Louisiana,22069.0,654,16.0,6.0,,,,0.089000002
133705,2020-07-31,Natchitoches,Louisiana,22069.0,662,17.0,8.0,,,,0.0986
133706,2020-08-01,Natchitoches,Louisiana,22069.0,662,17.0,0.0,,,,0.0682
133707,2020-08-02,Natchitoches,Louisiana,22069.0,687,17.0,25.0,,,,0.042300001
133708,2020-08-03,Natchitoches,Louisiana,22069.0,691,17.0,4.0,,,,0.0942
133709,2020-08-04,Natchitoches,Louisiana,22069.0,716,17.0,25.0,,,,0.113
133710,2020-08-05,Natchitoches,Louisiana,22069.0,737,17.0,21.0,,,,0.16899999999999998
133711,2020-08-06,Natchitoches,Louisiana,22069.0,747,17.0,10.0,,,,0.15800001
133712,2020-08-07,Natchitoches,Louisiana,22069.0,761,17.0,14.0,,,,0.16899999999999998
133713,2020-08-08,Natchitoches,Louisiana,22069.0,761,17.0,0.0,,,,0.177
133714,2020-08-09,Natchitoches,Louisiana,22069.0,773,17.0,12.0,,,,0.221
133715,2020-08-10,Natchitoches,Louisiana,22069.0,774,17.0,1.0,,,,0.21899999999999997
133716,2020-08-11,Natchitoches,Louisiana,22069.0,791,17.0,17.0,,,,0.23899999
133717,2020-08-12,Natchitoches,Louisiana,22069.0,809,17.0,18.0,,,,0.28200001
133718,2020-08-13,Natchitoches,Louisiana,22069.0,816,17.0,7.0,,,,0.315
133719,2020-08-14,Natchitoches,Louisiana,22069.0,823,17.0,7.0,,,,0.34900001
133720,2020-08-15,Natchitoches,Louisiana,22069.0,823,17.0,0.0,,,,0.38699999
133721,2020-08-16,Natchitoches,Louisiana,22069.0,825,18.0,2.0,,,,0.36000001
133722,2020-08-17,Natchitoches,Louisiana,22069.0,843,18.0,18.0,,,,0.35299999
133723,2020-08-18,Natchitoches,Louisiana,22069.0,851,19.0,8.0,,,,0.29499999
133724,2020-08-19,Natchitoches,Louisiana,22069.0,853,19.0,2.0,,,,0.248
133725,2020-08-20,Natchitoches,Louisiana,22069.0,857,20.0,4.0,,,,0.22400001
133726,2020-08-21,Natchitoches,Louisiana,22069.0,874,20.0,17.0,,,,0.16599999
133727,2020-08-22,Natchitoches,Louisiana,22069.0,874,20.0,0.0,,,,0.141
133728,2020-08-23,Natchitoches,Louisiana,22069.0,889,21.0,15.0,,,,0.161
133729,2020-08-24,Natchitoches,Louisiana,22069.0,894,22.0,5.0,,,,0.149
133730,2020-08-25,Natchitoches,Louisiana,22069.0,898,22.0,4.0,,,,0.17600000000000002
133731,2020-08-26,Natchitoches,Louisiana,22069.0,907,22.0,9.0,,,,0.21699999
133732,2020-08-27,Natchitoches,Louisiana,22069.0,908,22.0,1.0,,,,0.139
133733,2020-08-28,Natchitoches,Louisiana,22069.0,912,22.0,4.0,,,,0.171
133734,2020-08-29,Natchitoches,Louisiana,22069.0,912,22.0,0.0,,,,0.22
133735,2020-08-30,Natchitoches,Louisiana,22069.0,920,22.0,8.0,,,,0.18899999999999997
133736,2020-08-31,Natchitoches,Louisiana,22069.0,919,22.0,-1.0,,,,0.155
133737,2020-09-01,Natchitoches,Louisiana,22069.0,922,23.0,3.0,,,,0.142
133738,2020-09-02,Natchitoches,Louisiana,22069.0,924,23.0,2.0,,,,0.16699999999999998
133739,2020-09-03,Natchitoches,Louisiana,22069.0,940,23.0,16.0,,,,0.26499999
133740,2020-09-04,Natchitoches,Louisiana,22069.0,942,23.0,2.0,,,,0.21600001
133741,2020-09-05,Natchitoches,Louisiana,22069.0,942,23.0,0.0,,,,0.21600001
133742,2020-09-06,Natchitoches,Louisiana,22069.0,970,24.0,28.0,,,,0.27500001
133743,2020-09-07,Natchitoches,Louisiana,22069.0,976,25.0,6.0,,,,0.233
133744,2020-09-08,Natchitoches,Louisiana,22069.0,973,25.0,-3.0,,,,0.183
133745,2020-09-09,Natchitoches,Louisiana,22069.0,997,25.0,24.0,,,,0.19499999
133746,2020-09-10,Natchitoches,Louisiana,22069.0,1001,24.0,4.0,,,,0.28200001
133747,2020-09-11,Natchitoches,Louisiana,22069.0,1009,24.0,8.0,,,,0.37200001
133748,2020-09-12,Natchitoches,Louisiana,22069.0,1009,24.0,0.0,,,,0.33299999999999996
133749,2020-09-13,Natchitoches,Louisiana,22069.0,1025,25.0,16.0,,,,0.32899999999999996
133750,2020-09-14,Natchitoches,Louisiana,22069.0,1029,25.0,4.0,,,,0.37599999
133751,2020-09-15,Natchitoches,Louisiana,22069.0,1035,25.0,6.0,,,,0.34700000000000003
133752,2020-09-16,Natchitoches,Louisiana,22069.0,1040,25.0,5.0,,,,0.38699999
133753,2020-09-17,Natchitoches,Louisiana,22069.0,1045,25.0,5.0,,,,0.294
133754,2020-09-18,Natchitoches,Louisiana,22069.0,1071,25.0,26.0,,,,0.248
133755,2020-09-19,Natchitoches,Louisiana,22069.0,1071,25.0,0.0,,,,0.28999999
133756,2020-09-20,Natchitoches,Louisiana,22069.0,1085,25.0,14.0,,,,0.27500001
133757,2020-09-21,Natchitoches,Louisiana,22069.0,1087,25.0,2.0,,,,0.259
133758,2020-09-22,Natchitoches,Louisiana,22069.0,1096,25.0,9.0,,,,0.278
133759,2020-09-23,Natchitoches,Louisiana,22069.0,1103,25.0,7.0,,,,0.25600001
133760,2020-09-24,Natchitoches,Louisiana,22069.0,1110,25.0,7.0,,,,0.32600001
133761,2020-09-25,Natchitoches,Louisiana,22069.0,1129,26.0,19.0,,,,0.34299999
133762,2020-09-26,Natchitoches,Louisiana,22069.0,1129,26.0,0.0,,,,0.31900001
133763,2020-09-27,Natchitoches,Louisiana,22069.0,1141,26.0,12.0,,,,0.37
133764,2020-09-28,Natchitoches,Louisiana,22069.0,1144,26.0,3.0,,,,0.32699999
133765,2020-09-29,Natchitoches,Louisiana,22069.0,1166,26.0,22.0,,,,0.31400001
133766,2020-09-30,Natchitoches,Louisiana,22069.0,1176,26.0,10.0,,,,0.30199999
133767,2020-10-01,Natchitoches,Louisiana,22069.0,1185,26.0,9.0,,,,0.22899999999999998
133768,2020-10-02,Natchitoches,Louisiana,22069.0,1200,26.0,15.0,,,,0.23199999
133769,2020-10-03,Natchitoches,Louisiana,22069.0,1200,26.0,0.0,,,,0.207
133770,2020-10-04,Natchitoches,Louisiana,22069.0,1225,26.0,25.0,,,,0.153
133771,2020-10-05,Natchitoches,Louisiana,22069.0,1226,26.0,1.0,,,,0.20800000000000002
133772,2020-10-06,Natchitoches,Louisiana,22069.0,1233,26.0,7.0,,,,0.249
133773,2020-10-07,Natchitoches,Louisiana,22069.0,1244,26.0,11.0,,,,0.29699999
133774,2020-10-08,Natchitoches,Louisiana,22069.0,1250,26.0,6.0,,,,0.382
133775,2020-10-09,Natchitoches,Louisiana,22069.0,1255,26.0,5.0,,,,0.34799999
133776,2020-10-10,Natchitoches,Louisiana,22069.0,1255,26.0,0.0,,,,0.32800001
133777,2020-10-11,Natchitoches,Louisiana,22069.0,1278,26.0,23.0,,,,0.33299999999999996
133778,2020-10-12,Natchitoches,Louisiana,22069.0,1273,26.0,-5.0,,,,0.24699999
133779,2020-10-13,Natchitoches,Louisiana,22069.0,1299,26.0,26.0,,,,0.23800001
133780,2020-10-14,Natchitoches,Louisiana,22069.0,1306,26.0,7.0,,,,0.23199999
133781,2020-10-15,Natchitoches,Louisiana,22069.0,1325,26.0,19.0,,,,0.17299999
133782,2020-10-16,Natchitoches,Louisiana,22069.0,1353,26.0,28.0,,,,0.156
133783,2020-10-17,Natchitoches,Louisiana,22069.0,1353,26.0,0.0,,,,0.19899999999999998
133784,2020-10-18,Natchitoches,Louisiana,22069.0,1377,26.0,24.0,,,,0.233
133785,2020-10-19,Natchitoches,Louisiana,22069.0,1381,26.0,4.0,,,,0.25299999
133786,2020-10-20,Natchitoches,Louisiana,22069.0,1409,26.0,28.0,,,,0.23399999999999999
133787,2020-10-21,Natchitoches,Louisiana,22069.0,1422,27.0,13.0,,,,0.18099999
133788,2020-10-22,Natchitoches,Louisiana,22069.0,1437,28.0,15.0,,,,0.191
133789,2020-10-23,Natchitoches,Louisiana,22069.0,1448,28.0,11.0,,,,0.20999999
133790,2020-10-24,Natchitoches,Louisiana,22069.0,1448,28.0,0.0,,,,0.19499999
133791,2020-10-25,Natchitoches,Louisiana,22069.0,1467,28.0,19.0,,,,0.2
133792,2020-10-26,Natchitoches,Louisiana,22069.0,1470,28.0,3.0,,,,0.17200001
133793,2020-10-27,Natchitoches,Louisiana,22069.0,1483,28.0,13.0,,,,0.15800001
133794,2020-10-28,Natchitoches,Louisiana,22069.0,1493,28.0,10.0,,,,0.171
133795,2020-10-29,Natchitoches,Louisiana,22069.0,1495,28.0,2.0,,,,0.161
133796,2020-10-30,Natchitoches,Louisiana,22069.0,1503,28.0,8.0,,,,0.171
133797,2020-10-31,Natchitoches,Louisiana,22069.0,1503,28.0,0.0,,,,0.18600000000000003
133798,2020-11-01,Natchitoches,Louisiana,22069.0,1510,30.0,7.0,,,,0.11800000000000001
133799,2020-11-02,Natchitoches,Louisiana,22069.0,1516,32.0,6.0,,,,0.131
133800,2020-11-03,Natchitoches,Louisiana,22069.0,1536,32.0,20.0,,,,0.145
133801,2020-11-04,Natchitoches,Louisiana,22069.0,1555,34.0,19.0,,,,0.16699999999999998
133802,2020-11-05,Natchitoches,Louisiana,22069.0,1559,34.0,4.0,,,,0.185
133803,2020-11-06,Natchitoches,Louisiana,22069.0,1572,34.0,13.0,,,,0.183
133804,2020-11-07,Natchitoches,Louisiana,22069.0,1572,34.0,0.0,,,,0.153
133805,2020-11-08,Natchitoches,Louisiana,22069.0,1592,35.0,20.0,,,,0.185
133806,2020-11-09,Natchitoches,Louisiana,22069.0,1597,35.0,5.0,,,,0.18600000000000003
133807,2020-11-10,Natchitoches,Louisiana,22069.0,1626,35.0,29.0,,,,0.214
133808,2020-11-11,Natchitoches,Louisiana,22069.0,1626,35.0,0.0,,,,0.191
133809,2020-11-12,Natchitoches,Louisiana,22069.0,1660,35.0,34.0,,,,0.19499999
133810,2020-11-13,Natchitoches,Louisiana,22069.0,1719,39.0,59.0,,,,0.228
133811,2020-11-14,Natchitoches,Louisiana,22069.0,1719,39.0,0.0,,,,0.27900001
133812,2020-11-15,Natchitoches,Louisiana,22069.0,1770,39.0,51.0,,,,0.244
133813,2020-11-16,Natchitoches,Louisiana,22069.0,1777,40.0,7.0,,,,0.27000001
133814,2020-11-17,Natchitoches,Louisiana,22069.0,1793,40.0,16.0,,,,0.28099999
133815,2020-11-18,Natchitoches,Louisiana,22069.0,1811,41.0,18.0,,,,0.34400001
133816,2020-11-19,Natchitoches,Louisiana,22069.0,1835,41.0,24.0,,,,0.38299999
133817,2020-11-20,Natchitoches,Louisiana,22069.0,1909,41.0,74.0,,,,0.38699999
133818,2020-11-21,Natchitoches,Louisiana,22069.0,1909,41.0,0.0,,,,0.38699999
133819,2020-11-22,Natchitoches,Louisiana,22069.0,1955,41.0,46.0,,,,0.38699999
