,date,county,state,fips,cases,deaths,new_cases,emp_combined,emp_combined_inclow,revenue_all,spend_all
134828,2020-03-19,St. James,Louisiana,22093.0,1,1.0,0.0,,,,-0.096199997
134829,2020-03-20,St. James,Louisiana,22093.0,1,1.0,0.0,,,,-0.105
134830,2020-03-21,St. James,Louisiana,22093.0,1,1.0,0.0,,,,-0.15099999
134831,2020-03-22,St. James,Louisiana,22093.0,1,1.0,0.0,,,,-0.145
134832,2020-03-23,St. James,Louisiana,22093.0,8,1.0,7.0,,,,-0.17
134833,2020-03-24,St. James,Louisiana,22093.0,9,1.0,1.0,,,,-0.32800001
134834,2020-03-25,St. James,Louisiana,22093.0,14,1.0,5.0,,,,-0.28600001
134835,2020-03-26,St. James,Louisiana,22093.0,29,1.0,15.0,,,,-0.222
134836,2020-03-27,St. James,Louisiana,22093.0,40,3.0,11.0,,,,-0.29600000000000004
134837,2020-03-28,St. James,Louisiana,22093.0,48,3.0,8.0,,,,-0.322
134838,2020-03-29,St. James,Louisiana,22093.0,55,3.0,7.0,,,,-0.31900001
134839,2020-03-30,St. James,Louisiana,22093.0,65,3.0,10.0,,,,-0.37099999
134840,2020-03-31,St. James,Louisiana,22093.0,77,4.0,12.0,,,,-0.391
134841,2020-04-01,St. James,Louisiana,22093.0,86,4.0,9.0,,,,-0.40299999999999997
134842,2020-04-02,St. James,Louisiana,22093.0,110,4.0,24.0,,,,-0.46299999999999997
134843,2020-04-03,St. James,Louisiana,22093.0,116,4.0,6.0,,,,-0.46599999
134844,2020-04-04,St. James,Louisiana,22093.0,150,6.0,34.0,,,,-0.43700001
134845,2020-04-05,St. James,Louisiana,22093.0,155,6.0,5.0,,,,-0.47299999
134846,2020-04-06,St. James,Louisiana,22093.0,167,6.0,12.0,,,,-0.47400001
134847,2020-04-07,St. James,Louisiana,22093.0,176,6.0,9.0,,,,-0.45500001
134848,2020-04-08,St. James,Louisiana,22093.0,181,7.0,5.0,,,,-0.461
134849,2020-04-09,St. James,Louisiana,22093.0,191,7.0,10.0,,,,-0.43900001
134850,2020-04-10,St. James,Louisiana,22093.0,194,9.0,3.0,,,,-0.42199999
134851,2020-04-11,St. James,Louisiana,22093.0,197,9.0,3.0,,,,-0.44600001
134852,2020-04-12,St. James,Louisiana,22093.0,204,10.0,7.0,,,,-0.44
134853,2020-04-13,St. James,Louisiana,22093.0,207,11.0,3.0,,,,-0.40400001
134854,2020-04-14,St. James,Louisiana,22093.0,208,13.0,1.0,,,,-0.48100001
134855,2020-04-15,St. James,Louisiana,22093.0,210,13.0,2.0,,,,-0.51300001
134856,2020-04-16,St. James,Louisiana,22093.0,214,14.0,4.0,,,,-0.57499999
134857,2020-04-17,St. James,Louisiana,22093.0,216,14.0,2.0,,,,-0.54299998
134858,2020-04-18,St. James,Louisiana,22093.0,217,14.0,1.0,,,,-0.45899999
134859,2020-04-19,St. James,Louisiana,22093.0,218,15.0,1.0,,,,-0.389
134860,2020-04-20,St. James,Louisiana,22093.0,222,15.0,4.0,,,,-0.41499999
134861,2020-04-21,St. James,Louisiana,22093.0,228,16.0,6.0,,,,-0.303
134862,2020-04-22,St. James,Louisiana,22093.0,231,18.0,3.0,,,,-0.25600001
134863,2020-04-23,St. James,Louisiana,22093.0,235,17.0,4.0,,,,-0.162
134864,2020-04-24,St. James,Louisiana,22093.0,237,19.0,2.0,,,,-0.25
134865,2020-04-25,St. James,Louisiana,22093.0,237,18.0,0.0,,,,-0.29800001
134866,2020-04-26,St. James,Louisiana,22093.0,239,18.0,2.0,,,,-0.31099999
134867,2020-04-27,St. James,Louisiana,22093.0,239,18.0,0.0,,,,-0.33899999
134868,2020-04-28,St. James,Louisiana,22093.0,240,19.0,1.0,,,,-0.35200000000000004
134869,2020-04-29,St. James,Louisiana,22093.0,243,19.0,3.0,,,,-0.33899999
134870,2020-04-30,St. James,Louisiana,22093.0,246,19.0,3.0,,,,-0.31999999
134871,2020-05-01,St. James,Louisiana,22093.0,247,19.0,1.0,,,,-0.248
134872,2020-05-02,St. James,Louisiana,22093.0,247,19.0,0.0,,,,-0.30199999
134873,2020-05-03,St. James,Louisiana,22093.0,250,20.0,3.0,,,,-0.317
134874,2020-05-04,St. James,Louisiana,22093.0,253,20.0,3.0,,,,-0.226
134875,2020-05-05,St. James,Louisiana,22093.0,254,20.0,1.0,,,,-0.271
134876,2020-05-06,St. James,Louisiana,22093.0,256,20.0,2.0,,,,-0.33299999999999996
134877,2020-05-07,St. James,Louisiana,22093.0,256,20.0,0.0,,,,-0.37799999
134878,2020-05-08,St. James,Louisiana,22093.0,257,20.0,1.0,,,,-0.42199999
134879,2020-05-09,St. James,Louisiana,22093.0,257,20.0,0.0,,,,-0.315
134880,2020-05-10,St. James,Louisiana,22093.0,257,20.0,0.0,,,,-0.35600001
134881,2020-05-11,St. James,Louisiana,22093.0,256,20.0,-1.0,,,,-0.42500001
134882,2020-05-12,St. James,Louisiana,22093.0,256,20.0,0.0,,,,-0.40000001
134883,2020-05-13,St. James,Louisiana,22093.0,268,22.0,12.0,,,,-0.30599999
134884,2020-05-14,St. James,Louisiana,22093.0,284,22.0,16.0,,,,-0.31600001
134885,2020-05-15,St. James,Louisiana,22093.0,284,23.0,0.0,,,,-0.23399999999999999
134886,2020-05-16,St. James,Louisiana,22093.0,282,23.0,-2.0,,,,-0.29699999
134887,2020-05-17,St. James,Louisiana,22093.0,283,23.0,1.0,,,,-0.19599999
134888,2020-05-18,St. James,Louisiana,22093.0,284,23.0,1.0,,,,-0.081699997
134889,2020-05-19,St. James,Louisiana,22093.0,284,23.0,0.0,,,,-0.065300003
134890,2020-05-20,St. James,Louisiana,22093.0,284,23.0,0.0,,,,-0.080799997
134891,2020-05-21,St. James,Louisiana,22093.0,289,24.0,5.0,,,,0.0129
134892,2020-05-22,St. James,Louisiana,22093.0,289,25.0,0.0,,,,-0.237
134893,2020-05-23,St. James,Louisiana,22093.0,289,25.0,0.0,,,,-0.212
134894,2020-05-24,St. James,Louisiana,22093.0,289,25.0,0.0,,,,-0.25400001
134895,2020-05-25,St. James,Louisiana,22093.0,292,25.0,3.0,,,,-0.39799999999999996
134896,2020-05-26,St. James,Louisiana,22093.0,292,25.0,0.0,,,,-0.34400001
134897,2020-05-27,St. James,Louisiana,22093.0,293,25.0,1.0,,,,-0.27000001
134898,2020-05-28,St. James,Louisiana,22093.0,294,25.0,1.0,,,,-0.244
134899,2020-05-29,St. James,Louisiana,22093.0,294,25.0,0.0,,,,-0.17600000000000002
134900,2020-05-30,St. James,Louisiana,22093.0,294,25.0,0.0,,,,-0.183
134901,2020-05-31,St. James,Louisiana,22093.0,294,25.0,0.0,,,,-0.185
134902,2020-06-01,St. James,Louisiana,22093.0,294,25.0,0.0,,,,-0.19699999999999998
134903,2020-06-02,St. James,Louisiana,22093.0,294,27.0,0.0,,,,-0.242
134904,2020-06-03,St. James,Louisiana,22093.0,303,27.0,9.0,,,,-0.31799999
134905,2020-06-04,St. James,Louisiana,22093.0,303,27.0,0.0,,,,-0.38800001
134906,2020-06-05,St. James,Louisiana,22093.0,304,27.0,1.0,,,,-0.30500001
134907,2020-06-06,St. James,Louisiana,22093.0,304,27.0,0.0,,,,-0.207
134908,2020-06-07,St. James,Louisiana,22093.0,304,27.0,0.0,,,,-0.33500001
134909,2020-06-08,St. James,Louisiana,22093.0,304,27.0,0.0,,,,-0.40200001
134910,2020-06-09,St. James,Louisiana,22093.0,305,27.0,1.0,,,,-0.37799999
134911,2020-06-10,St. James,Louisiana,22093.0,306,27.0,1.0,,,,-0.384
134912,2020-06-11,St. James,Louisiana,22093.0,306,27.0,0.0,,,,-0.35699999
134913,2020-06-12,St. James,Louisiana,22093.0,308,27.0,2.0,,,,-0.31299999
134914,2020-06-13,St. James,Louisiana,22093.0,308,27.0,0.0,,,,-0.33700001
134915,2020-06-14,St. James,Louisiana,22093.0,308,27.0,0.0,,,,-0.22699999999999998
134916,2020-06-15,St. James,Louisiana,22093.0,308,27.0,0.0,,,,-0.131
134917,2020-06-16,St. James,Louisiana,22093.0,309,27.0,1.0,,,,-0.026699999
134918,2020-06-17,St. James,Louisiana,22093.0,313,28.0,4.0,,,,-0.0186
134919,2020-06-18,St. James,Louisiana,22093.0,313,28.0,0.0,,,,-0.090700001
134920,2020-06-19,St. James,Louisiana,22093.0,331,28.0,18.0,,,,-0.168
134921,2020-06-20,St. James,Louisiana,22093.0,333,28.0,2.0,,,,-0.168
134922,2020-06-21,St. James,Louisiana,22093.0,334,28.0,1.0,,,,-0.17200001
134923,2020-06-22,St. James,Louisiana,22093.0,334,28.0,0.0,,,,-0.18600000000000003
134924,2020-06-23,St. James,Louisiana,22093.0,338,28.0,4.0,,,,-0.28799999
134925,2020-06-24,St. James,Louisiana,22093.0,338,28.0,0.0,,,,-0.31200001
134926,2020-06-25,St. James,Louisiana,22093.0,340,28.0,2.0,,,,-0.215
134927,2020-06-26,St. James,Louisiana,22093.0,345,28.0,5.0,,,,-0.14
134928,2020-06-27,St. James,Louisiana,22093.0,345,28.0,0.0,,,,-0.125
134929,2020-06-28,St. James,Louisiana,22093.0,349,28.0,4.0,,,,-0.168
134930,2020-06-29,St. James,Louisiana,22093.0,351,28.0,2.0,,,,-0.1
134931,2020-06-30,St. James,Louisiana,22093.0,367,29.0,16.0,,,,-0.0372
134932,2020-07-01,St. James,Louisiana,22093.0,375,29.0,8.0,,,,-0.0045599998
134933,2020-07-02,St. James,Louisiana,22093.0,377,29.0,2.0,,,,-0.041999999
134934,2020-07-03,St. James,Louisiana,22093.0,390,29.0,13.0,,,,-0.11699999999999999
134935,2020-07-04,St. James,Louisiana,22093.0,390,29.0,0.0,,,,-0.0254
134936,2020-07-05,St. James,Louisiana,22093.0,404,29.0,14.0,,,,0.021500001
134937,2020-07-06,St. James,Louisiana,22093.0,410,29.0,6.0,,,,-0.031800002
134938,2020-07-07,St. James,Louisiana,22093.0,413,29.0,3.0,,,,-0.023700001000000002
134939,2020-07-08,St. James,Louisiana,22093.0,418,30.0,5.0,,,,-0.084600002
134940,2020-07-09,St. James,Louisiana,22093.0,432,30.0,14.0,,,,-0.081
134941,2020-07-10,St. James,Louisiana,22093.0,439,30.0,7.0,,,,-0.15700001
134942,2020-07-11,St. James,Louisiana,22093.0,441,30.0,2.0,,,,-0.207
134943,2020-07-12,St. James,Louisiana,22093.0,444,30.0,3.0,,,,-0.0493
134944,2020-07-13,St. James,Louisiana,22093.0,454,30.0,10.0,,,,-0.0207
134945,2020-07-14,St. James,Louisiana,22093.0,465,30.0,11.0,,,,-0.048300002
134946,2020-07-15,St. James,Louisiana,22093.0,474,30.0,9.0,,,,-0.0115
134947,2020-07-16,St. James,Louisiana,22093.0,483,30.0,9.0,,,,-0.0038999999
134948,2020-07-17,St. James,Louisiana,22093.0,500,30.0,17.0,,,,-0.035799999
134949,2020-07-18,St. James,Louisiana,22093.0,500,30.0,0.0,,,,-0.023
134950,2020-07-19,St. James,Louisiana,22093.0,510,30.0,10.0,,,,-0.212
134951,2020-07-20,St. James,Louisiana,22093.0,518,30.0,8.0,,,,-0.25600001
134952,2020-07-21,St. James,Louisiana,22093.0,519,30.0,1.0,,,,-0.23100001
134953,2020-07-22,St. James,Louisiana,22093.0,533,30.0,14.0,,,,-0.26199999
134954,2020-07-23,St. James,Louisiana,22093.0,537,30.0,4.0,,,,-0.27500001
134955,2020-07-24,St. James,Louisiana,22093.0,556,30.0,19.0,,,,-0.27200001
134956,2020-07-25,St. James,Louisiana,22093.0,556,30.0,0.0,,,,-0.233
134957,2020-07-26,St. James,Louisiana,22093.0,582,30.0,26.0,,,,-0.215
134958,2020-07-27,St. James,Louisiana,22093.0,591,30.0,9.0,,,,-0.245
134959,2020-07-28,St. James,Louisiana,22093.0,599,30.0,8.0,,,,-0.26699999
134960,2020-07-29,St. James,Louisiana,22093.0,604,30.0,5.0,,,,-0.28999999
134961,2020-07-30,St. James,Louisiana,22093.0,611,30.0,7.0,,,,-0.31299999
134962,2020-07-31,St. James,Louisiana,22093.0,624,31.0,13.0,,,,-0.273
134963,2020-08-01,St. James,Louisiana,22093.0,624,31.0,0.0,,,,-0.287
134964,2020-08-02,St. James,Louisiana,22093.0,645,31.0,21.0,,,,-0.32699999
134965,2020-08-03,St. James,Louisiana,22093.0,649,31.0,4.0,,,,-0.382
134966,2020-08-04,St. James,Louisiana,22093.0,667,32.0,18.0,,,,-0.37400001
134967,2020-08-05,St. James,Louisiana,22093.0,674,32.0,7.0,,,,-0.30599999
134968,2020-08-06,St. James,Louisiana,22093.0,681,32.0,7.0,,,,-0.26699999
134969,2020-08-07,St. James,Louisiana,22093.0,693,32.0,12.0,,,,-0.23100001
134970,2020-08-08,St. James,Louisiana,22093.0,693,32.0,0.0,,,,-0.21699999
134971,2020-08-09,St. James,Louisiana,22093.0,716,32.0,23.0,,,,-0.122
134972,2020-08-10,St. James,Louisiana,22093.0,719,32.0,3.0,,,,-0.13500001
134973,2020-08-11,St. James,Louisiana,22093.0,722,32.0,3.0,,,,0.08060000099999999
134974,2020-08-12,St. James,Louisiana,22093.0,723,32.0,1.0,,,,0.0062500001
134975,2020-08-13,St. James,Louisiana,22093.0,730,32.0,7.0,,,,-0.034400001
134976,2020-08-14,St. James,Louisiana,22093.0,734,32.0,4.0,,,,-0.070299998
134977,2020-08-15,St. James,Louisiana,22093.0,734,32.0,0.0,,,,-0.12
134978,2020-08-16,St. James,Louisiana,22093.0,737,32.0,3.0,,,,-0.21899999999999997
134979,2020-08-17,St. James,Louisiana,22093.0,741,32.0,4.0,,,,-0.27599999
134980,2020-08-18,St. James,Louisiana,22093.0,741,32.0,0.0,,,,-0.273
134981,2020-08-19,St. James,Louisiana,22093.0,742,32.0,1.0,,,,-0.26300001
134982,2020-08-20,St. James,Louisiana,22093.0,743,33.0,1.0,,,,-0.27599999
134983,2020-08-21,St. James,Louisiana,22093.0,745,33.0,2.0,,,,-0.259
134984,2020-08-22,St. James,Louisiana,22093.0,745,33.0,0.0,,,,-0.191
134985,2020-08-23,St. James,Louisiana,22093.0,747,34.0,2.0,,,,-0.099799998
134986,2020-08-24,St. James,Louisiana,22093.0,749,34.0,2.0,,,,-0.095799997
134987,2020-08-25,St. James,Louisiana,22093.0,752,35.0,3.0,,,,-0.182
134988,2020-08-26,St. James,Louisiana,22093.0,754,35.0,2.0,,,,-0.22
134989,2020-08-27,St. James,Louisiana,22093.0,755,35.0,1.0,,,,-0.27000001
134990,2020-08-28,St. James,Louisiana,22093.0,757,35.0,2.0,,,,-0.121
134991,2020-08-29,St. James,Louisiana,22093.0,757,35.0,0.0,,,,-0.13
134992,2020-08-30,St. James,Louisiana,22093.0,759,36.0,2.0,,,,-0.12899999
134993,2020-08-31,St. James,Louisiana,22093.0,761,36.0,2.0,,,,-0.109
134994,2020-09-01,St. James,Louisiana,22093.0,761,36.0,0.0,,,,-0.025699998999999998
134995,2020-09-02,St. James,Louisiana,22093.0,767,36.0,6.0,,,,0.016000001
134996,2020-09-03,St. James,Louisiana,22093.0,768,36.0,1.0,,,,0.171
134997,2020-09-04,St. James,Louisiana,22093.0,769,37.0,1.0,,,,0.05229999900000001
134998,2020-09-05,St. James,Louisiana,22093.0,769,37.0,0.0,,,,0.051600002
134999,2020-09-06,St. James,Louisiana,22093.0,768,37.0,-1.0,,,,0.06419999900000001
135000,2020-09-07,St. James,Louisiana,22093.0,768,37.0,0.0,,,,-0.032000002
135001,2020-09-08,St. James,Louisiana,22093.0,766,37.0,-2.0,,,,-0.027100001000000002
135002,2020-09-09,St. James,Louisiana,22093.0,782,37.0,16.0,,,,0.077600002
135003,2020-09-10,St. James,Louisiana,22093.0,782,37.0,0.0,,,,0.081299998
135004,2020-09-11,St. James,Louisiana,22093.0,783,38.0,1.0,,,,-0.067500003
135005,2020-09-12,St. James,Louisiana,22093.0,783,38.0,0.0,,,,-0.20100001
135006,2020-09-13,St. James,Louisiana,22093.0,781,38.0,-2.0,,,,-0.12
135007,2020-09-14,St. James,Louisiana,22093.0,780,38.0,-1.0,,,,-0.183
135008,2020-09-15,St. James,Louisiana,22093.0,785,38.0,5.0,,,,-0.213
135009,2020-09-16,St. James,Louisiana,22093.0,786,38.0,1.0,,,,-0.14300001
135010,2020-09-17,St. James,Louisiana,22093.0,788,40.0,2.0,,,,-0.19400001
135011,2020-09-18,St. James,Louisiana,22093.0,792,40.0,4.0,,,,-0.063000001
135012,2020-09-19,St. James,Louisiana,22093.0,792,40.0,0.0,,,,-0.0647
135013,2020-09-20,St. James,Louisiana,22093.0,791,40.0,-1.0,,,,-0.08389999699999999
135014,2020-09-21,St. James,Louisiana,22093.0,792,40.0,1.0,,,,-0.039099998999999996
135015,2020-09-22,St. James,Louisiana,22093.0,806,40.0,14.0,,,,0.0114
135016,2020-09-23,St. James,Louisiana,22093.0,808,40.0,2.0,,,,0.0014900001
135017,2020-09-24,St. James,Louisiana,22093.0,807,40.0,-1.0,,,,0.0118
135018,2020-09-25,St. James,Louisiana,22093.0,805,40.0,-2.0,,,,-0.177
135019,2020-09-26,St. James,Louisiana,22093.0,805,40.0,0.0,,,,-0.133
135020,2020-09-27,St. James,Louisiana,22093.0,808,40.0,3.0,,,,-0.215
135021,2020-09-28,St. James,Louisiana,22093.0,810,40.0,2.0,,,,-0.27000001
135022,2020-09-29,St. James,Louisiana,22093.0,812,40.0,2.0,,,,-0.31600001
135023,2020-09-30,St. James,Louisiana,22093.0,813,40.0,1.0,,,,-0.38
135024,2020-10-01,St. James,Louisiana,22093.0,814,40.0,1.0,,,,-0.38999999
135025,2020-10-02,St. James,Louisiana,22093.0,810,40.0,-4.0,,,,-0.243
135026,2020-10-03,St. James,Louisiana,22093.0,810,40.0,0.0,,,,-0.27500001
135027,2020-10-04,St. James,Louisiana,22093.0,813,40.0,3.0,,,,-0.212
135028,2020-10-05,St. James,Louisiana,22093.0,811,40.0,-2.0,,,,-0.15800001
135029,2020-10-06,St. James,Louisiana,22093.0,812,40.0,1.0,,,,-0.097099997
135030,2020-10-07,St. James,Louisiana,22093.0,812,40.0,0.0,,,,-0.098800004
135031,2020-10-08,St. James,Louisiana,22093.0,816,40.0,4.0,,,,-0.041700002
135032,2020-10-09,St. James,Louisiana,22093.0,815,40.0,-1.0,,,,-0.16699999999999998
135033,2020-10-10,St. James,Louisiana,22093.0,815,40.0,0.0,,,,-0.16599999
135034,2020-10-11,St. James,Louisiana,22093.0,817,40.0,2.0,,,,-0.15899999
135035,2020-10-12,St. James,Louisiana,22093.0,816,40.0,-1.0,,,,-0.08389999699999999
135036,2020-10-13,St. James,Louisiana,22093.0,820,40.0,4.0,,,,0.0044999998
135037,2020-10-14,St. James,Louisiana,22093.0,825,40.0,5.0,,,,0.0136
135038,2020-10-15,St. James,Louisiana,22093.0,826,40.0,1.0,,,,-0.034200002
135039,2020-10-16,St. James,Louisiana,22093.0,828,40.0,2.0,,,,-0.00514
135040,2020-10-17,St. James,Louisiana,22093.0,828,40.0,0.0,,,,0.012
135041,2020-10-18,St. James,Louisiana,22093.0,830,40.0,2.0,,,,0.032099999
135042,2020-10-19,St. James,Louisiana,22093.0,830,40.0,0.0,,,,0.0244
135043,2020-10-20,St. James,Louisiana,22093.0,829,40.0,-1.0,,,,-0.0145
135044,2020-10-21,St. James,Louisiana,22093.0,832,40.0,3.0,,,,-0.233
135045,2020-10-22,St. James,Louisiana,22093.0,834,40.0,2.0,,,,-0.155
135046,2020-10-23,St. James,Louisiana,22093.0,837,40.0,3.0,,,,-0.076800004
135047,2020-10-24,St. James,Louisiana,22093.0,837,40.0,0.0,,,,-0.081900001
135048,2020-10-25,St. James,Louisiana,22093.0,837,40.0,0.0,,,,-0.131
135049,2020-10-26,St. James,Louisiana,22093.0,839,40.0,2.0,,,,-0.071199998
135050,2020-10-27,St. James,Louisiana,22093.0,841,40.0,2.0,,,,-0.09560000199999999
135051,2020-10-28,St. James,Louisiana,22093.0,847,40.0,6.0,,,,-0.058600001
135052,2020-10-29,St. James,Louisiana,22093.0,845,40.0,-2.0,,,,-0.163
135053,2020-10-30,St. James,Louisiana,22093.0,846,40.0,1.0,,,,-0.19899999999999998
135054,2020-10-31,St. James,Louisiana,22093.0,846,40.0,0.0,,,,-0.22699999999999998
135055,2020-11-01,St. James,Louisiana,22093.0,846,40.0,0.0,,,,-0.223
135056,2020-11-02,St. James,Louisiana,22093.0,849,40.0,3.0,,,,-0.289
135057,2020-11-03,St. James,Louisiana,22093.0,850,40.0,1.0,,,,-0.27500001
135058,2020-11-04,St. James,Louisiana,22093.0,851,40.0,1.0,,,,-0.30000001
135059,2020-11-05,St. James,Louisiana,22093.0,852,40.0,1.0,,,,-0.271
135060,2020-11-06,St. James,Louisiana,22093.0,854,40.0,2.0,,,,-0.185
135061,2020-11-07,St. James,Louisiana,22093.0,854,40.0,0.0,,,,-0.185
135062,2020-11-08,St. James,Louisiana,22093.0,854,40.0,0.0,,,,-0.13699999
135063,2020-11-09,St. James,Louisiana,22093.0,856,40.0,2.0,,,,-0.16899999999999998
135064,2020-11-10,St. James,Louisiana,22093.0,861,40.0,5.0,,,,-0.084799998
135065,2020-11-11,St. James,Louisiana,22093.0,861,40.0,0.0,,,,-0.0103
135066,2020-11-12,St. James,Louisiana,22093.0,864,40.0,3.0,,,,-0.028899999
135067,2020-11-13,St. James,Louisiana,22093.0,898,40.0,34.0,,,,-0.073700003
135068,2020-11-14,St. James,Louisiana,22093.0,898,40.0,0.0,,,,-0.0284
135069,2020-11-15,St. James,Louisiana,22093.0,900,40.0,2.0,,,,-0.091700003
135070,2020-11-16,St. James,Louisiana,22093.0,901,40.0,1.0,,,,-0.0517
135071,2020-11-17,St. James,Louisiana,22093.0,920,40.0,19.0,,,,-0.141
135072,2020-11-18,St. James,Louisiana,22093.0,922,40.0,2.0,,,,-0.0427
135073,2020-11-19,St. James,Louisiana,22093.0,927,40.0,5.0,,,,-0.106
135074,2020-11-20,St. James,Louisiana,22093.0,934,40.0,7.0,,,,-0.134
135075,2020-11-21,St. James,Louisiana,22093.0,934,40.0,0.0,,,,-0.185
135076,2020-11-22,St. James,Louisiana,22093.0,947,40.0,13.0,,,,-0.163
