,date,county,state,fips,cases,deaths,new_cases,emp_combined,emp_combined_inclow,revenue_all,spend_all
137072,2020-03-24,Vernon,Louisiana,22115.0,2,0.0,0.0,,,,-0.13500001
137073,2020-03-25,Vernon,Louisiana,22115.0,2,0.0,0.0,,,,-0.16699999999999998
137074,2020-03-26,Vernon,Louisiana,22115.0,2,0.0,0.0,,,,-0.149
137075,2020-03-27,Vernon,Louisiana,22115.0,2,0.0,0.0,,,,-0.223
137076,2020-03-28,Vernon,Louisiana,22115.0,2,0.0,0.0,,,,-0.23199999
137077,2020-03-29,Vernon,Louisiana,22115.0,2,0.0,0.0,,,,-0.29100001
137078,2020-03-30,Vernon,Louisiana,22115.0,3,0.0,1.0,,,,-0.34700000000000003
137079,2020-03-31,Vernon,Louisiana,22115.0,3,0.0,0.0,,,,-0.34
137080,2020-04-01,Vernon,Louisiana,22115.0,6,0.0,3.0,,,,-0.30599999
137081,2020-04-02,Vernon,Louisiana,22115.0,7,0.0,1.0,,,,-0.29800001
137082,2020-04-03,Vernon,Louisiana,22115.0,8,0.0,1.0,,,,-0.27500001
137083,2020-04-04,Vernon,Louisiana,22115.0,11,0.0,3.0,,,,-0.248
137084,2020-04-05,Vernon,Louisiana,22115.0,10,0.0,-1.0,,,,-0.226
137085,2020-04-06,Vernon,Louisiana,22115.0,10,0.0,0.0,,,,-0.17600000000000002
137086,2020-04-07,Vernon,Louisiana,22115.0,11,0.0,1.0,,,,-0.162
137087,2020-04-08,Vernon,Louisiana,22115.0,11,0.0,0.0,,,,-0.193
137088,2020-04-09,Vernon,Louisiana,22115.0,11,0.0,0.0,,,,-0.237
137089,2020-04-10,Vernon,Louisiana,22115.0,13,0.0,2.0,,,,-0.20600000000000002
137090,2020-04-11,Vernon,Louisiana,22115.0,14,0.0,1.0,,,,-0.23
137091,2020-04-12,Vernon,Louisiana,22115.0,14,0.0,0.0,,,,-0.252
137092,2020-04-13,Vernon,Louisiana,22115.0,14,0.0,0.0,,,,-0.233
137093,2020-04-14,Vernon,Louisiana,22115.0,14,1.0,0.0,,,,-0.20999999
137094,2020-04-15,Vernon,Louisiana,22115.0,14,1.0,0.0,,,,-0.13699999
137095,2020-04-16,Vernon,Louisiana,22115.0,14,1.0,0.0,,,,-0.096000001
137096,2020-04-17,Vernon,Louisiana,22115.0,14,1.0,0.0,,,,-0.064900003
137097,2020-04-18,Vernon,Louisiana,22115.0,14,1.0,0.0,,,,-0.0229
137098,2020-04-19,Vernon,Louisiana,22115.0,14,1.0,0.0,,,,-0.0072400002
137099,2020-04-20,Vernon,Louisiana,22115.0,14,1.0,0.0,,,,-0.054099999
137100,2020-04-21,Vernon,Louisiana,22115.0,14,1.0,0.0,,,,-0.058200002
137101,2020-04-22,Vernon,Louisiana,22115.0,14,1.0,0.0,,,,-0.10300000000000001
137102,2020-04-23,Vernon,Louisiana,22115.0,14,1.0,0.0,,,,-0.17200001
137103,2020-04-24,Vernon,Louisiana,22115.0,15,1.0,1.0,,,,-0.17399999
137104,2020-04-25,Vernon,Louisiana,22115.0,16,2.0,1.0,,,,-0.22400001
137105,2020-04-26,Vernon,Louisiana,22115.0,16,2.0,0.0,,,,-0.20800000000000002
137106,2020-04-27,Vernon,Louisiana,22115.0,16,2.0,0.0,,,,-0.175
137107,2020-04-28,Vernon,Louisiana,22115.0,16,2.0,0.0,,,,-0.18799999
137108,2020-04-29,Vernon,Louisiana,22115.0,16,2.0,0.0,,,,-0.19599999
137109,2020-04-30,Vernon,Louisiana,22115.0,16,2.0,0.0,,,,-0.154
137110,2020-05-01,Vernon,Louisiana,22115.0,16,2.0,0.0,,,,-0.0579
137111,2020-05-02,Vernon,Louisiana,22115.0,16,2.0,0.0,,,,-0.074900001
137112,2020-05-03,Vernon,Louisiana,22115.0,16,2.0,0.0,,,,-0.139
137113,2020-05-04,Vernon,Louisiana,22115.0,16,2.0,0.0,,,,-0.163
137114,2020-05-05,Vernon,Louisiana,22115.0,17,2.0,1.0,,,,-0.16599999
137115,2020-05-06,Vernon,Louisiana,22115.0,17,2.0,0.0,,,,-0.153
137116,2020-05-07,Vernon,Louisiana,22115.0,17,2.0,0.0,,,,-0.18000001
137117,2020-05-08,Vernon,Louisiana,22115.0,17,2.0,0.0,,,,-0.205
137118,2020-05-09,Vernon,Louisiana,22115.0,18,2.0,1.0,,,,-0.29499999
137119,2020-05-10,Vernon,Louisiana,22115.0,18,2.0,0.0,,,,-0.23199999
137120,2020-05-11,Vernon,Louisiana,22115.0,18,2.0,0.0,,,,-0.183
137121,2020-05-12,Vernon,Louisiana,22115.0,18,2.0,0.0,,,,-0.16
137122,2020-05-13,Vernon,Louisiana,22115.0,19,2.0,1.0,,,,-0.17399999
137123,2020-05-14,Vernon,Louisiana,22115.0,19,2.0,0.0,,,,-0.145
137124,2020-05-15,Vernon,Louisiana,22115.0,19,2.0,0.0,,,,-0.075499997
137125,2020-05-16,Vernon,Louisiana,22115.0,20,2.0,1.0,,,,-0.09229999800000001
137126,2020-05-17,Vernon,Louisiana,22115.0,20,2.0,0.0,,,,-0.09350000300000001
137127,2020-05-18,Vernon,Louisiana,22115.0,21,2.0,1.0,,,,-0.152
137128,2020-05-19,Vernon,Louisiana,22115.0,21,2.0,0.0,,,,-0.18000001
137129,2020-05-20,Vernon,Louisiana,22115.0,21,2.0,0.0,,,,-0.17399999
137130,2020-05-21,Vernon,Louisiana,22115.0,22,2.0,1.0,,,,-0.17
137131,2020-05-22,Vernon,Louisiana,22115.0,23,3.0,1.0,,,,-0.16599999
137132,2020-05-23,Vernon,Louisiana,22115.0,23,3.0,0.0,,,,-0.14800000000000002
137133,2020-05-24,Vernon,Louisiana,22115.0,23,3.0,0.0,,,,-0.18000001
137134,2020-05-25,Vernon,Louisiana,22115.0,24,3.0,1.0,,,,-0.22499999
137135,2020-05-26,Vernon,Louisiana,22115.0,24,3.0,0.0,,,,-0.177
137136,2020-05-27,Vernon,Louisiana,22115.0,24,3.0,0.0,,,,-0.14399999
137137,2020-05-28,Vernon,Louisiana,22115.0,25,3.0,1.0,,,,-0.132
137138,2020-05-29,Vernon,Louisiana,22115.0,25,3.0,0.0,,,,-0.162
137139,2020-05-30,Vernon,Louisiana,22115.0,25,3.0,0.0,,,,-0.21600001
137140,2020-05-31,Vernon,Louisiana,22115.0,26,3.0,1.0,,,,-0.25
137141,2020-06-01,Vernon,Louisiana,22115.0,26,3.0,0.0,,,,-0.26699999
137142,2020-06-02,Vernon,Louisiana,22115.0,28,3.0,2.0,,,,-0.26699999
137143,2020-06-03,Vernon,Louisiana,22115.0,28,3.0,0.0,,,,-0.22400001
137144,2020-06-04,Vernon,Louisiana,22115.0,29,3.0,1.0,,,,-0.204
137145,2020-06-05,Vernon,Louisiana,22115.0,31,3.0,2.0,,,,-0.18700001
137146,2020-06-06,Vernon,Louisiana,22115.0,33,3.0,2.0,,,,-0.11900000000000001
137147,2020-06-07,Vernon,Louisiana,22115.0,34,3.0,1.0,,,,-0.097099997
137148,2020-06-08,Vernon,Louisiana,22115.0,34,3.0,0.0,,,,-0.073100001
137149,2020-06-09,Vernon,Louisiana,22115.0,39,3.0,5.0,,,,-0.065099999
137150,2020-06-10,Vernon,Louisiana,22115.0,39,3.0,0.0,,,,-0.147
137151,2020-06-11,Vernon,Louisiana,22115.0,39,3.0,0.0,,,,-0.048599999000000005
137152,2020-06-12,Vernon,Louisiana,22115.0,43,3.0,4.0,,,,-0.0482
137153,2020-06-13,Vernon,Louisiana,22115.0,51,3.0,8.0,,,,-0.057999998
137154,2020-06-14,Vernon,Louisiana,22115.0,53,3.0,2.0,,,,-0.018200001
137155,2020-06-15,Vernon,Louisiana,22115.0,54,3.0,1.0,,,,-0.016899999
137156,2020-06-16,Vernon,Louisiana,22115.0,58,3.0,4.0,,,,0.0164
137157,2020-06-17,Vernon,Louisiana,22115.0,67,3.0,9.0,,,,0.079999998
137158,2020-06-18,Vernon,Louisiana,22115.0,67,3.0,0.0,,,,-0.054000001
137159,2020-06-19,Vernon,Louisiana,22115.0,73,4.0,6.0,,,,-0.081500001
137160,2020-06-20,Vernon,Louisiana,22115.0,74,4.0,1.0,,,,-0.061700001
137161,2020-06-21,Vernon,Louisiana,22115.0,76,4.0,2.0,,,,-0.08070000299999999
137162,2020-06-22,Vernon,Louisiana,22115.0,77,5.0,1.0,,,,-0.0275
137163,2020-06-23,Vernon,Louisiana,22115.0,89,6.0,12.0,,,,-0.071199998
137164,2020-06-24,Vernon,Louisiana,22115.0,91,6.0,2.0,,,,-0.16899999999999998
137165,2020-06-25,Vernon,Louisiana,22115.0,96,6.0,5.0,,,,-0.198
137166,2020-06-26,Vernon,Louisiana,22115.0,107,7.0,11.0,,,,-0.17299999
137167,2020-06-27,Vernon,Louisiana,22115.0,107,7.0,0.0,,,,-0.149
137168,2020-06-28,Vernon,Louisiana,22115.0,111,7.0,4.0,,,,-0.163
137169,2020-06-29,Vernon,Louisiana,22115.0,116,7.0,5.0,,,,-0.23600000000000002
137170,2020-06-30,Vernon,Louisiana,22115.0,138,8.0,22.0,,,,-0.226
137171,2020-07-01,Vernon,Louisiana,22115.0,153,8.0,15.0,,,,-0.22499999
137172,2020-07-02,Vernon,Louisiana,22115.0,159,8.0,6.0,,,,-0.226
137173,2020-07-03,Vernon,Louisiana,22115.0,164,8.0,5.0,,,,-0.22899999999999998
137174,2020-07-04,Vernon,Louisiana,22115.0,164,8.0,0.0,,,,-0.26899999
137175,2020-07-05,Vernon,Louisiana,22115.0,179,8.0,15.0,,,,-0.244
137176,2020-07-06,Vernon,Louisiana,22115.0,187,8.0,8.0,,,,-0.12
137177,2020-07-07,Vernon,Louisiana,22115.0,217,9.0,30.0,,,,-0.156
137178,2020-07-08,Vernon,Louisiana,22115.0,223,9.0,6.0,,,,-0.106
137179,2020-07-09,Vernon,Louisiana,22115.0,237,9.0,14.0,,,,-0.086000003
137180,2020-07-10,Vernon,Louisiana,22115.0,247,9.0,10.0,,,,-0.11199999999999999
137181,2020-07-11,Vernon,Louisiana,22115.0,263,9.0,16.0,,,,-0.13
137182,2020-07-12,Vernon,Louisiana,22115.0,277,9.0,14.0,,,,-0.111
137183,2020-07-13,Vernon,Louisiana,22115.0,288,9.0,11.0,,,,-0.155
137184,2020-07-14,Vernon,Louisiana,22115.0,301,10.0,13.0,,,,-0.037999999
137185,2020-07-15,Vernon,Louisiana,22115.0,319,10.0,18.0,,,,0.038600001
137186,2020-07-16,Vernon,Louisiana,22115.0,322,11.0,3.0,,,,0.134
137187,2020-07-17,Vernon,Louisiana,22115.0,346,12.0,24.0,,,,0.11199999999999999
137188,2020-07-18,Vernon,Louisiana,22115.0,346,12.0,0.0,,,,0.114
137189,2020-07-19,Vernon,Louisiana,22115.0,386,13.0,40.0,,,,0.133
137190,2020-07-20,Vernon,Louisiana,22115.0,429,13.0,43.0,,,,0.11800000000000001
137191,2020-07-21,Vernon,Louisiana,22115.0,445,15.0,16.0,,,,0.042199999
137192,2020-07-22,Vernon,Louisiana,22115.0,478,16.0,33.0,,,,-0.0513
137193,2020-07-23,Vernon,Louisiana,22115.0,520,17.0,42.0,,,,-0.093199998
137194,2020-07-24,Vernon,Louisiana,22115.0,544,18.0,24.0,,,,-0.051899999
137195,2020-07-25,Vernon,Louisiana,22115.0,544,18.0,0.0,,,,-0.09629999800000001
137196,2020-07-26,Vernon,Louisiana,22115.0,587,19.0,43.0,,,,-0.18600000000000003
137197,2020-07-27,Vernon,Louisiana,22115.0,599,19.0,12.0,,,,-0.20100001
137198,2020-07-28,Vernon,Louisiana,22115.0,611,19.0,12.0,,,,-0.153
137199,2020-07-29,Vernon,Louisiana,22115.0,631,21.0,20.0,,,,-0.17900001
137200,2020-07-30,Vernon,Louisiana,22115.0,654,21.0,23.0,,,,-0.113
137201,2020-07-31,Vernon,Louisiana,22115.0,663,21.0,9.0,,,,-0.0341
137202,2020-08-01,Vernon,Louisiana,22115.0,663,21.0,0.0,,,,-0.066399999
137203,2020-08-02,Vernon,Louisiana,22115.0,684,22.0,21.0,,,,-0.00064599997
137204,2020-08-03,Vernon,Louisiana,22115.0,704,22.0,20.0,,,,0.016899999
137205,2020-08-04,Vernon,Louisiana,22115.0,732,22.0,28.0,,,,0.033399999
137206,2020-08-05,Vernon,Louisiana,22115.0,733,23.0,1.0,,,,0.00942
137207,2020-08-06,Vernon,Louisiana,22115.0,739,25.0,6.0,,,,-0.115
137208,2020-08-07,Vernon,Louisiana,22115.0,748,27.0,9.0,,,,-0.171
137209,2020-08-08,Vernon,Louisiana,22115.0,748,27.0,0.0,,,,-0.154
137210,2020-08-09,Vernon,Louisiana,22115.0,768,28.0,20.0,,,,-0.131
137211,2020-08-10,Vernon,Louisiana,22115.0,770,28.0,2.0,,,,-0.17800000000000002
137212,2020-08-11,Vernon,Louisiana,22115.0,772,29.0,2.0,,,,-0.149
137213,2020-08-12,Vernon,Louisiana,22115.0,789,29.0,17.0,,,,-0.11699999999999999
137214,2020-08-13,Vernon,Louisiana,22115.0,798,29.0,9.0,,,,-0.071699999
137215,2020-08-14,Vernon,Louisiana,22115.0,806,30.0,8.0,,,,-0.0175
137216,2020-08-15,Vernon,Louisiana,22115.0,806,30.0,0.0,,,,0.0272
137217,2020-08-16,Vernon,Louisiana,22115.0,810,31.0,4.0,,,,0.0261
137218,2020-08-17,Vernon,Louisiana,22115.0,814,31.0,4.0,,,,0.064300001
137219,2020-08-18,Vernon,Louisiana,22115.0,824,31.0,10.0,,,,-0.0087000001
137220,2020-08-19,Vernon,Louisiana,22115.0,843,32.0,19.0,,,,-0.0141
137221,2020-08-20,Vernon,Louisiana,22115.0,852,33.0,9.0,,,,0.060199998
137222,2020-08-21,Vernon,Louisiana,22115.0,869,35.0,17.0,,,,0.0040799999
137223,2020-08-22,Vernon,Louisiana,22115.0,869,35.0,0.0,,,,0.0030499998999999997
137224,2020-08-23,Vernon,Louisiana,22115.0,889,36.0,20.0,,,,0.047600000999999996
137225,2020-08-24,Vernon,Louisiana,22115.0,898,36.0,9.0,,,,0.073600002
137226,2020-08-25,Vernon,Louisiana,22115.0,927,36.0,29.0,,,,0.0854
137227,2020-08-26,Vernon,Louisiana,22115.0,935,38.0,8.0,,,,0.27200001
137228,2020-08-27,Vernon,Louisiana,22115.0,939,38.0,4.0,,,,0.12300000000000001
137229,2020-08-28,Vernon,Louisiana,22115.0,951,39.0,12.0,,,,0.132
137230,2020-08-29,Vernon,Louisiana,22115.0,951,39.0,0.0,,,,0.21899999999999997
137231,2020-08-30,Vernon,Louisiana,22115.0,956,39.0,5.0,,,,0.18000001
137232,2020-08-31,Vernon,Louisiana,22115.0,954,39.0,-2.0,,,,0.15700001
137233,2020-09-01,Vernon,Louisiana,22115.0,957,39.0,3.0,,,,0.131
137234,2020-09-02,Vernon,Louisiana,22115.0,962,40.0,5.0,,,,-0.00297
137235,2020-09-03,Vernon,Louisiana,22115.0,962,40.0,0.0,,,,0.07299999900000001
137236,2020-09-04,Vernon,Louisiana,22115.0,966,40.0,4.0,,,,0.035
137237,2020-09-05,Vernon,Louisiana,22115.0,966,40.0,0.0,,,,-0.074600004
137238,2020-09-06,Vernon,Louisiana,22115.0,974,41.0,8.0,,,,0.0072599998999999995
137239,2020-09-07,Vernon,Louisiana,22115.0,976,41.0,2.0,,,,-0.039000001
137240,2020-09-08,Vernon,Louisiana,22115.0,981,41.0,5.0,,,,-0.088699996
137241,2020-09-09,Vernon,Louisiana,22115.0,996,41.0,15.0,,,,-0.19899999999999998
137242,2020-09-10,Vernon,Louisiana,22115.0,996,43.0,0.0,,,,-0.17600000000000002
137243,2020-09-11,Vernon,Louisiana,22115.0,1001,43.0,5.0,,,,-0.20999999
137244,2020-09-12,Vernon,Louisiana,22115.0,1001,43.0,0.0,,,,-0.17200001
137245,2020-09-13,Vernon,Louisiana,22115.0,1016,46.0,15.0,,,,-0.146
137246,2020-09-14,Vernon,Louisiana,22115.0,1016,46.0,0.0,,,,-0.0429
137247,2020-09-15,Vernon,Louisiana,22115.0,1019,46.0,3.0,,,,0.064300001
137248,2020-09-16,Vernon,Louisiana,22115.0,1019,46.0,0.0,,,,0.038699999
137249,2020-09-17,Vernon,Louisiana,22115.0,1022,46.0,3.0,,,,-0.043299999000000006
137250,2020-09-18,Vernon,Louisiana,22115.0,1024,46.0,2.0,,,,-0.0038600001
137251,2020-09-19,Vernon,Louisiana,22115.0,1024,46.0,0.0,,,,-0.0177
137252,2020-09-20,Vernon,Louisiana,22115.0,1035,46.0,11.0,,,,-0.0098700002
137253,2020-09-21,Vernon,Louisiana,22115.0,1036,46.0,1.0,,,,-0.035100002000000005
137254,2020-09-22,Vernon,Louisiana,22115.0,1040,46.0,4.0,,,,-0.0042400002
137255,2020-09-23,Vernon,Louisiana,22115.0,1042,46.0,2.0,,,,-0.048599999000000005
137256,2020-09-24,Vernon,Louisiana,22115.0,1044,49.0,2.0,,,,0.0165
137257,2020-09-25,Vernon,Louisiana,22115.0,1049,49.0,5.0,,,,0.0229
137258,2020-09-26,Vernon,Louisiana,22115.0,1049,49.0,0.0,,,,0.0103
137259,2020-09-27,Vernon,Louisiana,22115.0,1049,51.0,0.0,,,,0.0176
137260,2020-09-28,Vernon,Louisiana,22115.0,1051,51.0,2.0,,,,0.0328
137261,2020-09-29,Vernon,Louisiana,22115.0,1068,51.0,17.0,,,,-0.0605
137262,2020-09-30,Vernon,Louisiana,22115.0,1069,51.0,1.0,,,,-0.031300001
137263,2020-10-01,Vernon,Louisiana,22115.0,1075,51.0,6.0,,,,-0.0125
137264,2020-10-02,Vernon,Louisiana,22115.0,1078,51.0,3.0,,,,0.00392
137265,2020-10-03,Vernon,Louisiana,22115.0,1078,51.0,0.0,,,,-0.0287
137266,2020-10-04,Vernon,Louisiana,22115.0,1081,52.0,3.0,,,,-0.0186
137267,2020-10-05,Vernon,Louisiana,22115.0,1081,52.0,0.0,,,,-0.0306
137268,2020-10-06,Vernon,Louisiana,22115.0,1081,52.0,0.0,,,,-0.0104
137269,2020-10-07,Vernon,Louisiana,22115.0,1085,52.0,4.0,,,,0.0594
137270,2020-10-08,Vernon,Louisiana,22115.0,1089,52.0,4.0,,,,0.066699997
137271,2020-10-09,Vernon,Louisiana,22115.0,1091,52.0,2.0,,,,-0.11
137272,2020-10-10,Vernon,Louisiana,22115.0,1091,52.0,0.0,,,,-0.097099997
137273,2020-10-11,Vernon,Louisiana,22115.0,1099,52.0,8.0,,,,-0.147
137274,2020-10-12,Vernon,Louisiana,22115.0,1097,52.0,-2.0,,,,-0.086900003
137275,2020-10-13,Vernon,Louisiana,22115.0,1104,52.0,7.0,,,,-0.11599999999999999
137276,2020-10-14,Vernon,Louisiana,22115.0,1105,54.0,1.0,,,,-0.13
137277,2020-10-15,Vernon,Louisiana,22115.0,1106,55.0,1.0,,,,-0.17800000000000002
137278,2020-10-16,Vernon,Louisiana,22115.0,1108,55.0,2.0,,,,-0.06329999900000001
137279,2020-10-17,Vernon,Louisiana,22115.0,1108,55.0,0.0,,,,-0.0114
137280,2020-10-18,Vernon,Louisiana,22115.0,1106,55.0,-2.0,,,,-0.0132
137281,2020-10-19,Vernon,Louisiana,22115.0,1107,55.0,1.0,,,,-0.0027199999999999998
137282,2020-10-20,Vernon,Louisiana,22115.0,1113,55.0,6.0,,,,-0.0007440000200000001
137283,2020-10-21,Vernon,Louisiana,22115.0,1108,55.0,-5.0,,,,-0.032000002
137284,2020-10-22,Vernon,Louisiana,22115.0,1113,55.0,5.0,,,,0.0506
137285,2020-10-23,Vernon,Louisiana,22115.0,1112,55.0,-1.0,,,,0.0612
137286,2020-10-24,Vernon,Louisiana,22115.0,1112,55.0,0.0,,,,0.09080000199999999
137287,2020-10-25,Vernon,Louisiana,22115.0,1116,55.0,4.0,,,,0.183
137288,2020-10-26,Vernon,Louisiana,22115.0,1116,55.0,0.0,,,,0.153
137289,2020-10-27,Vernon,Louisiana,22115.0,1118,56.0,2.0,,,,0.12
137290,2020-10-28,Vernon,Louisiana,22115.0,1125,56.0,7.0,,,,0.019300001
137291,2020-10-29,Vernon,Louisiana,22115.0,1125,56.0,0.0,,,,-0.0272
137292,2020-10-30,Vernon,Louisiana,22115.0,1128,56.0,3.0,,,,-0.09960000199999999
137293,2020-10-31,Vernon,Louisiana,22115.0,1128,56.0,0.0,,,,-0.15700001
137294,2020-11-01,Vernon,Louisiana,22115.0,1133,56.0,5.0,,,,-0.27700001
137295,2020-11-02,Vernon,Louisiana,22115.0,1133,56.0,0.0,,,,-0.28099999
137296,2020-11-03,Vernon,Louisiana,22115.0,1136,56.0,3.0,,,,-0.22
137297,2020-11-04,Vernon,Louisiana,22115.0,1140,56.0,4.0,,,,-0.14399999
137298,2020-11-05,Vernon,Louisiana,22115.0,1141,56.0,1.0,,,,-0.114
137299,2020-11-06,Vernon,Louisiana,22115.0,1145,56.0,4.0,,,,-0.059900000999999994
137300,2020-11-07,Vernon,Louisiana,22115.0,1145,56.0,0.0,,,,-0.057300000999999996
137301,2020-11-08,Vernon,Louisiana,22115.0,1150,56.0,5.0,,,,-0.0072699999
137302,2020-11-09,Vernon,Louisiana,22115.0,1157,56.0,7.0,,,,0.0123
137303,2020-11-10,Vernon,Louisiana,22115.0,1159,56.0,2.0,,,,-0.031500001
137304,2020-11-11,Vernon,Louisiana,22115.0,1159,56.0,0.0,,,,-0.078100003
137305,2020-11-12,Vernon,Louisiana,22115.0,1173,57.0,14.0,,,,-0.156
137306,2020-11-13,Vernon,Louisiana,22115.0,1232,60.0,59.0,,,,-0.16500001
137307,2020-11-14,Vernon,Louisiana,22115.0,1232,60.0,0.0,,,,-0.20800000000000002
137308,2020-11-15,Vernon,Louisiana,22115.0,1237,61.0,5.0,,,,-0.21600001
137309,2020-11-16,Vernon,Louisiana,22115.0,1240,61.0,3.0,,,,-0.25099999
137310,2020-11-17,Vernon,Louisiana,22115.0,1256,61.0,16.0,,,,-0.213
137311,2020-11-18,Vernon,Louisiana,22115.0,1266,61.0,10.0,,,,-0.11800000000000001
137312,2020-11-19,Vernon,Louisiana,22115.0,1281,61.0,15.0,,,,-0.048
137313,2020-11-20,Vernon,Louisiana,22115.0,1327,61.0,46.0,,,,0.0209
137314,2020-11-21,Vernon,Louisiana,22115.0,1327,61.0,0.0,,,,0.11199999999999999
137315,2020-11-22,Vernon,Louisiana,22115.0,1355,61.0,28.0,,,,0.192
