,date,county,state,fips,cases,deaths,new_cases,emp_combined,emp_combined_inclow,revenue_all,spend_all
140995,2020-04-02,Allegany,Maryland,24001.0,1,0.0,0.0,,,,-0.106
140996,2020-04-03,Allegany,Maryland,24001.0,2,0.0,1.0,,,,-0.12800001
140997,2020-04-04,Allegany,Maryland,24001.0,3,0.0,1.0,,,,-0.138
140998,2020-04-05,Allegany,Maryland,24001.0,6,0.0,3.0,,,,-0.111
140999,2020-04-06,Allegany,Maryland,24001.0,6,0.0,0.0,,,,-0.153
141000,2020-04-07,Allegany,Maryland,24001.0,7,0.0,1.0,,,,-0.153
141001,2020-04-08,Allegany,Maryland,24001.0,6,0.0,-1.0,,,,-0.13600001
141002,2020-04-09,Allegany,Maryland,24001.0,8,0.0,2.0,,,,-0.15899999
141003,2020-04-10,Allegany,Maryland,24001.0,10,0.0,2.0,,,,-0.147
141004,2020-04-11,Allegany,Maryland,24001.0,11,0.0,1.0,,,,-0.11800000000000001
141005,2020-04-12,Allegany,Maryland,24001.0,13,0.0,2.0,,,,-0.15700001
141006,2020-04-13,Allegany,Maryland,24001.0,15,0.0,2.0,,,,-0.19499999
141007,2020-04-14,Allegany,Maryland,24001.0,17,0.0,2.0,,,,-0.092500001
141008,2020-04-15,Allegany,Maryland,24001.0,17,1.0,0.0,,,,-0.059999999000000005
141009,2020-04-16,Allegany,Maryland,24001.0,20,1.0,3.0,,,,0.14
141010,2020-04-17,Allegany,Maryland,24001.0,26,1.0,6.0,,,,0.106
141011,2020-04-18,Allegany,Maryland,24001.0,33,1.0,7.0,,,,0.06580000400000001
141012,2020-04-19,Allegany,Maryland,24001.0,33,1.0,0.0,,,,0.069899999
141013,2020-04-20,Allegany,Maryland,24001.0,32,1.0,-1.0,,,,0.133
141014,2020-04-21,Allegany,Maryland,24001.0,56,2.0,24.0,,,,0.05739999900000001
141015,2020-04-22,Allegany,Maryland,24001.0,58,3.0,2.0,,,,0.051100001
141016,2020-04-23,Allegany,Maryland,24001.0,77,3.0,19.0,,,,0.044799998
141017,2020-04-24,Allegany,Maryland,24001.0,90,3.0,13.0,,,,-0.102
141018,2020-04-25,Allegany,Maryland,24001.0,105,3.0,15.0,,,,-0.0352
141019,2020-04-26,Allegany,Maryland,24001.0,113,3.0,8.0,,,,0.026000001000000002
141020,2020-04-27,Allegany,Maryland,24001.0,114,4.0,1.0,,,,0.035100002000000005
141021,2020-04-28,Allegany,Maryland,24001.0,115,5.0,1.0,,,,0.0131
141022,2020-04-29,Allegany,Maryland,24001.0,116,6.0,1.0,,,,-0.00148
141023,2020-04-30,Allegany,Maryland,24001.0,118,7.0,2.0,,,,0.035599999
141024,2020-05-01,Allegany,Maryland,24001.0,118,7.0,0.0,,,,0.095299996
141025,2020-05-02,Allegany,Maryland,24001.0,121,8.0,3.0,,,,0.0638
141026,2020-05-03,Allegany,Maryland,24001.0,124,12.0,3.0,,,,0.0427
141027,2020-05-04,Allegany,Maryland,24001.0,126,12.0,2.0,,,,0.042599998
141028,2020-05-05,Allegany,Maryland,24001.0,129,12.0,3.0,,,,0.031399999
141029,2020-05-06,Allegany,Maryland,24001.0,129,12.0,0.0,,,,0.0296
141030,2020-05-07,Allegany,Maryland,24001.0,143,12.0,14.0,,,,0.0197
141031,2020-05-08,Allegany,Maryland,24001.0,143,12.0,0.0,,,,0.0174
141032,2020-05-09,Allegany,Maryland,24001.0,144,12.0,1.0,,,,0.059300002000000004
141033,2020-05-10,Allegany,Maryland,24001.0,146,12.0,2.0,,,,0.059700000999999996
141034,2020-05-11,Allegany,Maryland,24001.0,146,12.0,0.0,,,,0.0352
141035,2020-05-12,Allegany,Maryland,24001.0,148,13.0,2.0,,,,0.046700001
141036,2020-05-13,Allegany,Maryland,24001.0,149,13.0,1.0,,,,0.08820000300000001
141037,2020-05-14,Allegany,Maryland,24001.0,150,13.0,1.0,,,,0.109
141038,2020-05-15,Allegany,Maryland,24001.0,151,13.0,1.0,,,,0.106
141039,2020-05-16,Allegany,Maryland,24001.0,160,13.0,9.0,,,,0.08749999900000001
141040,2020-05-17,Allegany,Maryland,24001.0,161,13.0,1.0,,,,0.09629999800000001
141041,2020-05-18,Allegany,Maryland,24001.0,164,14.0,3.0,,,,0.124
141042,2020-05-19,Allegany,Maryland,24001.0,166,14.0,2.0,,,,0.09210000199999999
141043,2020-05-20,Allegany,Maryland,24001.0,166,14.0,0.0,,,,0.045600000999999994
141044,2020-05-21,Allegany,Maryland,24001.0,166,14.0,0.0,,,,0.0438
141045,2020-05-22,Allegany,Maryland,24001.0,168,14.0,2.0,,,,0.0594
141046,2020-05-23,Allegany,Maryland,24001.0,168,14.0,0.0,,,,0.075199999
141047,2020-05-24,Allegany,Maryland,24001.0,170,14.0,2.0,,,,0.06459999799999999
141048,2020-05-25,Allegany,Maryland,24001.0,176,14.0,6.0,,,,0.078100003
141049,2020-05-26,Allegany,Maryland,24001.0,176,14.0,0.0,,,,0.079000004
141050,2020-05-27,Allegany,Maryland,24001.0,177,15.0,1.0,,,,0.138
141051,2020-05-28,Allegany,Maryland,24001.0,178,15.0,1.0,,,,0.15700001
141052,2020-05-29,Allegany,Maryland,24001.0,177,16.0,-1.0,,,,0.11199999999999999
141053,2020-05-30,Allegany,Maryland,24001.0,177,16.0,0.0,,,,0.081500001
141054,2020-05-31,Allegany,Maryland,24001.0,178,17.0,1.0,,,,0.071400002
141055,2020-06-01,Allegany,Maryland,24001.0,180,17.0,2.0,,,,0.082599998
141056,2020-06-02,Allegany,Maryland,24001.0,181,17.0,1.0,,,,0.08680000199999999
141057,2020-06-03,Allegany,Maryland,24001.0,182,17.0,1.0,,,,0.080499999
141058,2020-06-04,Allegany,Maryland,24001.0,182,16.0,0.0,,,,-0.0167
141059,2020-06-05,Allegany,Maryland,24001.0,183,16.0,1.0,,,,0.028000001
141060,2020-06-06,Allegany,Maryland,24001.0,184,16.0,1.0,,,,0.058800001
141061,2020-06-07,Allegany,Maryland,24001.0,184,16.0,0.0,,,,0.09279999900000001
141062,2020-06-08,Allegany,Maryland,24001.0,185,16.0,1.0,,,,0.078100003
141063,2020-06-09,Allegany,Maryland,24001.0,186,17.0,1.0,,,,0.07630000299999999
141064,2020-06-10,Allegany,Maryland,24001.0,185,17.0,-1.0,,,,0.124
141065,2020-06-11,Allegany,Maryland,24001.0,185,17.0,0.0,,,,0.139
141066,2020-06-12,Allegany,Maryland,24001.0,187,17.0,2.0,,,,0.109
141067,2020-06-13,Allegany,Maryland,24001.0,187,17.0,0.0,,,,0.084799998
141068,2020-06-14,Allegany,Maryland,24001.0,187,17.0,0.0,,,,0.082000002
141069,2020-06-15,Allegany,Maryland,24001.0,187,17.0,0.0,,,,0.0964
141070,2020-06-16,Allegany,Maryland,24001.0,188,17.0,1.0,,,,0.068000004
141071,2020-06-17,Allegany,Maryland,24001.0,188,17.0,0.0,,,,0.066600002
141072,2020-06-18,Allegany,Maryland,24001.0,187,17.0,-1.0,,,,0.0876
141073,2020-06-19,Allegany,Maryland,24001.0,187,17.0,0.0,,,,0.109
141074,2020-06-20,Allegany,Maryland,24001.0,188,17.0,1.0,,,,0.146
141075,2020-06-21,Allegany,Maryland,24001.0,188,17.0,0.0,,,,0.146
141076,2020-06-22,Allegany,Maryland,24001.0,189,17.0,1.0,,,,0.12899999
141077,2020-06-23,Allegany,Maryland,24001.0,192,17.0,3.0,,,,0.15000001
141078,2020-06-24,Allegany,Maryland,24001.0,194,17.0,2.0,,,,0.16399999999999998
141079,2020-06-25,Allegany,Maryland,24001.0,203,17.0,9.0,,,,0.147
141080,2020-06-26,Allegany,Maryland,24001.0,204,17.0,1.0,,,,0.13600001
141081,2020-06-27,Allegany,Maryland,24001.0,204,17.0,0.0,,,,0.087300003
141082,2020-06-28,Allegany,Maryland,24001.0,204,17.0,0.0,,,,0.073200002
141083,2020-06-29,Allegany,Maryland,24001.0,204,17.0,0.0,,,,0.09390000300000001
141084,2020-06-30,Allegany,Maryland,24001.0,205,17.0,1.0,,,,0.1
141085,2020-07-01,Allegany,Maryland,24001.0,205,17.0,0.0,,,,0.073399998
141086,2020-07-02,Allegany,Maryland,24001.0,205,17.0,0.0,,,,0.060199998
141087,2020-07-03,Allegany,Maryland,24001.0,206,17.0,1.0,,,,0.050999999000000004
141088,2020-07-04,Allegany,Maryland,24001.0,208,17.0,2.0,,,,0.083999999
141089,2020-07-05,Allegany,Maryland,24001.0,210,18.0,2.0,,,,0.09269999699999999
141090,2020-07-06,Allegany,Maryland,24001.0,210,18.0,0.0,,,,0.0524
141091,2020-07-07,Allegany,Maryland,24001.0,210,18.0,0.0,,,,0.0669
141092,2020-07-08,Allegany,Maryland,24001.0,212,18.0,2.0,,,,0.062199999000000006
141093,2020-07-09,Allegany,Maryland,24001.0,212,18.0,0.0,,,,0.07050000099999999
141094,2020-07-10,Allegany,Maryland,24001.0,213,18.0,1.0,,,,0.074500002
141095,2020-07-11,Allegany,Maryland,24001.0,216,18.0,3.0,,,,0.088799998
141096,2020-07-12,Allegany,Maryland,24001.0,216,18.0,0.0,,,,0.10800000000000001
141097,2020-07-13,Allegany,Maryland,24001.0,218,18.0,2.0,,,,0.095299996
141098,2020-07-14,Allegany,Maryland,24001.0,220,18.0,2.0,,,,0.061000001
141099,2020-07-15,Allegany,Maryland,24001.0,222,18.0,2.0,,,,0.069899999
141100,2020-07-16,Allegany,Maryland,24001.0,224,18.0,2.0,,,,0.059999999000000005
141101,2020-07-17,Allegany,Maryland,24001.0,227,18.0,3.0,,,,0.077600002
141102,2020-07-18,Allegany,Maryland,24001.0,232,18.0,5.0,,,,0.114
141103,2020-07-19,Allegany,Maryland,24001.0,237,18.0,5.0,,,,0.11
141104,2020-07-20,Allegany,Maryland,24001.0,239,18.0,2.0,,,,0.127
141105,2020-07-21,Allegany,Maryland,24001.0,240,18.0,1.0,,,,0.132
141106,2020-07-22,Allegany,Maryland,24001.0,240,18.0,0.0,,,,0.12
141107,2020-07-23,Allegany,Maryland,24001.0,244,18.0,4.0,,,,0.14800000000000002
141108,2020-07-24,Allegany,Maryland,24001.0,244,18.0,0.0,,,,0.12899999
141109,2020-07-25,Allegany,Maryland,24001.0,252,18.0,8.0,,,,0.106
141110,2020-07-26,Allegany,Maryland,24001.0,256,18.0,4.0,,,,0.106
141111,2020-07-27,Allegany,Maryland,24001.0,260,18.0,4.0,,,,0.09189999800000001
141112,2020-07-28,Allegany,Maryland,24001.0,262,18.0,2.0,,,,0.08680000199999999
141113,2020-07-29,Allegany,Maryland,24001.0,260,18.0,-2.0,,,,0.0801
141114,2020-07-30,Allegany,Maryland,24001.0,264,18.0,4.0,,,,0.064099997
141115,2020-07-31,Allegany,Maryland,24001.0,266,18.0,2.0,,,,0.079099998
141116,2020-08-01,Allegany,Maryland,24001.0,267,18.0,1.0,,,,0.069200002
141117,2020-08-02,Allegany,Maryland,24001.0,271,18.0,4.0,,,,0.061500002000000005
141118,2020-08-03,Allegany,Maryland,24001.0,273,18.0,2.0,,,,0.096799999
141119,2020-08-04,Allegany,Maryland,24001.0,276,18.0,3.0,,,,0.13
141120,2020-08-05,Allegany,Maryland,24001.0,276,18.0,0.0,,,,0.153
141121,2020-08-06,Allegany,Maryland,24001.0,279,18.0,3.0,,,,0.15000001
141122,2020-08-07,Allegany,Maryland,24001.0,280,18.0,1.0,,,,0.15700001
141123,2020-08-08,Allegany,Maryland,24001.0,287,18.0,7.0,,,,0.168
141124,2020-08-09,Allegany,Maryland,24001.0,291,18.0,4.0,,,,0.191
141125,2020-08-10,Allegany,Maryland,24001.0,299,18.0,8.0,,,,0.18099999
141126,2020-08-11,Allegany,Maryland,24001.0,300,18.0,1.0,,,,0.15899999
141127,2020-08-12,Allegany,Maryland,24001.0,303,18.0,3.0,,,,0.146
141128,2020-08-13,Allegany,Maryland,24001.0,312,18.0,9.0,,,,0.155
141129,2020-08-14,Allegany,Maryland,24001.0,326,18.0,14.0,,,,0.146
141130,2020-08-15,Allegany,Maryland,24001.0,338,18.0,12.0,,,,0.15099999
141131,2020-08-16,Allegany,Maryland,24001.0,341,19.0,3.0,,,,0.149
141132,2020-08-17,Allegany,Maryland,24001.0,343,19.0,2.0,,,,0.14399999
141133,2020-08-18,Allegany,Maryland,24001.0,348,19.0,5.0,,,,0.147
141134,2020-08-19,Allegany,Maryland,24001.0,354,19.0,6.0,,,,0.18600000000000003
141135,2020-08-20,Allegany,Maryland,24001.0,358,20.0,4.0,,,,0.198
141136,2020-08-21,Allegany,Maryland,24001.0,365,20.0,7.0,,,,0.22899999999999998
141137,2020-08-22,Allegany,Maryland,24001.0,367,20.0,2.0,,,,0.23100001
141138,2020-08-23,Allegany,Maryland,24001.0,377,20.0,10.0,,,,0.235
141139,2020-08-24,Allegany,Maryland,24001.0,381,20.0,4.0,,,,0.24100000000000002
141140,2020-08-25,Allegany,Maryland,24001.0,387,20.0,6.0,,,,0.25600001
141141,2020-08-26,Allegany,Maryland,24001.0,388,20.0,1.0,,,,0.23199999
141142,2020-08-27,Allegany,Maryland,24001.0,389,20.0,1.0,,,,0.19599999
141143,2020-08-28,Allegany,Maryland,24001.0,392,20.0,3.0,,,,0.207
141144,2020-08-29,Allegany,Maryland,24001.0,391,20.0,-1.0,,,,0.23600000000000002
141145,2020-08-30,Allegany,Maryland,24001.0,391,20.0,0.0,,,,0.20100001
141146,2020-08-31,Allegany,Maryland,24001.0,393,20.0,2.0,,,,0.20999999
141147,2020-09-01,Allegany,Maryland,24001.0,395,20.0,2.0,,,,0.223
141148,2020-09-02,Allegany,Maryland,24001.0,396,20.0,1.0,,,,0.245
141149,2020-09-03,Allegany,Maryland,24001.0,398,20.0,2.0,,,,0.273
141150,2020-09-04,Allegany,Maryland,24001.0,401,21.0,3.0,,,,0.25799999
141151,2020-09-05,Allegany,Maryland,24001.0,403,22.0,2.0,,,,0.23899999
141152,2020-09-06,Allegany,Maryland,24001.0,404,22.0,1.0,,,,0.32699999
141153,2020-09-07,Allegany,Maryland,24001.0,407,22.0,3.0,,,,0.27000001
141154,2020-09-08,Allegany,Maryland,24001.0,407,22.0,0.0,,,,0.255
141155,2020-09-09,Allegany,Maryland,24001.0,408,22.0,1.0,,,,0.15899999
141156,2020-09-10,Allegany,Maryland,24001.0,409,22.0,1.0,,,,0.11199999999999999
141157,2020-09-11,Allegany,Maryland,24001.0,411,22.0,2.0,,,,0.11
141158,2020-09-12,Allegany,Maryland,24001.0,415,22.0,4.0,,,,0.11
141159,2020-09-13,Allegany,Maryland,24001.0,421,22.0,6.0,,,,0.07630000299999999
141160,2020-09-14,Allegany,Maryland,24001.0,424,22.0,3.0,,,,0.06419999900000001
141161,2020-09-15,Allegany,Maryland,24001.0,429,22.0,5.0,,,,0.102
141162,2020-09-16,Allegany,Maryland,24001.0,431,22.0,2.0,,,,0.11
141163,2020-09-17,Allegany,Maryland,24001.0,435,22.0,4.0,,,,0.16399999999999998
141164,2020-09-18,Allegany,Maryland,24001.0,439,22.0,4.0,,,,0.20600000000000002
141165,2020-09-19,Allegany,Maryland,24001.0,443,22.0,4.0,,,,0.214
141166,2020-09-20,Allegany,Maryland,24001.0,444,22.0,1.0,,,,0.23100001
141167,2020-09-21,Allegany,Maryland,24001.0,447,22.0,3.0,,,,0.23999999
141168,2020-09-22,Allegany,Maryland,24001.0,450,22.0,3.0,,,,0.23
141169,2020-09-23,Allegany,Maryland,24001.0,454,22.0,4.0,,,,0.214
141170,2020-09-24,Allegany,Maryland,24001.0,459,22.0,5.0,,,,0.21100000000000002
141171,2020-09-25,Allegany,Maryland,24001.0,460,22.0,1.0,,,,0.228
141172,2020-09-26,Allegany,Maryland,24001.0,461,22.0,1.0,,,,0.244
141173,2020-09-27,Allegany,Maryland,24001.0,463,22.0,2.0,,,,0.242
141174,2020-09-28,Allegany,Maryland,24001.0,464,23.0,1.0,,,,0.235
141175,2020-09-29,Allegany,Maryland,24001.0,473,23.0,9.0,,,,0.243
141176,2020-09-30,Allegany,Maryland,24001.0,474,23.0,1.0,,,,0.25600001
141177,2020-10-01,Allegany,Maryland,24001.0,484,23.0,10.0,,,,0.26300001
141178,2020-10-02,Allegany,Maryland,24001.0,484,23.0,0.0,,,,0.26699999
141179,2020-10-03,Allegany,Maryland,24001.0,492,23.0,8.0,,,,0.243
141180,2020-10-04,Allegany,Maryland,24001.0,492,23.0,0.0,,,,0.25099999
141181,2020-10-05,Allegany,Maryland,24001.0,495,23.0,3.0,,,,0.27000001
141182,2020-10-06,Allegany,Maryland,24001.0,498,23.0,3.0,,,,0.25600001
141183,2020-10-07,Allegany,Maryland,24001.0,501,23.0,3.0,,,,0.22499999
141184,2020-10-08,Allegany,Maryland,24001.0,504,23.0,3.0,,,,0.213
141185,2020-10-09,Allegany,Maryland,24001.0,506,23.0,2.0,,,,0.226
141186,2020-10-10,Allegany,Maryland,24001.0,513,23.0,7.0,,,,0.242
141187,2020-10-11,Allegany,Maryland,24001.0,524,23.0,11.0,,,,0.24100000000000002
141188,2020-10-12,Allegany,Maryland,24001.0,525,23.0,1.0,,,,0.22899999999999998
141189,2020-10-13,Allegany,Maryland,24001.0,528,23.0,3.0,,,,0.24600001
141190,2020-10-14,Allegany,Maryland,24001.0,536,23.0,8.0,,,,0.27900001
141191,2020-10-15,Allegany,Maryland,24001.0,538,23.0,2.0,,,,0.28999999
141192,2020-10-16,Allegany,Maryland,24001.0,543,23.0,5.0,,,,0.245
141193,2020-10-17,Allegany,Maryland,24001.0,551,23.0,8.0,,,,0.242
141194,2020-10-18,Allegany,Maryland,24001.0,561,23.0,10.0,,,,0.23899999
141195,2020-10-19,Allegany,Maryland,24001.0,569,23.0,8.0,,,,0.22400001
141196,2020-10-20,Allegany,Maryland,24001.0,587,23.0,18.0,,,,0.204
141197,2020-10-21,Allegany,Maryland,24001.0,594,23.0,7.0,,,,0.185
141198,2020-10-22,Allegany,Maryland,24001.0,604,23.0,10.0,,,,0.193
141199,2020-10-23,Allegany,Maryland,24001.0,614,23.0,10.0,,,,0.20200001
141200,2020-10-24,Allegany,Maryland,24001.0,624,23.0,10.0,,,,0.204
141201,2020-10-25,Allegany,Maryland,24001.0,635,23.0,11.0,,,,0.207
141202,2020-10-26,Allegany,Maryland,24001.0,646,23.0,11.0,,,,0.223
141203,2020-10-27,Allegany,Maryland,24001.0,660,24.0,14.0,,,,0.23800001
141204,2020-10-28,Allegany,Maryland,24001.0,679,24.0,19.0,,,,0.21699999
141205,2020-10-29,Allegany,Maryland,24001.0,693,24.0,14.0,,,,0.207
141206,2020-10-30,Allegany,Maryland,24001.0,735,24.0,42.0,,,,0.21699999
141207,2020-10-31,Allegany,Maryland,24001.0,766,24.0,31.0,,,,0.19899999999999998
141208,2020-11-01,Allegany,Maryland,24001.0,775,24.0,9.0,,,,0.16599999
141209,2020-11-02,Allegany,Maryland,24001.0,791,24.0,16.0,,,,0.152
141210,2020-11-03,Allegany,Maryland,24001.0,845,24.0,54.0,,,,0.141
141211,2020-11-04,Allegany,Maryland,24001.0,884,24.0,39.0,,,,0.113
141212,2020-11-05,Allegany,Maryland,24001.0,923,25.0,39.0,,,,0.113
141213,2020-11-06,Allegany,Maryland,24001.0,972,26.0,49.0,,,,0.131
141214,2020-11-07,Allegany,Maryland,24001.0,1023,26.0,51.0,,,,0.146
141215,2020-11-08,Allegany,Maryland,24001.0,1051,26.0,28.0,,,,0.175
141216,2020-11-09,Allegany,Maryland,24001.0,1119,26.0,68.0,,,,0.19400001
141217,2020-11-10,Allegany,Maryland,24001.0,1156,28.0,37.0,,,,0.22400001
141218,2020-11-11,Allegany,Maryland,24001.0,1245,29.0,89.0,,,,0.27599999
141219,2020-11-12,Allegany,Maryland,24001.0,1273,29.0,28.0,,,,0.25099999
141220,2020-11-13,Allegany,Maryland,24001.0,1399,29.0,126.0,,,,0.23600000000000002
141221,2020-11-14,Allegany,Maryland,24001.0,1520,31.0,121.0,,,,0.22499999
141222,2020-11-15,Allegany,Maryland,24001.0,1606,32.0,86.0,,,,0.23
141223,2020-11-16,Allegany,Maryland,24001.0,1664,33.0,58.0,,,,0.21699999
141224,2020-11-17,Allegany,Maryland,24001.0,1771,35.0,107.0,,,,0.18600000000000003
141225,2020-11-18,Allegany,Maryland,24001.0,1889,39.0,118.0,,,,0.212
141226,2020-11-19,Allegany,Maryland,24001.0,1990,44.0,101.0,,,,0.205
141227,2020-11-20,Allegany,Maryland,24001.0,2115,46.0,125.0,,,,0.19499999
141228,2020-11-21,Allegany,Maryland,24001.0,2282,48.0,167.0,,,,0.20800000000000002
141229,2020-11-22,Allegany,Maryland,24001.0,2421,52.0,139.0,,,,0.213
