,date,county,state,fips,cases,deaths,new_cases,emp_combined,emp_combined_inclow,revenue_all,spend_all
171728,2020-03-21,Caroline,Maryland,24011.0,1,0.0,0.0,,,,-0.18
171729,2020-03-22,Caroline,Maryland,24011.0,1,0.0,0.0,,,,-0.205
171730,2020-03-23,Caroline,Maryland,24011.0,1,0.0,0.0,,,,-0.206
171731,2020-03-24,Caroline,Maryland,24011.0,1,0.0,0.0,,,,-0.259
171732,2020-03-25,Caroline,Maryland,24011.0,1,0.0,0.0,,,,-0.239
171733,2020-03-26,Caroline,Maryland,24011.0,1,0.0,0.0,,,,-0.248
171734,2020-03-27,Caroline,Maryland,24011.0,1,0.0,0.0,,,,-0.319
171735,2020-03-28,Caroline,Maryland,24011.0,1,0.0,0.0,,,,-0.307
171736,2020-03-29,Caroline,Maryland,24011.0,3,0.0,2.0,,,,-0.342
171737,2020-03-30,Caroline,Maryland,24011.0,4,0.0,1.0,,,,-0.378
171738,2020-03-31,Caroline,Maryland,24011.0,4,0.0,0.0,,,,-0.321
171739,2020-04-01,Caroline,Maryland,24011.0,4,0.0,0.0,,,,-0.368
171740,2020-04-02,Caroline,Maryland,24011.0,4,0.0,0.0,,,,-0.47
171741,2020-04-03,Caroline,Maryland,24011.0,4,0.0,0.0,,,,-0.383
171742,2020-04-04,Caroline,Maryland,24011.0,4,0.0,0.0,,,,-0.437
171743,2020-04-05,Caroline,Maryland,24011.0,4,0.0,0.0,,,,-0.402
171744,2020-04-06,Caroline,Maryland,24011.0,6,0.0,2.0,,,,-0.385
171745,2020-04-07,Caroline,Maryland,24011.0,11,0.0,5.0,,,,-0.429
171746,2020-04-08,Caroline,Maryland,24011.0,11,0.0,0.0,,,,-0.415
171747,2020-04-09,Caroline,Maryland,24011.0,12,0.0,1.0,,,,-0.442
171748,2020-04-10,Caroline,Maryland,24011.0,12,0.0,0.0,,,,-0.444
171749,2020-04-11,Caroline,Maryland,24011.0,15,0.0,3.0,,,,-0.347
171750,2020-04-12,Caroline,Maryland,24011.0,17,0.0,2.0,,,,-0.405
171751,2020-04-13,Caroline,Maryland,24011.0,21,0.0,4.0,,,,-0.443
171752,2020-04-14,Caroline,Maryland,24011.0,21,0.0,0.0,,,,-0.458
171753,2020-04-15,Caroline,Maryland,24011.0,22,0.0,1.0,,,,-0.423
171754,2020-04-16,Caroline,Maryland,24011.0,23,0.0,1.0,,,,-0.424
171755,2020-04-17,Caroline,Maryland,24011.0,28,0.0,5.0,,,,-0.498
171756,2020-04-18,Caroline,Maryland,24011.0,33,0.0,5.0,,,,-0.559
171757,2020-04-19,Caroline,Maryland,24011.0,33,0.0,0.0,,,,-0.548
171758,2020-04-20,Caroline,Maryland,24011.0,39,0.0,6.0,,,,-0.536
171759,2020-04-21,Caroline,Maryland,24011.0,41,0.0,2.0,,,,-0.493
171760,2020-04-22,Caroline,Maryland,24011.0,41,0.0,0.0,,,,-0.508
171761,2020-04-23,Caroline,Maryland,24011.0,50,0.0,9.0,,,,-0.515
171762,2020-04-24,Caroline,Maryland,24011.0,55,0.0,5.0,,,,-0.478
171763,2020-04-25,Caroline,Maryland,24011.0,61,0.0,6.0,,,,-0.434
171764,2020-04-26,Caroline,Maryland,24011.0,63,0.0,2.0,,,,-0.401
171765,2020-04-27,Caroline,Maryland,24011.0,68,0.0,5.0,,,,-0.299
171766,2020-04-28,Caroline,Maryland,24011.0,69,0.0,1.0,,,,-0.183
171767,2020-04-29,Caroline,Maryland,24011.0,69,0.0,0.0,,,,-0.0985
171768,2020-04-30,Caroline,Maryland,24011.0,71,0.0,2.0,,,,0.0479
171769,2020-05-01,Caroline,Maryland,24011.0,74,0.0,3.0,,,,-0.038
171770,2020-05-02,Caroline,Maryland,24011.0,79,0.0,5.0,,,,-0.0857
171771,2020-05-03,Caroline,Maryland,24011.0,95,0.0,16.0,,,,-0.163
171772,2020-05-04,Caroline,Maryland,24011.0,98,0.0,3.0,,,,-0.239
171773,2020-05-05,Caroline,Maryland,24011.0,99,0.0,1.0,,,,-0.385
171774,2020-05-06,Caroline,Maryland,24011.0,101,0.0,2.0,,,,-0.448
171775,2020-05-07,Caroline,Maryland,24011.0,105,0.0,4.0,,,,-0.457
171776,2020-05-08,Caroline,Maryland,24011.0,107,0.0,2.0,,,,-0.418
171777,2020-05-09,Caroline,Maryland,24011.0,110,0.0,3.0,,,,-0.362
171778,2020-05-10,Caroline,Maryland,24011.0,133,0.0,23.0,,,,-0.394
171779,2020-05-11,Caroline,Maryland,24011.0,167,0.0,34.0,,,,-0.405
171780,2020-05-12,Caroline,Maryland,24011.0,174,0.0,7.0,,,,-0.394
171781,2020-05-13,Caroline,Maryland,24011.0,177,0.0,3.0,,,,-0.323
171782,2020-05-14,Caroline,Maryland,24011.0,183,0.0,6.0,,,,-0.326
171783,2020-05-15,Caroline,Maryland,24011.0,190,0.0,7.0,,,,-0.363
171784,2020-05-16,Caroline,Maryland,24011.0,200,0.0,10.0,,,,-0.387
171785,2020-05-17,Caroline,Maryland,24011.0,191,0.0,-9.0,,,,-0.351
171786,2020-05-18,Caroline,Maryland,24011.0,200,0.0,9.0,,,,-0.38
171787,2020-05-19,Caroline,Maryland,24011.0,208,0.0,8.0,,,,-0.328
171788,2020-05-20,Caroline,Maryland,24011.0,210,0.0,2.0,,,,-0.365
171789,2020-05-21,Caroline,Maryland,24011.0,216,0.0,6.0,,,,-0.343
171790,2020-05-22,Caroline,Maryland,24011.0,223,0.0,7.0,,,,-0.35
171791,2020-05-23,Caroline,Maryland,24011.0,231,0.0,8.0,,,,-0.268
171792,2020-05-24,Caroline,Maryland,24011.0,240,0.0,9.0,,,,-0.27
171793,2020-05-25,Caroline,Maryland,24011.0,241,0.0,1.0,,,,-0.312
171794,2020-05-26,Caroline,Maryland,24011.0,243,0.0,2.0,,,,-0.252
171795,2020-05-27,Caroline,Maryland,24011.0,243,0.0,0.0,,,,-0.251
171796,2020-05-28,Caroline,Maryland,24011.0,245,0.0,2.0,,,,-0.307
171797,2020-05-29,Caroline,Maryland,24011.0,248,0.0,3.0,,,,-0.282
171798,2020-05-30,Caroline,Maryland,24011.0,253,0.0,5.0,,,,-0.378
171799,2020-05-31,Caroline,Maryland,24011.0,259,1.0,6.0,,,,-0.322
171800,2020-06-01,Caroline,Maryland,24011.0,260,1.0,1.0,,,,-0.275
171801,2020-06-02,Caroline,Maryland,24011.0,263,1.0,3.0,,,,-0.356
171802,2020-06-03,Caroline,Maryland,24011.0,265,1.0,2.0,,,,-0.429
171803,2020-06-04,Caroline,Maryland,24011.0,268,1.0,3.0,,,,-0.372
171804,2020-06-05,Caroline,Maryland,24011.0,268,1.0,0.0,,,,-0.265
171805,2020-06-06,Caroline,Maryland,24011.0,270,1.0,2.0,,,,-0.244
171806,2020-06-07,Caroline,Maryland,24011.0,272,1.0,2.0,,,,-0.295
171807,2020-06-08,Caroline,Maryland,24011.0,272,1.0,0.0,,,,-0.32
171808,2020-06-09,Caroline,Maryland,24011.0,273,1.0,1.0,,,,-0.265
171809,2020-06-10,Caroline,Maryland,24011.0,276,2.0,3.0,,,,-0.148
171810,2020-06-11,Caroline,Maryland,24011.0,278,2.0,2.0,,,,-0.0572
171811,2020-06-12,Caroline,Maryland,24011.0,279,2.0,1.0,,,,-0.142
171812,2020-06-13,Caroline,Maryland,24011.0,282,2.0,3.0,,,,-0.121
171813,2020-06-14,Caroline,Maryland,24011.0,283,2.0,1.0,,,,-0.0796
171814,2020-06-15,Caroline,Maryland,24011.0,283,2.0,0.0,,,,-0.0421
171815,2020-06-16,Caroline,Maryland,24011.0,284,2.0,1.0,,,,-0.03
171816,2020-06-17,Caroline,Maryland,24011.0,284,2.0,0.0,,,,-0.0863
171817,2020-06-18,Caroline,Maryland,24011.0,285,2.0,1.0,,,,-0.267
171818,2020-06-19,Caroline,Maryland,24011.0,288,2.0,3.0,,,,-0.334
171819,2020-06-20,Caroline,Maryland,24011.0,290,2.0,2.0,,,,-0.392
171820,2020-06-21,Caroline,Maryland,24011.0,294,2.0,4.0,,,,-0.408
171821,2020-06-22,Caroline,Maryland,24011.0,294,2.0,0.0,,,,-0.41
171822,2020-06-23,Caroline,Maryland,24011.0,296,3.0,2.0,,,,-0.41
171823,2020-06-24,Caroline,Maryland,24011.0,297,3.0,1.0,,,,-0.286
171824,2020-06-25,Caroline,Maryland,24011.0,302,3.0,5.0,,,,-0.286
171825,2020-06-26,Caroline,Maryland,24011.0,309,3.0,7.0,,,,-0.233
171826,2020-06-27,Caroline,Maryland,24011.0,315,3.0,6.0,,,,-0.205
171827,2020-06-28,Caroline,Maryland,24011.0,315,3.0,0.0,,,,-0.182
171828,2020-06-29,Caroline,Maryland,24011.0,318,3.0,3.0,,,,-0.176
171829,2020-06-30,Caroline,Maryland,24011.0,319,3.0,1.0,,,,-0.233
171830,2020-07-01,Caroline,Maryland,24011.0,320,3.0,1.0,,,,-0.315
171831,2020-07-02,Caroline,Maryland,24011.0,321,3.0,1.0,,,,-0.419
171832,2020-07-03,Caroline,Maryland,24011.0,321,3.0,0.0,,,,-0.399
171833,2020-07-04,Caroline,Maryland,24011.0,322,3.0,1.0,,,,-0.459
171834,2020-07-05,Caroline,Maryland,24011.0,322,3.0,0.0,,,,-0.492
171835,2020-07-06,Caroline,Maryland,24011.0,322,3.0,0.0,,,,-0.47
171836,2020-07-07,Caroline,Maryland,24011.0,323,3.0,1.0,,,,-0.434
171837,2020-07-08,Caroline,Maryland,24011.0,325,3.0,2.0,,,,-0.356
171838,2020-07-09,Caroline,Maryland,24011.0,329,3.0,4.0,,,,-0.296
171839,2020-07-10,Caroline,Maryland,24011.0,332,3.0,3.0,,,,-0.225
171840,2020-07-11,Caroline,Maryland,24011.0,334,3.0,2.0,,,,-0.185
171841,2020-07-12,Caroline,Maryland,24011.0,336,3.0,2.0,,,,-0.122
171842,2020-07-13,Caroline,Maryland,24011.0,336,3.0,0.0,,,,-0.0798
171843,2020-07-14,Caroline,Maryland,24011.0,345,3.0,9.0,,,,0.00409
171844,2020-07-15,Caroline,Maryland,24011.0,347,3.0,2.0,,,,-0.0266
171845,2020-07-16,Caroline,Maryland,24011.0,350,3.0,3.0,,,,-0.0323
171846,2020-07-17,Caroline,Maryland,24011.0,351,3.0,1.0,,,,-0.0918
171847,2020-07-18,Caroline,Maryland,24011.0,352,3.0,1.0,,,,-0.105
171848,2020-07-19,Caroline,Maryland,24011.0,360,3.0,8.0,,,,-0.245
171849,2020-07-20,Caroline,Maryland,24011.0,365,3.0,5.0,,,,-0.277
171850,2020-07-21,Caroline,Maryland,24011.0,367,3.0,2.0,,,,-0.327
171851,2020-07-22,Caroline,Maryland,24011.0,368,3.0,1.0,,,,-0.334
171852,2020-07-23,Caroline,Maryland,24011.0,371,3.0,3.0,,,,-0.295
171853,2020-07-24,Caroline,Maryland,24011.0,374,3.0,3.0,,,,-0.269
171854,2020-07-25,Caroline,Maryland,24011.0,393,3.0,19.0,,,,-0.294
171855,2020-07-26,Caroline,Maryland,24011.0,403,3.0,10.0,,,,-0.241
171856,2020-07-27,Caroline,Maryland,24011.0,412,3.0,9.0,,,,-0.232
171857,2020-07-28,Caroline,Maryland,24011.0,416,3.0,4.0,,,,-0.182
171858,2020-07-29,Caroline,Maryland,24011.0,418,3.0,2.0,,,,-0.19
171859,2020-07-30,Caroline,Maryland,24011.0,418,3.0,0.0,,,,-0.259
171860,2020-07-31,Caroline,Maryland,24011.0,423,3.0,5.0,,,,-0.329
171861,2020-08-01,Caroline,Maryland,24011.0,430,3.0,7.0,,,,-0.268
171862,2020-08-02,Caroline,Maryland,24011.0,432,3.0,2.0,,,,-0.218
171863,2020-08-03,Caroline,Maryland,24011.0,438,3.0,6.0,,,,-0.133
171864,2020-08-04,Caroline,Maryland,24011.0,439,3.0,1.0,,,,-0.179
171865,2020-08-05,Caroline,Maryland,24011.0,441,3.0,2.0,,,,-0.181
171866,2020-08-06,Caroline,Maryland,24011.0,444,3.0,3.0,,,,-0.121
171867,2020-08-07,Caroline,Maryland,24011.0,445,3.0,1.0,,,,-0.0315
171868,2020-08-08,Caroline,Maryland,24011.0,445,3.0,0.0,,,,-0.0159
171869,2020-08-09,Caroline,Maryland,24011.0,451,3.0,6.0,,,,0.0315
171870,2020-08-10,Caroline,Maryland,24011.0,453,3.0,2.0,,,,-0.0848
171871,2020-08-11,Caroline,Maryland,24011.0,453,3.0,0.0,,,,-0.0709
171872,2020-08-12,Caroline,Maryland,24011.0,454,3.0,1.0,,,,0.0194
171873,2020-08-13,Caroline,Maryland,24011.0,455,3.0,1.0,,,,0.0977
171874,2020-08-14,Caroline,Maryland,24011.0,457,3.0,2.0,,,,0.108
171875,2020-08-15,Caroline,Maryland,24011.0,460,3.0,3.0,,,,0.13
171876,2020-08-16,Caroline,Maryland,24011.0,461,3.0,1.0,,,,0.00321
171877,2020-08-17,Caroline,Maryland,24011.0,465,3.0,4.0,,,,-0.0683
171878,2020-08-18,Caroline,Maryland,24011.0,468,3.0,3.0,,,,-0.0726
171879,2020-08-19,Caroline,Maryland,24011.0,471,3.0,3.0,,,,-0.226
171880,2020-08-20,Caroline,Maryland,24011.0,472,3.0,1.0,,,,-0.192
171881,2020-08-21,Caroline,Maryland,24011.0,472,3.0,0.0,,,,-0.296
171882,2020-08-22,Caroline,Maryland,24011.0,477,3.0,5.0,,,,-0.38
171883,2020-08-23,Caroline,Maryland,24011.0,478,3.0,1.0,,,,-0.353
171884,2020-08-24,Caroline,Maryland,24011.0,479,3.0,1.0,,,,-0.238
171885,2020-08-25,Caroline,Maryland,24011.0,480,3.0,1.0,,,,-0.242
171886,2020-08-26,Caroline,Maryland,24011.0,481,3.0,1.0,,,,-0.251
171887,2020-08-27,Caroline,Maryland,24011.0,485,3.0,4.0,,,,-0.313
171888,2020-08-28,Caroline,Maryland,24011.0,489,3.0,4.0,,,,-0.268
171889,2020-08-29,Caroline,Maryland,24011.0,496,3.0,7.0,,,,-0.258
171890,2020-08-30,Caroline,Maryland,24011.0,504,3.0,8.0,,,,-0.253
171891,2020-08-31,Caroline,Maryland,24011.0,510,3.0,6.0,,,,-0.371
171892,2020-09-01,Caroline,Maryland,24011.0,513,3.0,3.0,,,,-0.296
171893,2020-09-02,Caroline,Maryland,24011.0,520,3.0,7.0,,,,-0.311
171894,2020-09-03,Caroline,Maryland,24011.0,522,3.0,2.0,,,,-0.295
171895,2020-09-04,Caroline,Maryland,24011.0,535,3.0,13.0,,,,-0.308
171896,2020-09-05,Caroline,Maryland,24011.0,563,3.0,28.0,,,,-0.31
171897,2020-09-06,Caroline,Maryland,24011.0,565,3.0,2.0,,,,-0.362
171898,2020-09-07,Caroline,Maryland,24011.0,570,3.0,5.0,,,,-0.304
171899,2020-09-08,Caroline,Maryland,24011.0,572,3.0,2.0,,,,-0.315
171900,2020-09-09,Caroline,Maryland,24011.0,572,3.0,0.0,,,,-0.205
171901,2020-09-10,Caroline,Maryland,24011.0,582,3.0,10.0,,,,-0.118
171902,2020-09-11,Caroline,Maryland,24011.0,584,3.0,2.0,,,,-0.0753
171903,2020-09-12,Caroline,Maryland,24011.0,606,3.0,22.0,,,,-0.0467
171904,2020-09-13,Caroline,Maryland,24011.0,609,3.0,3.0,,,,0.023
171905,2020-09-14,Caroline,Maryland,24011.0,609,3.0,0.0,,,,0.00818
171906,2020-09-15,Caroline,Maryland,24011.0,612,3.0,3.0,,,,-0.0742
171907,2020-09-16,Caroline,Maryland,24011.0,620,3.0,8.0,,,,-0.107
171908,2020-09-17,Caroline,Maryland,24011.0,620,3.0,0.0,,,,-0.175
171909,2020-09-18,Caroline,Maryland,24011.0,622,4.0,2.0,,,,-0.26
171910,2020-09-19,Caroline,Maryland,24011.0,632,4.0,10.0,,,,-0.322
171911,2020-09-20,Caroline,Maryland,24011.0,634,4.0,2.0,,,,-0.323
171912,2020-09-21,Caroline,Maryland,24011.0,636,4.0,2.0,,,,-0.304
171913,2020-09-22,Caroline,Maryland,24011.0,638,5.0,2.0,,,,-0.0997
171914,2020-09-23,Caroline,Maryland,24011.0,638,5.0,0.0,,,,-0.142
171915,2020-09-24,Caroline,Maryland,24011.0,640,6.0,2.0,,,,-0.0759
171916,2020-09-25,Caroline,Maryland,24011.0,640,6.0,0.0,,,,-0.0648
171917,2020-09-26,Caroline,Maryland,24011.0,644,7.0,4.0,,,,-0.152
171918,2020-09-27,Caroline,Maryland,24011.0,646,7.0,2.0,,,,-0.189
171919,2020-09-28,Caroline,Maryland,24011.0,652,7.0,6.0,,,,-0.33
171920,2020-09-29,Caroline,Maryland,24011.0,654,7.0,2.0,,,,-0.34
171921,2020-09-30,Caroline,Maryland,24011.0,657,7.0,3.0,,,,-0.323
171922,2020-10-01,Caroline,Maryland,24011.0,659,7.0,2.0,,,,-0.25
171923,2020-10-02,Caroline,Maryland,24011.0,661,7.0,2.0,,,,-0.311
171924,2020-10-03,Caroline,Maryland,24011.0,662,7.0,1.0,,,,-0.141
171925,2020-10-04,Caroline,Maryland,24011.0,662,7.0,0.0,,,,-0.134
171926,2020-10-05,Caroline,Maryland,24011.0,664,7.0,2.0,,,,-0.0736
171927,2020-10-06,Caroline,Maryland,24011.0,666,7.0,2.0,,,,-0.08
171928,2020-10-07,Caroline,Maryland,24011.0,668,7.0,2.0,,,,-0.155
171929,2020-10-08,Caroline,Maryland,24011.0,674,7.0,6.0,,,,-0.254
171930,2020-10-09,Caroline,Maryland,24011.0,677,7.0,3.0,,,,-0.27
171931,2020-10-10,Caroline,Maryland,24011.0,680,7.0,3.0,,,,-0.331
171932,2020-10-11,Caroline,Maryland,24011.0,683,8.0,3.0,,,,-0.333
171933,2020-10-12,Caroline,Maryland,24011.0,683,8.0,0.0,,,,-0.366
171934,2020-10-13,Caroline,Maryland,24011.0,684,8.0,1.0,,,,-0.369
171935,2020-10-14,Caroline,Maryland,24011.0,686,8.0,2.0,,,,-0.3
171936,2020-10-15,Caroline,Maryland,24011.0,688,8.0,2.0,,,,-0.27
171937,2020-10-16,Caroline,Maryland,24011.0,687,8.0,-1.0,,,,-0.272
171938,2020-10-17,Caroline,Maryland,24011.0,699,8.0,12.0,,,,-0.164
171939,2020-10-18,Caroline,Maryland,24011.0,704,8.0,5.0,,,,-0.185
171940,2020-10-19,Caroline,Maryland,24011.0,704,8.0,0.0,,,,-0.207
171941,2020-10-20,Caroline,Maryland,24011.0,710,8.0,6.0,,,,-0.169
171942,2020-10-21,Caroline,Maryland,24011.0,713,8.0,3.0,,,,-0.19
171943,2020-10-22,Caroline,Maryland,24011.0,721,8.0,8.0,,,,-0.139
171944,2020-10-23,Caroline,Maryland,24011.0,726,8.0,5.0,,,,-0.176
171945,2020-10-24,Caroline,Maryland,24011.0,729,8.0,3.0,,,,-0.226
171946,2020-10-25,Caroline,Maryland,24011.0,732,8.0,3.0,,,,-0.154
171947,2020-10-26,Caroline,Maryland,24011.0,736,8.0,4.0,,,,-0.118
171948,2020-10-27,Caroline,Maryland,24011.0,740,8.0,4.0,,,,-0.178
171949,2020-10-28,Caroline,Maryland,24011.0,740,8.0,0.0,,,,-0.23
171950,2020-10-29,Caroline,Maryland,24011.0,750,8.0,10.0,,,,-0.269
171951,2020-10-30,Caroline,Maryland,24011.0,753,8.0,3.0,,,,-0.139
171952,2020-10-31,Caroline,Maryland,24011.0,760,8.0,7.0,,,,-0.188
171953,2020-11-01,Caroline,Maryland,24011.0,765,8.0,5.0,,,,-0.277
171954,2020-11-02,Caroline,Maryland,24011.0,767,8.0,2.0,,,,-0.274
171955,2020-11-03,Caroline,Maryland,24011.0,767,8.0,0.0,,,,-0.301
171956,2020-11-04,Caroline,Maryland,24011.0,767,8.0,0.0,,,,-0.329
171957,2020-11-05,Caroline,Maryland,24011.0,772,8.0,5.0,,,,-0.355
171958,2020-11-06,Caroline,Maryland,24011.0,774,8.0,2.0,,,,-0.365
171959,2020-11-07,Caroline,Maryland,24011.0,777,8.0,3.0,,,,-0.379
171960,2020-11-08,Caroline,Maryland,24011.0,778,9.0,1.0,,,,-0.376
171961,2020-11-09,Caroline,Maryland,24011.0,781,9.0,3.0,,,,-0.423
171962,2020-11-10,Caroline,Maryland,24011.0,783,9.0,2.0,,,,-0.38
171963,2020-11-11,Caroline,Maryland,24011.0,785,9.0,2.0,,,,-0.335
171964,2020-11-12,Caroline,Maryland,24011.0,786,9.0,1.0,,,,-0.366
171965,2020-11-13,Caroline,Maryland,24011.0,798,9.0,12.0,,,,-0.374
171966,2020-11-14,Caroline,Maryland,24011.0,804,9.0,6.0,,,,-0.332
171967,2020-11-15,Caroline,Maryland,24011.0,810,9.0,6.0,,,,-0.324
171968,2020-11-16,Caroline,Maryland,24011.0,819,9.0,9.0,,,,-0.332
171969,2020-11-17,Caroline,Maryland,24011.0,823,9.0,4.0,,,,-0.322
171970,2020-11-18,Caroline,Maryland,24011.0,825,9.0,2.0,,,,-0.26
171971,2020-11-19,Caroline,Maryland,24011.0,839,9.0,14.0,,,,-0.287
171972,2020-11-20,Caroline,Maryland,24011.0,844,9.0,5.0,,,,-0.294
171973,2020-11-21,Caroline,Maryland,24011.0,860,9.0,16.0,,,,-0.35
171974,2020-11-22,Caroline,Maryland,24011.0,869,9.0,9.0,,,,-0.349
171975,2020-11-23,Caroline,Maryland,24011.0,878,9.0,9.0,,,,-0.389
171976,2020-11-24,Caroline,Maryland,24011.0,890,10.0,12.0,,,,-0.368
171977,2020-11-25,Caroline,Maryland,24011.0,902,10.0,12.0,,,,-0.396
171978,2020-11-26,Caroline,Maryland,24011.0,919,10.0,17.0,,,,-0.383
171979,2020-11-27,Caroline,Maryland,24011.0,938,10.0,19.0,,,,-0.416
171980,2020-11-28,Caroline,Maryland,24011.0,945,10.0,7.0,,,,-0.319
171981,2020-11-29,Caroline,Maryland,24011.0,952,10.0,7.0,,,,-0.304
171982,2020-11-30,Caroline,Maryland,24011.0,972,10.0,20.0,,,,-0.385
171983,2020-12-01,Caroline,Maryland,24011.0,983,10.0,11.0,,,,-0.292
171984,2020-12-02,Caroline,Maryland,24011.0,990,10.0,7.0,,,,-0.138
171985,2020-12-03,Caroline,Maryland,24011.0,1003,10.0,13.0,,,,-0.144
171986,2020-12-04,Caroline,Maryland,24011.0,1030,10.0,27.0,,,,-0.2
171987,2020-12-05,Caroline,Maryland,24011.0,1039,10.0,9.0,,,,-0.253
171988,2020-12-06,Caroline,Maryland,24011.0,1047,10.0,8.0,,,,-0.263
171989,2020-12-07,Caroline,Maryland,24011.0,1065,10.0,18.0,,,,-0.301
171990,2020-12-08,Caroline,Maryland,24011.0,1086,10.0,21.0,,,,-0.26
171991,2020-12-09,Caroline,Maryland,24011.0,1090,10.0,4.0,,,,-0.45
171992,2020-12-10,Caroline,Maryland,24011.0,1104,10.0,14.0,,,,-0.379
171993,2020-12-11,Caroline,Maryland,24011.0,1130,10.0,26.0,,,,-0.353
171994,2020-12-12,Caroline,Maryland,24011.0,1148,10.0,18.0,,,,-0.264
171995,2020-12-13,Caroline,Maryland,24011.0,1156,10.0,8.0,,,,-0.252
171996,2020-12-14,Caroline,Maryland,24011.0,1171,10.0,15.0,,,,-0.224
171997,2020-12-15,Caroline,Maryland,24011.0,1182,10.0,11.0,,,,-0.264
171998,2020-12-16,Caroline,Maryland,24011.0,1187,10.0,5.0,,,,-0.269
171999,2020-12-17,Caroline,Maryland,24011.0,1190,10.0,3.0,,,,-0.283
172000,2020-12-18,Caroline,Maryland,24011.0,1195,10.0,5.0,,,,-0.244
172001,2020-12-19,Caroline,Maryland,24011.0,1205,10.0,10.0,,,,-0.293
172002,2020-12-20,Caroline,Maryland,24011.0,1215,10.0,10.0,,,,-0.252
172003,2020-12-21,Caroline,Maryland,24011.0,1218,10.0,3.0,,,,-0.27
172004,2020-12-22,Caroline,Maryland,24011.0,1231,10.0,13.0,,,,-0.245
172005,2020-12-23,Caroline,Maryland,24011.0,1232,10.0,1.0,,,,-0.261
172006,2020-12-24,Caroline,Maryland,24011.0,1241,10.0,9.0,,,,-0.256
172007,2020-12-25,Caroline,Maryland,24011.0,1260,10.0,19.0,,,,-0.327
172008,2020-12-26,Caroline,Maryland,24011.0,1263,10.0,3.0,,,,-0.276
