,date,county,state,fips,cases,deaths,new_cases,emp_combined,emp_combined_inclow,revenue_all,spend_all
144229,2020-03-22,St. Mary's,Maryland,24037.0,1,0.0,0.0,,,,-0.127
144230,2020-03-23,St. Mary's,Maryland,24037.0,1,0.0,0.0,,,,-0.17900001
144231,2020-03-24,St. Mary's,Maryland,24037.0,2,0.0,1.0,,,,-0.205
144232,2020-03-25,St. Mary's,Maryland,24037.0,2,0.0,0.0,,,,-0.20299999
144233,2020-03-26,St. Mary's,Maryland,24037.0,4,0.0,2.0,,,,-0.25400001
144234,2020-03-27,St. Mary's,Maryland,24037.0,4,0.0,0.0,,,,-0.28200001
144235,2020-03-28,St. Mary's,Maryland,24037.0,8,0.0,4.0,,,,-0.30000001
144236,2020-03-29,St. Mary's,Maryland,24037.0,9,0.0,1.0,,,,-0.30899999
144237,2020-03-30,St. Mary's,Maryland,24037.0,9,0.0,0.0,,,,-0.28600001
144238,2020-03-31,St. Mary's,Maryland,24037.0,15,0.0,6.0,,,,-0.28400001
144239,2020-04-01,St. Mary's,Maryland,24037.0,19,0.0,4.0,,,,-0.29100001
144240,2020-04-02,St. Mary's,Maryland,24037.0,27,0.0,8.0,,,,-0.24699999
144241,2020-04-03,St. Mary's,Maryland,24037.0,30,0.0,3.0,,,,-0.223
144242,2020-04-04,St. Mary's,Maryland,24037.0,34,0.0,4.0,,,,-0.20900001
144243,2020-04-05,St. Mary's,Maryland,24037.0,40,0.0,6.0,,,,-0.20999999
144244,2020-04-06,St. Mary's,Maryland,24037.0,41,0.0,1.0,,,,-0.22899999999999998
144245,2020-04-07,St. Mary's,Maryland,24037.0,46,0.0,5.0,,,,-0.24600001
144246,2020-04-08,St. Mary's,Maryland,24037.0,62,0.0,16.0,,,,-0.25999999
144247,2020-04-09,St. Mary's,Maryland,24037.0,65,0.0,3.0,,,,-0.28200001
144248,2020-04-10,St. Mary's,Maryland,24037.0,71,0.0,6.0,,,,-0.31999999
144249,2020-04-11,St. Mary's,Maryland,24037.0,73,0.0,2.0,,,,-0.317
144250,2020-04-12,St. Mary's,Maryland,24037.0,82,0.0,9.0,,,,-0.32899999999999996
144251,2020-04-13,St. Mary's,Maryland,24037.0,95,1.0,13.0,,,,-0.33399999
144252,2020-04-14,St. Mary's,Maryland,24037.0,98,3.0,3.0,,,,-0.33399999
144253,2020-04-15,St. Mary's,Maryland,24037.0,99,1.0,1.0,,,,-0.31999999
144254,2020-04-16,St. Mary's,Maryland,24037.0,98,1.0,-1.0,,,,-0.324
144255,2020-04-17,St. Mary's,Maryland,24037.0,100,1.0,2.0,,,,-0.30599999
144256,2020-04-18,St. Mary's,Maryland,24037.0,101,1.0,1.0,,,,-0.317
144257,2020-04-19,St. Mary's,Maryland,24037.0,105,2.0,4.0,,,,-0.31
144258,2020-04-20,St. Mary's,Maryland,24037.0,107,2.0,2.0,,,,-0.31600001
144259,2020-04-21,St. Mary's,Maryland,24037.0,107,3.0,0.0,,,,-0.292
144260,2020-04-22,St. Mary's,Maryland,24037.0,112,3.0,5.0,,,,-0.27599999
144261,2020-04-23,St. Mary's,Maryland,24037.0,115,4.0,3.0,,,,-0.259
144262,2020-04-24,St. Mary's,Maryland,24037.0,119,6.0,4.0,,,,-0.27000001
144263,2020-04-25,St. Mary's,Maryland,24037.0,124,6.0,5.0,,,,-0.25099999
144264,2020-04-26,St. Mary's,Maryland,24037.0,133,6.0,9.0,,,,-0.22400001
144265,2020-04-27,St. Mary's,Maryland,24037.0,144,6.0,11.0,,,,-0.171
144266,2020-04-28,St. Mary's,Maryland,24037.0,145,7.0,1.0,,,,-0.18799999
144267,2020-04-29,St. Mary's,Maryland,24037.0,146,8.0,1.0,,,,-0.20900001
144268,2020-04-30,St. Mary's,Maryland,24037.0,152,8.0,6.0,,,,-0.22699999999999998
144269,2020-05-01,St. Mary's,Maryland,24037.0,159,7.0,7.0,,,,-0.228
144270,2020-05-02,St. Mary's,Maryland,24037.0,164,7.0,5.0,,,,-0.252
144271,2020-05-03,St. Mary's,Maryland,24037.0,165,7.0,1.0,,,,-0.25999999
144272,2020-05-04,St. Mary's,Maryland,24037.0,168,7.0,3.0,,,,-0.285
144273,2020-05-05,St. Mary's,Maryland,24037.0,170,7.0,2.0,,,,-0.26499999
144274,2020-05-06,St. Mary's,Maryland,24037.0,186,7.0,16.0,,,,-0.25
144275,2020-05-07,St. Mary's,Maryland,24037.0,193,8.0,7.0,,,,-0.248
144276,2020-05-08,St. Mary's,Maryland,24037.0,207,8.0,14.0,,,,-0.243
144277,2020-05-09,St. Mary's,Maryland,24037.0,234,8.0,27.0,,,,-0.212
144278,2020-05-10,St. Mary's,Maryland,24037.0,241,8.0,7.0,,,,-0.21799999
144279,2020-05-11,St. Mary's,Maryland,24037.0,244,9.0,3.0,,,,-0.213
144280,2020-05-12,St. Mary's,Maryland,24037.0,246,9.0,2.0,,,,-0.212
144281,2020-05-13,St. Mary's,Maryland,24037.0,254,9.0,8.0,,,,-0.20299999
144282,2020-05-14,St. Mary's,Maryland,24037.0,271,9.0,17.0,,,,-0.18700001
144283,2020-05-15,St. Mary's,Maryland,24037.0,299,9.0,28.0,,,,-0.168
144284,2020-05-16,St. Mary's,Maryland,24037.0,306,10.0,7.0,,,,-0.18799999
144285,2020-05-17,St. Mary's,Maryland,24037.0,313,11.0,7.0,,,,-0.16399999999999998
144286,2020-05-18,St. Mary's,Maryland,24037.0,326,11.0,13.0,,,,-0.154
144287,2020-05-19,St. Mary's,Maryland,24037.0,338,12.0,12.0,,,,-0.185
144288,2020-05-20,St. Mary's,Maryland,24037.0,340,12.0,2.0,,,,-0.18600000000000003
144289,2020-05-21,St. Mary's,Maryland,24037.0,357,13.0,17.0,,,,-0.18099999
144290,2020-05-22,St. Mary's,Maryland,24037.0,370,13.0,13.0,,,,-0.18799999
144291,2020-05-23,St. Mary's,Maryland,24037.0,379,14.0,9.0,,,,-0.19
144292,2020-05-24,St. Mary's,Maryland,24037.0,393,14.0,14.0,,,,-0.20800000000000002
144293,2020-05-25,St. Mary's,Maryland,24037.0,395,15.0,2.0,,,,-0.19400001
144294,2020-05-26,St. Mary's,Maryland,24037.0,400,15.0,5.0,,,,-0.18799999
144295,2020-05-27,St. Mary's,Maryland,24037.0,400,16.0,0.0,,,,-0.17399999
144296,2020-05-28,St. Mary's,Maryland,24037.0,417,19.0,17.0,,,,-0.163
144297,2020-05-29,St. Mary's,Maryland,24037.0,460,20.0,43.0,,,,-0.121
144298,2020-05-30,St. Mary's,Maryland,24037.0,471,20.0,11.0,,,,-0.111
144299,2020-05-31,St. Mary's,Maryland,24037.0,499,22.0,28.0,,,,-0.11800000000000001
144300,2020-06-01,St. Mary's,Maryland,24037.0,505,23.0,6.0,,,,-0.11199999999999999
144301,2020-06-02,St. Mary's,Maryland,24037.0,518,24.0,13.0,,,,-0.107
144302,2020-06-03,St. Mary's,Maryland,24037.0,536,27.0,18.0,,,,-0.13500001
144303,2020-06-04,St. Mary's,Maryland,24037.0,542,28.0,6.0,,,,-0.15099999
144304,2020-06-05,St. Mary's,Maryland,24037.0,547,30.0,5.0,,,,-0.2
144305,2020-06-06,St. Mary's,Maryland,24037.0,548,33.0,1.0,,,,-0.21100000000000002
144306,2020-06-07,St. Mary's,Maryland,24037.0,553,34.0,5.0,,,,-0.20200001
144307,2020-06-08,St. Mary's,Maryland,24037.0,553,34.0,0.0,,,,-0.20800000000000002
144308,2020-06-09,St. Mary's,Maryland,24037.0,561,34.0,8.0,,,,-0.198
144309,2020-06-10,St. Mary's,Maryland,24037.0,565,35.0,4.0,,,,-0.168
144310,2020-06-11,St. Mary's,Maryland,24037.0,573,36.0,8.0,,,,-0.163
144311,2020-06-12,St. Mary's,Maryland,24037.0,575,40.0,2.0,,,,-0.139
144312,2020-06-13,St. Mary's,Maryland,24037.0,578,40.0,3.0,,,,-0.12300000000000001
144313,2020-06-14,St. Mary's,Maryland,24037.0,580,39.0,2.0,,,,-0.12899999
144314,2020-06-15,St. Mary's,Maryland,24037.0,582,40.0,2.0,,,,-0.126
144315,2020-06-16,St. Mary's,Maryland,24037.0,585,40.0,3.0,,,,-0.13
144316,2020-06-17,St. Mary's,Maryland,24037.0,587,41.0,2.0,,,,-0.124
144317,2020-06-18,St. Mary's,Maryland,24037.0,595,44.0,8.0,,,,-0.11699999999999999
144318,2020-06-19,St. Mary's,Maryland,24037.0,599,44.0,4.0,,,,-0.10300000000000001
144319,2020-06-20,St. Mary's,Maryland,24037.0,597,44.0,-2.0,,,,-0.10400000000000001
144320,2020-06-21,St. Mary's,Maryland,24037.0,602,45.0,5.0,,,,-0.080399998
144321,2020-06-22,St. Mary's,Maryland,24037.0,599,46.0,-3.0,,,,-0.080799997
144322,2020-06-23,St. Mary's,Maryland,24037.0,605,48.0,6.0,,,,-0.095799997
144323,2020-06-24,St. Mary's,Maryland,24037.0,606,48.0,1.0,,,,-0.109
144324,2020-06-25,St. Mary's,Maryland,24037.0,610,48.0,4.0,,,,-0.10099999999999999
144325,2020-06-26,St. Mary's,Maryland,24037.0,611,50.0,1.0,,,,-0.113
144326,2020-06-27,St. Mary's,Maryland,24037.0,619,51.0,8.0,,,,-0.11199999999999999
144327,2020-06-28,St. Mary's,Maryland,24037.0,620,51.0,1.0,,,,-0.15800001
144328,2020-06-29,St. Mary's,Maryland,24037.0,633,51.0,13.0,,,,-0.114
144329,2020-06-30,St. Mary's,Maryland,24037.0,637,51.0,4.0,,,,-0.06580000400000001
144330,2020-07-01,St. Mary's,Maryland,24037.0,639,51.0,2.0,,,,-0.060899999
144331,2020-07-02,St. Mary's,Maryland,24037.0,646,51.0,7.0,,,,-0.052000001
144332,2020-07-03,St. Mary's,Maryland,24037.0,651,51.0,5.0,,,,-0.09229999800000001
144333,2020-07-04,St. Mary's,Maryland,24037.0,652,51.0,1.0,,,,-0.031800002
144334,2020-07-05,St. Mary's,Maryland,24037.0,654,51.0,2.0,,,,0.0017500001
144335,2020-07-06,St. Mary's,Maryland,24037.0,659,51.0,5.0,,,,-0.042199999
144336,2020-07-07,St. Mary's,Maryland,24037.0,662,51.0,3.0,,,,-0.057500000999999995
144337,2020-07-08,St. Mary's,Maryland,24037.0,666,51.0,4.0,,,,-0.058200002
144338,2020-07-09,St. Mary's,Maryland,24037.0,673,51.0,7.0,,,,-0.08990000199999999
144339,2020-07-10,St. Mary's,Maryland,24037.0,679,51.0,6.0,,,,-0.0669
144340,2020-07-11,St. Mary's,Maryland,24037.0,689,51.0,10.0,,,,-0.06859999900000001
144341,2020-07-12,St. Mary's,Maryland,24037.0,700,51.0,11.0,,,,-0.032499999
144342,2020-07-13,St. Mary's,Maryland,24037.0,708,51.0,8.0,,,,-0.037700001000000004
144343,2020-07-14,St. Mary's,Maryland,24037.0,721,51.0,13.0,,,,-0.059000000000000004
144344,2020-07-15,St. Mary's,Maryland,24037.0,730,51.0,9.0,,,,-0.067599997
144345,2020-07-16,St. Mary's,Maryland,24037.0,739,51.0,9.0,,,,-0.032099999
144346,2020-07-17,St. Mary's,Maryland,24037.0,753,51.0,14.0,,,,-0.0581
144347,2020-07-18,St. Mary's,Maryland,24037.0,764,51.0,11.0,,,,-0.050500002
144348,2020-07-19,St. Mary's,Maryland,24037.0,773,51.0,9.0,,,,-0.08789999800000001
144349,2020-07-20,St. Mary's,Maryland,24037.0,779,52.0,6.0,,,,-0.0911
144350,2020-07-21,St. Mary's,Maryland,24037.0,785,52.0,6.0,,,,-0.074900001
144351,2020-07-22,St. Mary's,Maryland,24037.0,789,53.0,4.0,,,,-0.054000001
144352,2020-07-23,St. Mary's,Maryland,24037.0,790,52.0,1.0,,,,-0.039000001
144353,2020-07-24,St. Mary's,Maryland,24037.0,805,52.0,15.0,,,,-0.0164
144354,2020-07-25,St. Mary's,Maryland,24037.0,822,52.0,17.0,,,,-0.039799998999999996
144355,2020-07-26,St. Mary's,Maryland,24037.0,834,52.0,12.0,,,,0.0118
144356,2020-07-27,St. Mary's,Maryland,24037.0,849,52.0,15.0,,,,0.0151
144357,2020-07-28,St. Mary's,Maryland,24037.0,855,53.0,6.0,,,,0.0078099999
144358,2020-07-29,St. Mary's,Maryland,24037.0,863,53.0,8.0,,,,0.031099999
144359,2020-07-30,St. Mary's,Maryland,24037.0,874,53.0,11.0,,,,-0.0057299999
144360,2020-07-31,St. Mary's,Maryland,24037.0,896,52.0,22.0,,,,-0.0275
144361,2020-08-01,St. Mary's,Maryland,24037.0,904,52.0,8.0,,,,-0.031800002
144362,2020-08-02,St. Mary's,Maryland,24037.0,922,52.0,18.0,,,,-0.0471
144363,2020-08-03,St. Mary's,Maryland,24037.0,931,52.0,9.0,,,,-0.0625
144364,2020-08-04,St. Mary's,Maryland,24037.0,931,52.0,0.0,,,,-0.10400000000000001
144365,2020-08-05,St. Mary's,Maryland,24037.0,945,52.0,14.0,,,,-0.11199999999999999
144366,2020-08-06,St. Mary's,Maryland,24037.0,951,52.0,6.0,,,,-0.11900000000000001
144367,2020-08-07,St. Mary's,Maryland,24037.0,962,52.0,11.0,,,,-0.102
144368,2020-08-08,St. Mary's,Maryland,24037.0,965,52.0,3.0,,,,-0.082400002
144369,2020-08-09,St. Mary's,Maryland,24037.0,983,52.0,18.0,,,,-0.07630000299999999
144370,2020-08-10,St. Mary's,Maryland,24037.0,999,52.0,16.0,,,,-0.054499999
144371,2020-08-11,St. Mary's,Maryland,24037.0,1003,52.0,4.0,,,,-0.034899998
144372,2020-08-12,St. Mary's,Maryland,24037.0,1012,52.0,9.0,,,,-0.069799997
144373,2020-08-13,St. Mary's,Maryland,24037.0,1022,52.0,10.0,,,,-0.07530000099999999
144374,2020-08-14,St. Mary's,Maryland,24037.0,1039,52.0,17.0,,,,-0.07
144375,2020-08-15,St. Mary's,Maryland,24037.0,1040,52.0,1.0,,,,-0.09929999699999999
144376,2020-08-16,St. Mary's,Maryland,24037.0,1048,52.0,8.0,,,,-0.12899999
144377,2020-08-17,St. Mary's,Maryland,24037.0,1061,52.0,13.0,,,,-0.152
144378,2020-08-18,St. Mary's,Maryland,24037.0,1064,52.0,3.0,,,,-0.124
144379,2020-08-19,St. Mary's,Maryland,24037.0,1064,52.0,0.0,,,,-0.12899999
144380,2020-08-20,St. Mary's,Maryland,24037.0,1069,52.0,5.0,,,,-0.102
144381,2020-08-21,St. Mary's,Maryland,24037.0,1075,52.0,6.0,,,,-0.105
144382,2020-08-22,St. Mary's,Maryland,24037.0,1077,52.0,2.0,,,,-0.0579
144383,2020-08-23,St. Mary's,Maryland,24037.0,1080,53.0,3.0,,,,-0.022700001
144384,2020-08-24,St. Mary's,Maryland,24037.0,1084,53.0,4.0,,,,0.0056799999
144385,2020-08-25,St. Mary's,Maryland,24037.0,1086,54.0,2.0,,,,0.0102
144386,2020-08-26,St. Mary's,Maryland,24037.0,1089,54.0,3.0,,,,0.0206
144387,2020-08-27,St. Mary's,Maryland,24037.0,1091,55.0,2.0,,,,0.0114
144388,2020-08-28,St. Mary's,Maryland,24037.0,1096,55.0,5.0,,,,0.0177
144389,2020-08-29,St. Mary's,Maryland,24037.0,1103,55.0,7.0,,,,-0.00025400001
144390,2020-08-30,St. Mary's,Maryland,24037.0,1108,55.0,5.0,,,,-0.0033299999999999996
144391,2020-08-31,St. Mary's,Maryland,24037.0,1112,55.0,4.0,,,,0.0147
144392,2020-09-01,St. Mary's,Maryland,24037.0,1121,55.0,9.0,,,,-0.029300001000000003
144393,2020-09-02,St. Mary's,Maryland,24037.0,1122,55.0,1.0,,,,0.0103
144394,2020-09-03,St. Mary's,Maryland,24037.0,1130,56.0,8.0,,,,0.042199999
144395,2020-09-04,St. Mary's,Maryland,24037.0,1139,56.0,9.0,,,,0.0088099996
144396,2020-09-05,St. Mary's,Maryland,24037.0,1144,56.0,5.0,,,,0.0124
144397,2020-09-06,St. Mary's,Maryland,24037.0,1150,56.0,6.0,,,,0.047499999
144398,2020-09-07,St. Mary's,Maryland,24037.0,1162,56.0,12.0,,,,-0.0090399999
144399,2020-09-08,St. Mary's,Maryland,24037.0,1164,56.0,2.0,,,,-0.0138
144400,2020-09-09,St. Mary's,Maryland,24037.0,1164,56.0,0.0,,,,-0.0206
144401,2020-09-10,St. Mary's,Maryland,24037.0,1165,57.0,1.0,,,,-0.042100001
144402,2020-09-11,St. Mary's,Maryland,24037.0,1170,57.0,5.0,,,,-0.0361
144403,2020-09-12,St. Mary's,Maryland,24037.0,1186,57.0,16.0,,,,-0.0184
144404,2020-09-13,St. Mary's,Maryland,24037.0,1193,57.0,7.0,,,,-0.0491
144405,2020-09-14,St. Mary's,Maryland,24037.0,1197,57.0,4.0,,,,-0.0502
144406,2020-09-15,St. Mary's,Maryland,24037.0,1202,57.0,5.0,,,,-0.00339
144407,2020-09-16,St. Mary's,Maryland,24037.0,1217,57.0,15.0,,,,0.032699998
144408,2020-09-17,St. Mary's,Maryland,24037.0,1232,57.0,15.0,,,,0.056600001
144409,2020-09-18,St. Mary's,Maryland,24037.0,1241,57.0,9.0,,,,0.067000002
144410,2020-09-19,St. Mary's,Maryland,24037.0,1248,57.0,7.0,,,,0.061000001
144411,2020-09-20,St. Mary's,Maryland,24037.0,1253,57.0,5.0,,,,0.11900000000000001
144412,2020-09-21,St. Mary's,Maryland,24037.0,1259,57.0,6.0,,,,0.097099997
144413,2020-09-22,St. Mary's,Maryland,24037.0,1257,57.0,-2.0,,,,0.09359999699999999
144414,2020-09-23,St. Mary's,Maryland,24037.0,1259,57.0,2.0,,,,0.07010000200000001
144415,2020-09-24,St. Mary's,Maryland,24037.0,1262,57.0,3.0,,,,0.088799998
144416,2020-09-25,St. Mary's,Maryland,24037.0,1274,57.0,12.0,,,,0.127
144417,2020-09-26,St. Mary's,Maryland,24037.0,1288,57.0,14.0,,,,0.13500001
144418,2020-09-27,St. Mary's,Maryland,24037.0,1291,57.0,3.0,,,,0.11199999999999999
144419,2020-09-28,St. Mary's,Maryland,24037.0,1302,57.0,11.0,,,,0.142
144420,2020-09-29,St. Mary's,Maryland,24037.0,1306,57.0,4.0,,,,0.127
144421,2020-09-30,St. Mary's,Maryland,24037.0,1310,57.0,4.0,,,,0.06899999799999999
144422,2020-10-01,St. Mary's,Maryland,24037.0,1317,57.0,7.0,,,,0.0526
144423,2020-10-02,St. Mary's,Maryland,24037.0,1330,57.0,13.0,,,,0.028999999
144424,2020-10-03,St. Mary's,Maryland,24037.0,1337,57.0,7.0,,,,0.0095899999
144425,2020-10-04,St. Mary's,Maryland,24037.0,1343,58.0,6.0,,,,0.0014600001000000002
144426,2020-10-05,St. Mary's,Maryland,24037.0,1348,58.0,5.0,,,,0.0127
144427,2020-10-06,St. Mary's,Maryland,24037.0,1357,58.0,9.0,,,,0.016000001
144428,2020-10-07,St. Mary's,Maryland,24037.0,1360,58.0,3.0,,,,0.034600001
144429,2020-10-08,St. Mary's,Maryland,24037.0,1363,58.0,3.0,,,,0.07299999900000001
144430,2020-10-09,St. Mary's,Maryland,24037.0,1361,58.0,-2.0,,,,0.0383
144431,2020-10-10,St. Mary's,Maryland,24037.0,1363,58.0,2.0,,,,0.0167
144432,2020-10-11,St. Mary's,Maryland,24037.0,1370,58.0,7.0,,,,0.025599999
144433,2020-10-12,St. Mary's,Maryland,24037.0,1371,59.0,1.0,,,,-0.035500001
144434,2020-10-13,St. Mary's,Maryland,24037.0,1373,59.0,2.0,,,,0.0206
144435,2020-10-14,St. Mary's,Maryland,24037.0,1375,59.0,2.0,,,,0.0137
144436,2020-10-15,St. Mary's,Maryland,24037.0,1382,59.0,7.0,,,,-0.0285
144437,2020-10-16,St. Mary's,Maryland,24037.0,1385,59.0,3.0,,,,-0.019099999
144438,2020-10-17,St. Mary's,Maryland,24037.0,1392,59.0,7.0,,,,0.031399999
144439,2020-10-18,St. Mary's,Maryland,24037.0,1395,59.0,3.0,,,,0.0081700003
144440,2020-10-19,St. Mary's,Maryland,24037.0,1400,59.0,5.0,,,,-0.020400001
144441,2020-10-20,St. Mary's,Maryland,24037.0,1409,59.0,9.0,,,,-0.033199999
144442,2020-10-21,St. Mary's,Maryland,24037.0,1416,59.0,7.0,,,,-0.0074499998999999996
144443,2020-10-22,St. Mary's,Maryland,24037.0,1420,59.0,4.0,,,,0.029100001
144444,2020-10-23,St. Mary's,Maryland,24037.0,1429,60.0,9.0,,,,0.032099999
144445,2020-10-24,St. Mary's,Maryland,24037.0,1443,60.0,14.0,,,,0.027899998999999998
144446,2020-10-25,St. Mary's,Maryland,24037.0,1452,60.0,9.0,,,,0.073700003
144447,2020-10-26,St. Mary's,Maryland,24037.0,1459,60.0,7.0,,,,0.074100003
144448,2020-10-27,St. Mary's,Maryland,24037.0,1470,60.0,11.0,,,,0.077100001
144449,2020-10-28,St. Mary's,Maryland,24037.0,1475,60.0,5.0,,,,0.0561
144450,2020-10-29,St. Mary's,Maryland,24037.0,1497,60.0,22.0,,,,0.055300000999999994
144451,2020-10-30,St. Mary's,Maryland,24037.0,1501,60.0,4.0,,,,0.04769999900000001
144452,2020-10-31,St. Mary's,Maryland,24037.0,1504,60.0,3.0,,,,0.066200003
144453,2020-11-01,St. Mary's,Maryland,24037.0,1507,60.0,3.0,,,,0.0359
144454,2020-11-02,St. Mary's,Maryland,24037.0,1510,60.0,3.0,,,,0.034600001
144455,2020-11-03,St. Mary's,Maryland,24037.0,1515,60.0,5.0,,,,0.015900001
144456,2020-11-04,St. Mary's,Maryland,24037.0,1524,61.0,9.0,,,,0.0242
144457,2020-11-05,St. Mary's,Maryland,24037.0,1529,61.0,5.0,,,,0.018200001
144458,2020-11-06,St. Mary's,Maryland,24037.0,1558,60.0,29.0,,,,0.0118
144459,2020-11-07,St. Mary's,Maryland,24037.0,1571,60.0,13.0,,,,-0.024499998999999998
144460,2020-11-08,St. Mary's,Maryland,24037.0,1591,60.0,20.0,,,,0.0013
144461,2020-11-09,St. Mary's,Maryland,24037.0,1601,60.0,10.0,,,,-5.489999999999999e-05
144462,2020-11-10,St. Mary's,Maryland,24037.0,1608,60.0,7.0,,,,0.035700001
144463,2020-11-11,St. Mary's,Maryland,24037.0,1630,60.0,22.0,,,,0.066299997
144464,2020-11-12,St. Mary's,Maryland,24037.0,1651,60.0,21.0,,,,0.06459999799999999
144465,2020-11-13,St. Mary's,Maryland,24037.0,1670,60.0,19.0,,,,0.08940000099999999
144466,2020-11-14,St. Mary's,Maryland,24037.0,1702,60.0,32.0,,,,0.09759999800000001
144467,2020-11-15,St. Mary's,Maryland,24037.0,1731,60.0,29.0,,,,0.045000002000000004
144468,2020-11-16,St. Mary's,Maryland,24037.0,1749,60.0,18.0,,,,0.058699999
144469,2020-11-17,St. Mary's,Maryland,24037.0,1771,60.0,22.0,,,,0.024
144470,2020-11-18,St. Mary's,Maryland,24037.0,1786,60.0,15.0,,,,0.0275
144471,2020-11-19,St. Mary's,Maryland,24037.0,1815,60.0,29.0,,,,-0.00351
144472,2020-11-20,St. Mary's,Maryland,24037.0,1851,60.0,36.0,,,,0.0082400003
144473,2020-11-21,St. Mary's,Maryland,24037.0,1889,61.0,38.0,,,,0.0085800001
144474,2020-11-22,St. Mary's,Maryland,24037.0,1935,61.0,46.0,,,,0.026799998999999998
