,date,county,state,fips,cases,deaths,new_cases,emp_combined,emp_combined_inclow,revenue_all,spend_all
148510,2020-03-19,Clinton,Michigan,26037.0,1,0.0,0.0,-0.00994,.,,-0.016100001
148511,2020-03-20,Clinton,Michigan,26037.0,1,0.0,0.0,-0.0205,.,,-0.050700000999999995
148512,2020-03-21,Clinton,Michigan,26037.0,2,0.0,1.0,-0.0326,.,,-0.10099999999999999
148513,2020-03-22,Clinton,Michigan,26037.0,2,0.0,0.0,-0.0461,.,,-0.109
148514,2020-03-23,Clinton,Michigan,26037.0,2,0.0,0.0,-0.0609,.,,-0.09790000300000001
148515,2020-03-24,Clinton,Michigan,26037.0,5,0.0,3.0,-0.077,.,,-0.134
148516,2020-03-25,Clinton,Michigan,26037.0,6,0.0,1.0,-0.0942,.,,-0.20100001
148517,2020-03-26,Clinton,Michigan,26037.0,7,0.0,1.0,-0.112,.,,-0.257
148518,2020-03-27,Clinton,Michigan,26037.0,8,0.0,1.0,-0.131,.,,-0.31799999
148519,2020-03-28,Clinton,Michigan,26037.0,13,0.0,5.0,-0.151,.,,-0.32600001
148520,2020-03-29,Clinton,Michigan,26037.0,14,0.0,1.0,-0.172,.,,-0.30899999
148521,2020-03-30,Clinton,Michigan,26037.0,19,0.0,5.0,-0.192,.,,-0.31600001
148522,2020-03-31,Clinton,Michigan,26037.0,24,0.0,5.0,-0.213,.,,-0.287
148523,2020-04-01,Clinton,Michigan,26037.0,33,0.0,9.0,-0.234,.,,-0.22
148524,2020-04-02,Clinton,Michigan,26037.0,43,1.0,10.0,-0.255,.,,-0.185
148525,2020-04-03,Clinton,Michigan,26037.0,49,1.0,6.0,-0.275,.,,-0.18000001
148526,2020-04-04,Clinton,Michigan,26037.0,54,1.0,5.0,-0.294,.,,-0.20999999
148527,2020-04-05,Clinton,Michigan,26037.0,55,1.0,1.0,-0.311,.,,-0.242
148528,2020-04-06,Clinton,Michigan,26037.0,56,1.0,1.0,-0.328,.,,-0.248
148529,2020-04-07,Clinton,Michigan,26037.0,73,1.0,17.0,-0.343,.,,-0.255
148530,2020-04-08,Clinton,Michigan,26037.0,82,1.0,9.0,-0.356,.,,-0.25999999
148531,2020-04-09,Clinton,Michigan,26037.0,85,1.0,3.0,-0.367,.,,-0.237
148532,2020-04-10,Clinton,Michigan,26037.0,90,3.0,5.0,-0.376,.,,-0.22699999999999998
148533,2020-04-11,Clinton,Michigan,26037.0,90,3.0,0.0,-0.383,.,,-0.205
148534,2020-04-12,Clinton,Michigan,26037.0,91,3.0,1.0,-0.388,.,,-0.214
148535,2020-04-13,Clinton,Michigan,26037.0,93,4.0,2.0,-0.39,.,,-0.204
148536,2020-04-14,Clinton,Michigan,26037.0,98,4.0,5.0,-0.39,.,,-0.146
148537,2020-04-15,Clinton,Michigan,26037.0,100,5.0,2.0,-0.389,.,,-0.11199999999999999
148538,2020-04-16,Clinton,Michigan,26037.0,102,6.0,2.0,-0.386,.,,0.057700000999999994
148539,2020-04-17,Clinton,Michigan,26037.0,103,6.0,1.0,-0.382,.,,0.0109
148540,2020-04-18,Clinton,Michigan,26037.0,103,6.0,0.0,-0.376,.,,0.0018
148541,2020-04-19,Clinton,Michigan,26037.0,103,6.0,0.0,-0.37,.,,0.023399998999999998
148542,2020-04-20,Clinton,Michigan,26037.0,104,7.0,1.0,-0.363,.,,0.039900001000000004
148543,2020-04-21,Clinton,Michigan,26037.0,105,7.0,1.0,-0.356,.,,-0.0233
148544,2020-04-22,Clinton,Michigan,26037.0,106,7.0,1.0,-0.349,.,,-0.052700002
148545,2020-04-23,Clinton,Michigan,26037.0,105,8.0,-1.0,-0.342,.,,0.00176
148546,2020-04-24,Clinton,Michigan,26037.0,106,9.0,1.0,-0.335,.,,-0.122
148547,2020-04-25,Clinton,Michigan,26037.0,106,9.0,0.0,-0.33,.,,-0.067699999
148548,2020-04-26,Clinton,Michigan,26037.0,109,9.0,3.0,-0.325,.,,-0.0145
148549,2020-04-27,Clinton,Michigan,26037.0,112,9.0,3.0,-0.321,.,,0.0052499999
148550,2020-04-28,Clinton,Michigan,26037.0,114,9.0,2.0,-0.317,.,,-0.027000001000000003
148551,2020-04-29,Clinton,Michigan,26037.0,117,9.0,3.0,-0.314,.,,-0.041499997999999996
148552,2020-04-30,Clinton,Michigan,26037.0,118,9.0,1.0,-0.311,.,,0.0094600003
148553,2020-05-01,Clinton,Michigan,26037.0,118,9.0,0.0,-0.308,.,,0.079000004
148554,2020-05-02,Clinton,Michigan,26037.0,118,10.0,0.0,-0.305,.,,0.057700000999999994
148555,2020-05-03,Clinton,Michigan,26037.0,118,10.0,0.0,-0.301,.,,0.0274
148556,2020-05-04,Clinton,Michigan,26037.0,119,10.0,1.0,-0.297,.,,0.0026
148557,2020-05-05,Clinton,Michigan,26037.0,120,10.0,1.0,-0.293,.,,-0.0114
148558,2020-05-06,Clinton,Michigan,26037.0,123,10.0,3.0,-0.288,.,,-0.0131
148559,2020-05-07,Clinton,Michigan,26037.0,126,10.0,3.0,-0.283,.,,-0.021199999
148560,2020-05-08,Clinton,Michigan,26037.0,126,10.0,0.0,-0.278,.,,-0.0425
148561,2020-05-09,Clinton,Michigan,26037.0,127,10.0,1.0,-0.273,.,,-0.0263
148562,2020-05-10,Clinton,Michigan,26037.0,126,10.0,-1.0,-0.268,.,,-0.0106
148563,2020-05-11,Clinton,Michigan,26037.0,128,10.0,2.0,-0.263,.,,-0.038600001
148564,2020-05-12,Clinton,Michigan,26037.0,126,10.0,-2.0,-0.259,.,,-0.0229
148565,2020-05-13,Clinton,Michigan,26037.0,127,10.0,1.0,-0.255,.,,0.0070400001
148566,2020-05-14,Clinton,Michigan,26037.0,129,10.0,2.0,-0.251,.,,0.058600001
148567,2020-05-15,Clinton,Michigan,26037.0,132,10.0,3.0,-0.247,.,,0.081699997
148568,2020-05-16,Clinton,Michigan,26037.0,132,10.0,0.0,-0.243,.,,0.060899999
148569,2020-05-17,Clinton,Michigan,26037.0,134,10.0,2.0,-0.24,.,,0.064999998
148570,2020-05-18,Clinton,Michigan,26037.0,135,10.0,1.0,-0.237,.,,0.09719999900000001
148571,2020-05-19,Clinton,Michigan,26037.0,136,10.0,1.0,-0.234,.,,0.11
148572,2020-05-20,Clinton,Michigan,26037.0,136,10.0,0.0,-0.231,.,,0.096000001
148573,2020-05-21,Clinton,Michigan,26037.0,137,10.0,1.0,-0.228,.,,0.071800001
148574,2020-05-22,Clinton,Michigan,26037.0,136,10.0,-1.0,-0.225,.,,0.102
148575,2020-05-23,Clinton,Michigan,26037.0,137,10.0,1.0,-0.222,.,,0.0999
148576,2020-05-24,Clinton,Michigan,26037.0,138,10.0,1.0,-0.219,.,,0.097800002
148577,2020-05-25,Clinton,Michigan,26037.0,138,10.0,0.0,-0.216,.,,0.131
148578,2020-05-26,Clinton,Michigan,26037.0,138,10.0,0.0,-0.213,.,,0.107
148579,2020-05-27,Clinton,Michigan,26037.0,142,10.0,4.0,-0.21,.,,0.131
148580,2020-05-28,Clinton,Michigan,26037.0,139,10.0,-3.0,-0.207,.,,0.12899999
148581,2020-05-29,Clinton,Michigan,26037.0,139,10.0,0.0,-0.203,.,,0.11599999999999999
148582,2020-05-30,Clinton,Michigan,26037.0,139,10.0,0.0,-0.199,.,,0.13600001
148583,2020-05-31,Clinton,Michigan,26037.0,139,11.0,0.0,-0.195,.,,0.147
148584,2020-06-01,Clinton,Michigan,26037.0,140,11.0,1.0,-0.191,.,,0.18000001
148585,2020-06-02,Clinton,Michigan,26037.0,140,11.0,0.0,-0.187,.,,0.17299999
148586,2020-06-03,Clinton,Michigan,26037.0,141,11.0,1.0,-0.182,.,,0.121
148587,2020-06-04,Clinton,Michigan,26037.0,142,11.0,1.0,-0.177,.,,0.14300001
148588,2020-06-05,Clinton,Michigan,26037.0,181,11.0,39.0,-0.172,.,,0.168
148589,2020-06-06,Clinton,Michigan,26037.0,182,11.0,1.0,-0.167,.,,0.182
148590,2020-06-07,Clinton,Michigan,26037.0,182,11.0,0.0,-0.161,.,,0.183
148591,2020-06-08,Clinton,Michigan,26037.0,183,11.0,1.0,-0.156,.,,0.16699999999999998
148592,2020-06-09,Clinton,Michigan,26037.0,186,11.0,3.0,-0.15,.,,0.18000001
148593,2020-06-10,Clinton,Michigan,26037.0,187,11.0,1.0,-0.145,.,,0.18899999999999997
148594,2020-06-11,Clinton,Michigan,26037.0,188,11.0,1.0,-0.139,.,,0.17299999
148595,2020-06-12,Clinton,Michigan,26037.0,188,11.0,0.0,-0.134,.,,0.163
148596,2020-06-13,Clinton,Michigan,26037.0,188,11.0,0.0,-0.13,.,,0.154
148597,2020-06-14,Clinton,Michigan,26037.0,190,11.0,2.0,-0.125,.,,0.13699999
148598,2020-06-15,Clinton,Michigan,26037.0,190,11.0,0.0,-0.121,.,,0.161
148599,2020-06-16,Clinton,Michigan,26037.0,190,11.0,0.0,-0.117,.,,0.183
148600,2020-06-17,Clinton,Michigan,26037.0,191,11.0,1.0,-0.114,.,,0.182
148601,2020-06-18,Clinton,Michigan,26037.0,193,11.0,2.0,-0.111,.,,0.175
148602,2020-06-19,Clinton,Michigan,26037.0,195,11.0,2.0,-0.109,.,,0.18000001
148603,2020-06-20,Clinton,Michigan,26037.0,199,11.0,4.0,-0.107,.,,0.20100001
148604,2020-06-21,Clinton,Michigan,26037.0,201,11.0,2.0,-0.105,.,,0.213
148605,2020-06-22,Clinton,Michigan,26037.0,201,11.0,0.0,-0.104,.,,0.205
148606,2020-06-23,Clinton,Michigan,26037.0,204,11.0,3.0,-0.103,.,,0.19499999
148607,2020-06-24,Clinton,Michigan,26037.0,205,11.0,1.0,-0.103,.,,0.34200001
148608,2020-06-25,Clinton,Michigan,26037.0,207,12.0,2.0,-0.103,.,,0.30500001
148609,2020-06-26,Clinton,Michigan,26037.0,214,12.0,7.0,-0.102,.,,0.242
148610,2020-06-27,Clinton,Michigan,26037.0,215,12.0,1.0,-0.102,.,,0.17900001
148611,2020-06-28,Clinton,Michigan,26037.0,217,12.0,2.0,-0.102,.,,0.15000001
148612,2020-06-29,Clinton,Michigan,26037.0,220,12.0,3.0,-0.101,.,,0.163
148613,2020-06-30,Clinton,Michigan,26037.0,223,12.0,3.0,-0.101,.,,0.17399999
148614,2020-07-01,Clinton,Michigan,26037.0,226,12.0,3.0,-0.101,.,,0.021
148615,2020-07-02,Clinton,Michigan,26037.0,236,12.0,10.0,-0.1,.,,0.066600002
148616,2020-07-03,Clinton,Michigan,26037.0,241,12.0,5.0,-0.1,.,,0.10400000000000001
148617,2020-07-04,Clinton,Michigan,26037.0,247,12.0,6.0,-0.0995,.,,0.14300001
148618,2020-07-05,Clinton,Michigan,26037.0,250,12.0,3.0,-0.0991,.,,0.23399999999999999
148619,2020-07-06,Clinton,Michigan,26037.0,253,12.0,3.0,-0.0987,.,,0.20900001
148620,2020-07-07,Clinton,Michigan,26037.0,263,12.0,10.0,-0.0984,.,,0.20600000000000002
148621,2020-07-08,Clinton,Michigan,26037.0,271,12.0,8.0,-0.0981,.,,0.171
148622,2020-07-09,Clinton,Michigan,26037.0,279,12.0,8.0,-0.0979,.,,0.14399999
148623,2020-07-10,Clinton,Michigan,26037.0,282,12.0,3.0,-0.0977,.,,0.14300001
148624,2020-07-11,Clinton,Michigan,26037.0,290,12.0,8.0,-0.0977,.,,0.109
148625,2020-07-12,Clinton,Michigan,26037.0,291,12.0,1.0,-0.0979,.,,0.09629999800000001
148626,2020-07-13,Clinton,Michigan,26037.0,294,12.0,3.0,-0.0981,.,,0.064499997
148627,2020-07-14,Clinton,Michigan,26037.0,296,12.0,2.0,-0.0984,.,,0.017999999
148628,2020-07-15,Clinton,Michigan,26037.0,305,12.0,9.0,-0.0988,.,,0.0284
148629,2020-07-16,Clinton,Michigan,26037.0,314,12.0,9.0,-0.0992,.,,0.00047200000999999994
148630,2020-07-17,Clinton,Michigan,26037.0,319,12.0,5.0,-0.0996,.,,-0.024599998999999997
148631,2020-07-18,Clinton,Michigan,26037.0,325,12.0,6.0,-0.1,.,,-0.012
148632,2020-07-19,Clinton,Michigan,26037.0,326,12.0,1.0,-0.1,.,,-0.020400001
148633,2020-07-20,Clinton,Michigan,26037.0,331,12.0,5.0,-0.101,.,,-0.0153
148634,2020-07-21,Clinton,Michigan,26037.0,332,12.0,1.0,-0.101,.,,0.0107
148635,2020-07-22,Clinton,Michigan,26037.0,334,12.0,2.0,-0.101,.,,0.045200001
148636,2020-07-23,Clinton,Michigan,26037.0,338,12.0,4.0,-0.101,.,,0.105
148637,2020-07-24,Clinton,Michigan,26037.0,349,12.0,11.0,-0.1,.,,0.111
148638,2020-07-25,Clinton,Michigan,26037.0,353,12.0,4.0,-0.0993,.,,0.096600004
148639,2020-07-26,Clinton,Michigan,26037.0,359,12.0,6.0,-0.0981,.,,0.106
148640,2020-07-27,Clinton,Michigan,26037.0,367,12.0,8.0,-0.0965,.,,0.08820000300000001
148641,2020-07-28,Clinton,Michigan,26037.0,380,12.0,13.0,-0.0946,.,,0.0757
148642,2020-07-29,Clinton,Michigan,26037.0,388,12.0,8.0,-0.0924,.,,0.08060000099999999
148643,2020-07-30,Clinton,Michigan,26037.0,397,13.0,9.0,-0.0901,.,,0.05550000099999999
148644,2020-07-31,Clinton,Michigan,26037.0,404,13.0,7.0,-0.0878,.,,0.064400002
148645,2020-08-01,Clinton,Michigan,26037.0,412,13.0,8.0,-0.0854,.,,0.073700003
148646,2020-08-02,Clinton,Michigan,26037.0,413,13.0,1.0,-0.083,.,,0.062799998
148647,2020-08-03,Clinton,Michigan,26037.0,414,13.0,1.0,-0.0808,.,,0.10300000000000001
148648,2020-08-04,Clinton,Michigan,26037.0,416,13.0,2.0,-0.0787,.,,0.11900000000000001
148649,2020-08-05,Clinton,Michigan,26037.0,419,13.0,3.0,-0.0768,.,,0.072400004
148650,2020-08-06,Clinton,Michigan,26037.0,421,13.0,2.0,-0.0752,.,,0.0506
148651,2020-08-07,Clinton,Michigan,26037.0,422,13.0,1.0,-0.0738,.,,0.066799998
148652,2020-08-08,Clinton,Michigan,26037.0,422,13.0,0.0,-0.0727,.,,0.0955
148653,2020-08-09,Clinton,Michigan,26037.0,423,13.0,1.0,-0.0719,.,,0.105
148654,2020-08-10,Clinton,Michigan,26037.0,423,13.0,0.0,-0.0713,.,,0.067900002
148655,2020-08-11,Clinton,Michigan,26037.0,425,13.0,2.0,-0.0709,.,,0.051399997999999995
148656,2020-08-12,Clinton,Michigan,26037.0,426,13.0,1.0,-0.0706,.,,0.065200001
148657,2020-08-13,Clinton,Michigan,26037.0,430,13.0,4.0,-0.0703,.,,0.061500002000000005
148658,2020-08-14,Clinton,Michigan,26037.0,431,13.0,1.0,-0.0703,.,,0.038899999
148659,2020-08-15,Clinton,Michigan,26037.0,436,13.0,5.0,-0.0703,.,,0.034000002
148660,2020-08-16,Clinton,Michigan,26037.0,439,13.0,3.0,-0.0702,.,,0.022399999
148661,2020-08-17,Clinton,Michigan,26037.0,440,13.0,1.0,-0.0699,.,,0.0132
148662,2020-08-18,Clinton,Michigan,26037.0,443,13.0,3.0,-0.0696,.,,0.019099999
148663,2020-08-19,Clinton,Michigan,26037.0,441,13.0,-2.0,-0.0692,.,,0.0381
148664,2020-08-20,Clinton,Michigan,26037.0,442,13.0,1.0,-0.0685,.,,0.06459999799999999
148665,2020-08-21,Clinton,Michigan,26037.0,442,13.0,0.0,-0.0675,.,,0.068800002
148666,2020-08-22,Clinton,Michigan,26037.0,447,13.0,5.0,-0.0664,.,,0.035500001
148667,2020-08-23,Clinton,Michigan,26037.0,452,13.0,5.0,-0.0652,.,,0.0274
148668,2020-08-24,Clinton,Michigan,26037.0,456,13.0,4.0,-0.064,.,,0.0305
148669,2020-08-25,Clinton,Michigan,26037.0,461,13.0,5.0,-0.0629,.,,0.0106
148670,2020-08-26,Clinton,Michigan,26037.0,466,13.0,5.0,-0.0618,.,,-0.0153
148671,2020-08-27,Clinton,Michigan,26037.0,469,13.0,3.0,-0.061,.,,-0.0116
148672,2020-08-28,Clinton,Michigan,26037.0,476,13.0,7.0,-0.0605,.,,-0.0047800001
148673,2020-08-29,Clinton,Michigan,26037.0,482,13.0,6.0,-0.0603,.,,0.0143
148674,2020-08-30,Clinton,Michigan,26037.0,488,13.0,6.0,-0.0604,.,,0.0164
148675,2020-08-31,Clinton,Michigan,26037.0,488,13.0,0.0,-0.0608,.,,0.031500001
148676,2020-09-01,Clinton,Michigan,26037.0,499,13.0,11.0,-0.0613,.,,0.048500000999999994
148677,2020-09-02,Clinton,Michigan,26037.0,505,13.0,6.0,-0.062,.,,0.066399999
148678,2020-09-03,Clinton,Michigan,26037.0,520,13.0,15.0,-0.0629,.,,0.076700002
148679,2020-09-04,Clinton,Michigan,26037.0,535,13.0,15.0,-0.0639,.,,0.067199998
148680,2020-09-05,Clinton,Michigan,26037.0,546,13.0,11.0,-0.0649,.,,0.059500001
148681,2020-09-06,Clinton,Michigan,26037.0,546,13.0,0.0,-0.0659,.,,0.102
148682,2020-09-07,Clinton,Michigan,26037.0,558,13.0,12.0,-0.0668,.,,0.066500001
148683,2020-09-08,Clinton,Michigan,26037.0,563,13.0,5.0,-0.0678,.,,0.038199998
148684,2020-09-09,Clinton,Michigan,26037.0,568,13.0,5.0,-0.0686,.,,0.0265
148685,2020-09-10,Clinton,Michigan,26037.0,576,13.0,8.0,-0.0692,.,,0.018999999
148686,2020-09-11,Clinton,Michigan,26037.0,587,13.0,11.0,-0.0697,.,,0.032400001
148687,2020-09-12,Clinton,Michigan,26037.0,591,13.0,4.0,-0.07,.,,0.025699998999999998
148688,2020-09-13,Clinton,Michigan,26037.0,591,13.0,0.0,-0.07,.,,0.0177
148689,2020-09-14,Clinton,Michigan,26037.0,589,13.0,-2.0,-0.0699,.,,0.0173
148690,2020-09-15,Clinton,Michigan,26037.0,594,13.0,5.0,-0.0697,.,,0.0361
148691,2020-09-16,Clinton,Michigan,26037.0,601,13.0,7.0,-0.0694,.,,0.025599999
148692,2020-09-17,Clinton,Michigan,26037.0,611,13.0,10.0,-0.069,.,,0.048999999
148693,2020-09-18,Clinton,Michigan,26037.0,616,13.0,5.0,-0.0686,.,,0.077100001
148694,2020-09-19,Clinton,Michigan,26037.0,620,13.0,4.0,-0.0681,.,,0.09269999699999999
148695,2020-09-20,Clinton,Michigan,26037.0,620,13.0,0.0,-0.0678,.,,0.0876
148696,2020-09-21,Clinton,Michigan,26037.0,633,13.0,13.0,-0.0675,.,,0.08309999900000001
148697,2020-09-22,Clinton,Michigan,26037.0,648,13.0,15.0,-0.0674,.,,0.07530000099999999
148698,2020-09-23,Clinton,Michigan,26037.0,658,13.0,10.0,-0.0673,.,,0.074299999
148699,2020-09-24,Clinton,Michigan,26037.0,661,13.0,3.0,-0.0674,.,,0.068300001
148700,2020-09-25,Clinton,Michigan,26037.0,669,13.0,8.0,-0.0676,.,,0.0243
148701,2020-09-26,Clinton,Michigan,26037.0,677,14.0,8.0,-0.0679,.,,0.022399999
148702,2020-09-27,Clinton,Michigan,26037.0,677,14.0,0.0,-0.0681,.,,0.071000002
148703,2020-09-28,Clinton,Michigan,26037.0,681,14.0,4.0,-0.0683,.,,0.062100000999999995
148704,2020-09-29,Clinton,Michigan,26037.0,691,14.0,10.0,-0.0684,.,,0.054200001
148705,2020-09-30,Clinton,Michigan,26037.0,699,14.0,8.0,-0.0683,.,,0.054099999
148706,2020-10-01,Clinton,Michigan,26037.0,703,14.0,4.0,,,,0.0405
148707,2020-10-02,Clinton,Michigan,26037.0,727,14.0,24.0,,,,0.06319999700000001
148708,2020-10-03,Clinton,Michigan,26037.0,738,14.0,11.0,,,,0.079099998
148709,2020-10-04,Clinton,Michigan,26037.0,738,14.0,0.0,,,,0.054200001
148710,2020-10-05,Clinton,Michigan,26037.0,746,14.0,8.0,,,,0.036699999
148711,2020-10-06,Clinton,Michigan,26037.0,754,14.0,8.0,,,,0.028200001000000002
148712,2020-10-07,Clinton,Michigan,26037.0,762,14.0,8.0,,,,0.0265
148713,2020-10-08,Clinton,Michigan,26037.0,770,14.0,8.0,,,,0.038800001
148714,2020-10-09,Clinton,Michigan,26037.0,779,14.0,9.0,,,,0.039299997999999996
148715,2020-10-10,Clinton,Michigan,26037.0,789,14.0,10.0,,,,0.034699999
148716,2020-10-11,Clinton,Michigan,26037.0,789,14.0,0.0,,,,0.040899999
148717,2020-10-12,Clinton,Michigan,26037.0,805,14.0,16.0,,,,0.05739999900000001
148718,2020-10-13,Clinton,Michigan,26037.0,815,14.0,10.0,,,,0.115
148719,2020-10-14,Clinton,Michigan,26037.0,821,14.0,6.0,,,,0.132
148720,2020-10-15,Clinton,Michigan,26037.0,844,14.0,23.0,,,,0.11199999999999999
148721,2020-10-16,Clinton,Michigan,26037.0,857,14.0,13.0,,,,0.097800002
148722,2020-10-17,Clinton,Michigan,26037.0,857,14.0,0.0,,,,0.09080000199999999
148723,2020-10-18,Clinton,Michigan,26037.0,857,14.0,0.0,,,,0.0832
148724,2020-10-19,Clinton,Michigan,26037.0,906,14.0,49.0,,,,0.07010000200000001
148725,2020-10-20,Clinton,Michigan,26037.0,918,14.0,12.0,,,,0.0154
148726,2020-10-21,Clinton,Michigan,26037.0,963,14.0,45.0,,,,6.2300001e-05
148727,2020-10-22,Clinton,Michigan,26037.0,972,14.0,9.0,,,,0.024599998999999997
148728,2020-10-23,Clinton,Michigan,26037.0,1007,14.0,35.0,,,,0.0162
148729,2020-10-24,Clinton,Michigan,26037.0,1050,15.0,43.0,,,,0.045400000999999995
148730,2020-10-25,Clinton,Michigan,26037.0,1050,15.0,0.0,,,,0.0418
148731,2020-10-26,Clinton,Michigan,26037.0,1091,16.0,41.0,,,,0.0361
148732,2020-10-27,Clinton,Michigan,26037.0,1125,16.0,34.0,,,,0.0634
148733,2020-10-28,Clinton,Michigan,26037.0,1149,16.0,24.0,,,,0.079400003
148734,2020-10-29,Clinton,Michigan,26037.0,1205,16.0,56.0,,,,0.10099999999999999
148735,2020-10-30,Clinton,Michigan,26037.0,1249,16.0,44.0,,,,0.106
148736,2020-10-31,Clinton,Michigan,26037.0,1297,16.0,48.0,,,,0.063000001
148737,2020-11-01,Clinton,Michigan,26037.0,1297,16.0,0.0,,,,0.051399997999999995
148738,2020-11-02,Clinton,Michigan,26037.0,1345,16.0,48.0,,,,0.040800001
148739,2020-11-03,Clinton,Michigan,26037.0,1380,16.0,35.0,,,,0.0207
148740,2020-11-04,Clinton,Michigan,26037.0,1417,16.0,37.0,,,,-0.0253
148741,2020-11-05,Clinton,Michigan,26037.0,1499,17.0,82.0,,,,-0.06459999799999999
148742,2020-11-06,Clinton,Michigan,26037.0,1536,17.0,37.0,,,,-0.051199999
148743,2020-11-07,Clinton,Michigan,26037.0,1577,17.0,41.0,,,,-0.022700001
148744,2020-11-08,Clinton,Michigan,26037.0,1577,17.0,0.0,,,,-0.009429999599999999
148745,2020-11-09,Clinton,Michigan,26037.0,1640,18.0,63.0,,,,0.00064899999
148746,2020-11-10,Clinton,Michigan,26037.0,1692,18.0,52.0,,,,0.0134
148747,2020-11-11,Clinton,Michigan,26037.0,1750,18.0,58.0,,,,0.045400000999999995
148748,2020-11-12,Clinton,Michigan,26037.0,1814,18.0,64.0,,,,0.062799998
148749,2020-11-13,Clinton,Michigan,26037.0,1942,18.0,128.0,,,,0.083800003
148750,2020-11-14,Clinton,Michigan,26037.0,2042,18.0,100.0,,,,0.066600002
148751,2020-11-15,Clinton,Michigan,26037.0,2042,18.0,0.0,,,,0.060400002
148752,2020-11-16,Clinton,Michigan,26037.0,2152,18.0,110.0,,,,0.090899996
148753,2020-11-17,Clinton,Michigan,26037.0,2193,18.0,41.0,,,,0.0867
148754,2020-11-18,Clinton,Michigan,26037.0,2232,18.0,39.0,,,,0.085299999
148755,2020-11-19,Clinton,Michigan,26037.0,2286,18.0,54.0,,,,0.066699997
148756,2020-11-20,Clinton,Michigan,26037.0,2341,18.0,55.0,,,,0.040600002
148757,2020-11-21,Clinton,Michigan,26037.0,2396,19.0,55.0,,,,0.054099999
148758,2020-11-22,Clinton,Michigan,26037.0,2396,19.0,0.0,,,,0.0495
