,date,county,state,fips,cases,deaths,new_cases,emp_combined,emp_combined_inclow,revenue_all,spend_all
149976,2020-03-27,Gratiot,Michigan,26057.0,1,0.0,0.0,,,,-0.28099999
149977,2020-03-28,Gratiot,Michigan,26057.0,2,0.0,1.0,,,,-0.31999999
149978,2020-03-29,Gratiot,Michigan,26057.0,3,0.0,1.0,,,,-0.292
149979,2020-03-30,Gratiot,Michigan,26057.0,3,0.0,0.0,,,,-0.28200001
149980,2020-03-31,Gratiot,Michigan,26057.0,3,0.0,0.0,,,,-0.24100000000000002
149981,2020-04-01,Gratiot,Michigan,26057.0,3,0.0,0.0,,,,-0.067699999
149982,2020-04-02,Gratiot,Michigan,26057.0,5,0.0,2.0,,,,-0.126
149983,2020-04-03,Gratiot,Michigan,26057.0,5,0.0,0.0,,,,-0.11800000000000001
149984,2020-04-04,Gratiot,Michigan,26057.0,5,0.0,0.0,,,,-0.089000002
149985,2020-04-05,Gratiot,Michigan,26057.0,4,0.0,-1.0,,,,-0.114
149986,2020-04-06,Gratiot,Michigan,26057.0,5,0.0,1.0,,,,-0.093800001
149987,2020-04-07,Gratiot,Michigan,26057.0,6,0.0,1.0,,,,-0.171
149988,2020-04-08,Gratiot,Michigan,26057.0,5,0.0,-1.0,,,,-0.26300001
149989,2020-04-09,Gratiot,Michigan,26057.0,6,0.0,1.0,,,,-0.228
149990,2020-04-10,Gratiot,Michigan,26057.0,6,0.0,0.0,,,,-0.20200001
149991,2020-04-11,Gratiot,Michigan,26057.0,7,0.0,1.0,,,,-0.198
149992,2020-04-12,Gratiot,Michigan,26057.0,7,0.0,0.0,,,,-0.175
149993,2020-04-13,Gratiot,Michigan,26057.0,7,0.0,0.0,,,,-0.18600000000000003
149994,2020-04-14,Gratiot,Michigan,26057.0,7,0.0,0.0,,,,-0.090400003
149995,2020-04-15,Gratiot,Michigan,26057.0,7,0.0,0.0,,,,-0.08940000099999999
149996,2020-04-16,Gratiot,Michigan,26057.0,7,0.0,0.0,,,,0.23
149997,2020-04-17,Gratiot,Michigan,26057.0,7,0.0,0.0,,,,0.22899999999999998
149998,2020-04-18,Gratiot,Michigan,26057.0,7,0.0,0.0,,,,0.19
149999,2020-04-19,Gratiot,Michigan,26057.0,8,1.0,1.0,,,,0.0253
150000,2020-04-20,Gratiot,Michigan,26057.0,8,1.0,0.0,,,,0.045200001
150001,2020-04-21,Gratiot,Michigan,26057.0,8,1.0,0.0,,,,0.0601
150002,2020-04-22,Gratiot,Michigan,26057.0,8,1.0,0.0,,,,0.0039400002
150003,2020-04-23,Gratiot,Michigan,26057.0,8,1.0,0.0,,,,-0.0031900001
150004,2020-04-24,Gratiot,Michigan,26057.0,8,1.0,0.0,,,,-0.242
150005,2020-04-25,Gratiot,Michigan,26057.0,8,1.0,0.0,,,,-0.21100000000000002
150006,2020-04-26,Gratiot,Michigan,26057.0,8,1.0,0.0,,,,-0.024599998999999997
150007,2020-04-27,Gratiot,Michigan,26057.0,10,1.0,2.0,,,,0.0058200001
150008,2020-04-28,Gratiot,Michigan,26057.0,10,1.0,0.0,,,,-0.055599999000000004
150009,2020-04-29,Gratiot,Michigan,26057.0,13,1.0,3.0,,,,-0.071000002
150010,2020-04-30,Gratiot,Michigan,26057.0,13,1.0,0.0,,,,0.037000000000000005
150011,2020-05-01,Gratiot,Michigan,26057.0,21,1.0,8.0,,,,0.0524
150012,2020-05-02,Gratiot,Michigan,26057.0,23,1.0,2.0,,,,0.161
150013,2020-05-03,Gratiot,Michigan,26057.0,26,2.0,3.0,,,,0.0832
150014,2020-05-04,Gratiot,Michigan,26057.0,25,2.0,-1.0,,,,0.11
150015,2020-05-05,Gratiot,Michigan,26057.0,26,2.0,1.0,,,,0.16699999999999998
150016,2020-05-06,Gratiot,Michigan,26057.0,26,2.0,0.0,,,,0.221
150017,2020-05-07,Gratiot,Michigan,26057.0,27,2.0,1.0,,,,0.183
150018,2020-05-08,Gratiot,Michigan,26057.0,27,2.0,0.0,,,,0.12300000000000001
150019,2020-05-09,Gratiot,Michigan,26057.0,29,3.0,2.0,,,,0.193
150020,2020-05-10,Gratiot,Michigan,26057.0,36,3.0,7.0,,,,0.212
150021,2020-05-11,Gratiot,Michigan,26057.0,38,4.0,2.0,,,,0.14
150022,2020-05-12,Gratiot,Michigan,26057.0,38,4.0,0.0,,,,0.11199999999999999
150023,2020-05-13,Gratiot,Michigan,26057.0,39,4.0,1.0,,,,0.098499998
150024,2020-05-14,Gratiot,Michigan,26057.0,40,4.0,1.0,,,,0.13600001
150025,2020-05-15,Gratiot,Michigan,26057.0,40,4.0,0.0,,,,0.17900001
150026,2020-05-16,Gratiot,Michigan,26057.0,47,4.0,7.0,,,,0.18799999
150027,2020-05-17,Gratiot,Michigan,26057.0,47,4.0,0.0,,,,0.152
150028,2020-05-18,Gratiot,Michigan,26057.0,54,4.0,7.0,,,,0.168
150029,2020-05-19,Gratiot,Michigan,26057.0,55,4.0,1.0,,,,0.184
150030,2020-05-20,Gratiot,Michigan,26057.0,61,4.0,6.0,,,,0.175
150031,2020-05-21,Gratiot,Michigan,26057.0,62,4.0,1.0,,,,0.154
150032,2020-05-22,Gratiot,Michigan,26057.0,68,5.0,6.0,,,,0.133
150033,2020-05-23,Gratiot,Michigan,26057.0,72,5.0,4.0,,,,0.132
150034,2020-05-24,Gratiot,Michigan,26057.0,75,6.0,3.0,,,,0.147
150035,2020-05-25,Gratiot,Michigan,26057.0,77,6.0,2.0,,,,0.244
150036,2020-05-26,Gratiot,Michigan,26057.0,77,6.0,0.0,,,,0.17299999
150037,2020-05-27,Gratiot,Michigan,26057.0,80,8.0,3.0,,,,0.184
150038,2020-05-28,Gratiot,Michigan,26057.0,80,8.0,0.0,,,,0.24600001
150039,2020-05-29,Gratiot,Michigan,26057.0,80,8.0,0.0,,,,0.21699999
150040,2020-05-30,Gratiot,Michigan,26057.0,80,9.0,0.0,,,,0.21899999999999997
150041,2020-05-31,Gratiot,Michigan,26057.0,80,10.0,0.0,,,,0.26199999
150042,2020-06-01,Gratiot,Michigan,26057.0,80,11.0,0.0,,,,0.242
150043,2020-06-02,Gratiot,Michigan,26057.0,82,11.0,2.0,,,,0.21899999999999997
150044,2020-06-03,Gratiot,Michigan,26057.0,82,11.0,0.0,,,,0.20200001
150045,2020-06-04,Gratiot,Michigan,26057.0,82,11.0,0.0,,,,0.155
150046,2020-06-05,Gratiot,Michigan,26057.0,92,11.0,10.0,,,,0.155
150047,2020-06-06,Gratiot,Michigan,26057.0,94,11.0,2.0,,,,0.18899999999999997
150048,2020-06-07,Gratiot,Michigan,26057.0,94,11.0,0.0,,,,0.18700001
150049,2020-06-08,Gratiot,Michigan,26057.0,94,11.0,0.0,,,,0.17200001
150050,2020-06-09,Gratiot,Michigan,26057.0,94,11.0,0.0,,,,0.21899999999999997
150051,2020-06-10,Gratiot,Michigan,26057.0,94,11.0,0.0,,,,0.184
150052,2020-06-11,Gratiot,Michigan,26057.0,95,11.0,1.0,,,,0.192
150053,2020-06-12,Gratiot,Michigan,26057.0,94,12.0,-1.0,,,,0.177
150054,2020-06-13,Gratiot,Michigan,26057.0,97,12.0,3.0,,,,0.17399999
150055,2020-06-14,Gratiot,Michigan,26057.0,97,12.0,0.0,,,,0.17200001
150056,2020-06-15,Gratiot,Michigan,26057.0,97,12.0,0.0,,,,0.20999999
150057,2020-06-16,Gratiot,Michigan,26057.0,97,12.0,0.0,,,,0.23100001
150058,2020-06-17,Gratiot,Michigan,26057.0,97,12.0,0.0,,,,0.26499999
150059,2020-06-18,Gratiot,Michigan,26057.0,98,12.0,1.0,,,,0.29100001
150060,2020-06-19,Gratiot,Michigan,26057.0,98,13.0,0.0,,,,0.23600000000000002
150061,2020-06-20,Gratiot,Michigan,26057.0,99,13.0,1.0,,,,0.193
150062,2020-06-21,Gratiot,Michigan,26057.0,99,13.0,0.0,,,,0.249
150063,2020-06-22,Gratiot,Michigan,26057.0,99,13.0,0.0,,,,0.24699999
150064,2020-06-23,Gratiot,Michigan,26057.0,99,13.0,0.0,,,,0.20800000000000002
150065,2020-06-24,Gratiot,Michigan,26057.0,99,13.0,0.0,,,,0.19599999
150066,2020-06-25,Gratiot,Michigan,26057.0,98,13.0,-1.0,,,,0.147
150067,2020-06-26,Gratiot,Michigan,26057.0,98,13.0,0.0,,,,0.133
150068,2020-06-27,Gratiot,Michigan,26057.0,98,13.0,0.0,,,,0.162
150069,2020-06-28,Gratiot,Michigan,26057.0,98,13.0,0.0,,,,0.17800000000000002
150070,2020-06-29,Gratiot,Michigan,26057.0,98,13.0,0.0,,,,0.21100000000000002
150071,2020-06-30,Gratiot,Michigan,26057.0,98,13.0,0.0,,,,0.21899999999999997
150072,2020-07-01,Gratiot,Michigan,26057.0,98,13.0,0.0,,,,0.184
150073,2020-07-02,Gratiot,Michigan,26057.0,98,13.0,0.0,,,,0.22
150074,2020-07-03,Gratiot,Michigan,26057.0,99,13.0,1.0,,,,0.23999999
150075,2020-07-04,Gratiot,Michigan,26057.0,99,13.0,0.0,,,,0.29499999
150076,2020-07-05,Gratiot,Michigan,26057.0,100,13.0,1.0,,,,0.27200001
150077,2020-07-06,Gratiot,Michigan,26057.0,101,13.0,1.0,,,,0.24100000000000002
150078,2020-07-07,Gratiot,Michigan,26057.0,102,13.0,1.0,,,,0.266
150079,2020-07-08,Gratiot,Michigan,26057.0,106,14.0,4.0,,,,0.266
150080,2020-07-09,Gratiot,Michigan,26057.0,111,14.0,5.0,,,,0.27200001
150081,2020-07-10,Gratiot,Michigan,26057.0,111,14.0,0.0,,,,0.28799999
150082,2020-07-11,Gratiot,Michigan,26057.0,111,14.0,0.0,,,,0.32499999
150083,2020-07-12,Gratiot,Michigan,26057.0,111,14.0,0.0,,,,0.32600001
150084,2020-07-13,Gratiot,Michigan,26057.0,113,14.0,2.0,,,,0.31900001
150085,2020-07-14,Gratiot,Michigan,26057.0,113,14.0,0.0,,,,0.29699999
150086,2020-07-15,Gratiot,Michigan,26057.0,113,14.0,0.0,,,,0.33799999999999997
150087,2020-07-16,Gratiot,Michigan,26057.0,116,14.0,3.0,,,,0.32600001
150088,2020-07-17,Gratiot,Michigan,26057.0,120,14.0,4.0,,,,0.294
150089,2020-07-18,Gratiot,Michigan,26057.0,121,14.0,1.0,,,,0.27000001
150090,2020-07-19,Gratiot,Michigan,26057.0,121,14.0,0.0,,,,0.244
150091,2020-07-20,Gratiot,Michigan,26057.0,125,14.0,4.0,,,,0.27500001
150092,2020-07-21,Gratiot,Michigan,26057.0,126,15.0,1.0,,,,0.30599999
150093,2020-07-22,Gratiot,Michigan,26057.0,124,15.0,-2.0,,,,0.289
150094,2020-07-23,Gratiot,Michigan,26057.0,126,15.0,2.0,,,,0.287
150095,2020-07-24,Gratiot,Michigan,26057.0,130,15.0,4.0,,,,0.33899999
150096,2020-07-25,Gratiot,Michigan,26057.0,130,15.0,0.0,,,,0.322
150097,2020-07-26,Gratiot,Michigan,26057.0,134,15.0,4.0,,,,0.259
150098,2020-07-27,Gratiot,Michigan,26057.0,140,15.0,6.0,,,,0.25299999
150099,2020-07-28,Gratiot,Michigan,26057.0,140,15.0,0.0,,,,0.255
150100,2020-07-29,Gratiot,Michigan,26057.0,141,15.0,1.0,,,,0.29800001
150101,2020-07-30,Gratiot,Michigan,26057.0,148,15.0,7.0,,,,0.32100001
150102,2020-07-31,Gratiot,Michigan,26057.0,149,15.0,1.0,,,,0.28
150103,2020-08-01,Gratiot,Michigan,26057.0,150,15.0,1.0,,,,0.30899999
150104,2020-08-02,Gratiot,Michigan,26057.0,150,15.0,0.0,,,,0.382
150105,2020-08-03,Gratiot,Michigan,26057.0,151,15.0,1.0,,,,0.359
150106,2020-08-04,Gratiot,Michigan,26057.0,152,15.0,1.0,,,,0.35800001
150107,2020-08-05,Gratiot,Michigan,26057.0,152,15.0,0.0,,,,0.33700001
150108,2020-08-06,Gratiot,Michigan,26057.0,157,15.0,5.0,,,,0.301
150109,2020-08-07,Gratiot,Michigan,26057.0,160,15.0,3.0,,,,0.28600001
150110,2020-08-08,Gratiot,Michigan,26057.0,161,15.0,1.0,,,,0.264
150111,2020-08-09,Gratiot,Michigan,26057.0,162,15.0,1.0,,,,0.26100001
150112,2020-08-10,Gratiot,Michigan,26057.0,162,15.0,0.0,,,,0.266
150113,2020-08-11,Gratiot,Michigan,26057.0,163,15.0,1.0,,,,0.21100000000000002
150114,2020-08-12,Gratiot,Michigan,26057.0,163,15.0,0.0,,,,0.168
150115,2020-08-13,Gratiot,Michigan,26057.0,167,15.0,4.0,,,,0.16500001
150116,2020-08-14,Gratiot,Michigan,26057.0,168,15.0,1.0,,,,0.13699999
150117,2020-08-15,Gratiot,Michigan,26057.0,171,15.0,3.0,,,,0.18099999
150118,2020-08-16,Gratiot,Michigan,26057.0,172,15.0,1.0,,,,0.18799999
150119,2020-08-17,Gratiot,Michigan,26057.0,172,15.0,0.0,,,,0.147
150120,2020-08-18,Gratiot,Michigan,26057.0,174,15.0,2.0,,,,0.147
150121,2020-08-19,Gratiot,Michigan,26057.0,174,15.0,0.0,,,,0.16599999
150122,2020-08-20,Gratiot,Michigan,26057.0,174,15.0,0.0,,,,0.193
150123,2020-08-21,Gratiot,Michigan,26057.0,174,15.0,0.0,,,,0.242
150124,2020-08-22,Gratiot,Michigan,26057.0,177,15.0,3.0,,,,0.19699999999999998
150125,2020-08-23,Gratiot,Michigan,26057.0,179,15.0,2.0,,,,0.141
150126,2020-08-24,Gratiot,Michigan,26057.0,183,15.0,4.0,,,,0.152
150127,2020-08-25,Gratiot,Michigan,26057.0,187,15.0,4.0,,,,0.14399999
150128,2020-08-26,Gratiot,Michigan,26057.0,189,15.0,2.0,,,,0.11199999999999999
150129,2020-08-27,Gratiot,Michigan,26057.0,188,15.0,-1.0,,,,0.091600001
150130,2020-08-28,Gratiot,Michigan,26057.0,189,15.0,1.0,,,,0.115
150131,2020-08-29,Gratiot,Michigan,26057.0,190,15.0,1.0,,,,0.11199999999999999
150132,2020-08-30,Gratiot,Michigan,26057.0,191,15.0,1.0,,,,0.163
150133,2020-08-31,Gratiot,Michigan,26057.0,194,15.0,3.0,,,,0.175
150134,2020-09-01,Gratiot,Michigan,26057.0,195,15.0,1.0,,,,0.18700001
150135,2020-09-02,Gratiot,Michigan,26057.0,196,15.0,1.0,,,,0.191
150136,2020-09-03,Gratiot,Michigan,26057.0,198,15.0,2.0,,,,0.19400001
150137,2020-09-04,Gratiot,Michigan,26057.0,199,15.0,1.0,,,,0.156
150138,2020-09-05,Gratiot,Michigan,26057.0,200,15.0,1.0,,,,0.146
150139,2020-09-06,Gratiot,Michigan,26057.0,200,15.0,0.0,,,,0.16500001
150140,2020-09-07,Gratiot,Michigan,26057.0,206,15.0,6.0,,,,0.182
150141,2020-09-08,Gratiot,Michigan,26057.0,209,15.0,3.0,,,,0.17600000000000002
150142,2020-09-09,Gratiot,Michigan,26057.0,215,15.0,6.0,,,,0.161
150143,2020-09-10,Gratiot,Michigan,26057.0,217,15.0,2.0,,,,0.122
150144,2020-09-11,Gratiot,Michigan,26057.0,217,15.0,0.0,,,,0.115
150145,2020-09-12,Gratiot,Michigan,26057.0,222,15.0,5.0,,,,0.11699999999999999
150146,2020-09-13,Gratiot,Michigan,26057.0,222,15.0,0.0,,,,0.154
150147,2020-09-14,Gratiot,Michigan,26057.0,229,15.0,7.0,,,,0.20100001
150148,2020-09-15,Gratiot,Michigan,26057.0,230,15.0,1.0,,,,0.18700001
150149,2020-09-16,Gratiot,Michigan,26057.0,233,15.0,3.0,,,,0.17900001
150150,2020-09-17,Gratiot,Michigan,26057.0,239,15.0,6.0,,,,0.235
150151,2020-09-18,Gratiot,Michigan,26057.0,244,15.0,5.0,,,,0.23399999999999999
150152,2020-09-19,Gratiot,Michigan,26057.0,250,15.0,6.0,,,,0.26499999
150153,2020-09-20,Gratiot,Michigan,26057.0,250,15.0,0.0,,,,0.294
150154,2020-09-21,Gratiot,Michigan,26057.0,256,15.0,6.0,,,,0.289
150155,2020-09-22,Gratiot,Michigan,26057.0,260,15.0,4.0,,,,0.26100001
150156,2020-09-23,Gratiot,Michigan,26057.0,268,15.0,8.0,,,,0.198
150157,2020-09-24,Gratiot,Michigan,26057.0,269,15.0,1.0,,,,0.215
150158,2020-09-25,Gratiot,Michigan,26057.0,273,15.0,4.0,,,,0.257
150159,2020-09-26,Gratiot,Michigan,26057.0,276,15.0,3.0,,,,0.22400001
150160,2020-09-27,Gratiot,Michigan,26057.0,276,15.0,0.0,,,,0.23800001
150161,2020-09-28,Gratiot,Michigan,26057.0,280,15.0,4.0,,,,0.26499999
150162,2020-09-29,Gratiot,Michigan,26057.0,294,15.0,14.0,,,,0.32100001
150163,2020-09-30,Gratiot,Michigan,26057.0,298,15.0,4.0,,,,0.38499999
150164,2020-10-01,Gratiot,Michigan,26057.0,304,15.0,6.0,,,,0.38
150165,2020-10-02,Gratiot,Michigan,26057.0,304,15.0,0.0,,,,0.373
150166,2020-10-03,Gratiot,Michigan,26057.0,307,15.0,3.0,,,,0.38699999
150167,2020-10-04,Gratiot,Michigan,26057.0,307,15.0,0.0,,,,0.361
150168,2020-10-05,Gratiot,Michigan,26057.0,314,16.0,7.0,,,,0.32699999
150169,2020-10-06,Gratiot,Michigan,26057.0,318,16.0,4.0,,,,0.28400001
150170,2020-10-07,Gratiot,Michigan,26057.0,320,16.0,2.0,,,,0.25799999
150171,2020-10-08,Gratiot,Michigan,26057.0,327,16.0,7.0,,,,0.249
150172,2020-10-09,Gratiot,Michigan,26057.0,337,16.0,10.0,,,,0.23
150173,2020-10-10,Gratiot,Michigan,26057.0,350,16.0,13.0,,,,0.25799999
150174,2020-10-11,Gratiot,Michigan,26057.0,350,16.0,0.0,,,,0.243
150175,2020-10-12,Gratiot,Michigan,26057.0,359,16.0,9.0,,,,0.259
150176,2020-10-13,Gratiot,Michigan,26057.0,372,16.0,13.0,,,,0.26699999
150177,2020-10-14,Gratiot,Michigan,26057.0,383,16.0,11.0,,,,0.29300001
150178,2020-10-15,Gratiot,Michigan,26057.0,395,16.0,12.0,,,,0.29899999
150179,2020-10-16,Gratiot,Michigan,26057.0,395,16.0,0.0,,,,0.28099999
150180,2020-10-17,Gratiot,Michigan,26057.0,395,16.0,0.0,,,,0.26899999
150181,2020-10-18,Gratiot,Michigan,26057.0,395,16.0,0.0,,,,0.25299999
150182,2020-10-19,Gratiot,Michigan,26057.0,415,16.0,20.0,,,,0.233
150183,2020-10-20,Gratiot,Michigan,26057.0,423,16.0,8.0,,,,0.20800000000000002
150184,2020-10-21,Gratiot,Michigan,26057.0,431,16.0,8.0,,,,0.16699999999999998
150185,2020-10-22,Gratiot,Michigan,26057.0,440,16.0,9.0,,,,0.09629999800000001
150186,2020-10-23,Gratiot,Michigan,26057.0,451,16.0,11.0,,,,0.11
150187,2020-10-24,Gratiot,Michigan,26057.0,475,16.0,24.0,,,,0.14399999
150188,2020-10-25,Gratiot,Michigan,26057.0,475,16.0,0.0,,,,0.152
150189,2020-10-26,Gratiot,Michigan,26057.0,505,16.0,30.0,,,,0.193
150190,2020-10-27,Gratiot,Michigan,26057.0,520,16.0,15.0,,,,0.221
150191,2020-10-28,Gratiot,Michigan,26057.0,539,17.0,19.0,,,,0.19400001
150192,2020-10-29,Gratiot,Michigan,26057.0,568,17.0,29.0,,,,0.26699999
150193,2020-10-30,Gratiot,Michigan,26057.0,591,17.0,23.0,,,,0.31799999
150194,2020-10-31,Gratiot,Michigan,26057.0,600,17.0,9.0,,,,0.25799999
150195,2020-11-01,Gratiot,Michigan,26057.0,600,17.0,0.0,,,,0.223
150196,2020-11-02,Gratiot,Michigan,26057.0,640,17.0,40.0,,,,0.17800000000000002
150197,2020-11-03,Gratiot,Michigan,26057.0,667,17.0,27.0,,,,0.147
150198,2020-11-04,Gratiot,Michigan,26057.0,715,17.0,48.0,,,,0.142
150199,2020-11-05,Gratiot,Michigan,26057.0,730,17.0,15.0,,,,0.086499996
150200,2020-11-06,Gratiot,Michigan,26057.0,751,17.0,21.0,,,,0.0592
150201,2020-11-07,Gratiot,Michigan,26057.0,857,18.0,106.0,,,,0.099100001
150202,2020-11-08,Gratiot,Michigan,26057.0,857,18.0,0.0,,,,0.138
150203,2020-11-09,Gratiot,Michigan,26057.0,865,20.0,8.0,,,,0.162
150204,2020-11-10,Gratiot,Michigan,26057.0,875,20.0,10.0,,,,0.15899999
150205,2020-11-11,Gratiot,Michigan,26057.0,886,20.0,11.0,,,,0.20200001
150206,2020-11-12,Gratiot,Michigan,26057.0,943,20.0,57.0,,,,0.214
150207,2020-11-13,Gratiot,Michigan,26057.0,1087,21.0,144.0,,,,0.20900001
150208,2020-11-14,Gratiot,Michigan,26057.0,1065,21.0,-22.0,,,,0.20299999
150209,2020-11-15,Gratiot,Michigan,26057.0,1065,21.0,0.0,,,,0.20299999
150210,2020-11-16,Gratiot,Michigan,26057.0,1135,21.0,70.0,,,,0.16500001
150211,2020-11-17,Gratiot,Michigan,26057.0,1182,21.0,47.0,,,,0.133
150212,2020-11-18,Gratiot,Michigan,26057.0,1203,23.0,21.0,,,,0.17
150213,2020-11-19,Gratiot,Michigan,26057.0,1248,24.0,45.0,,,,0.161
150214,2020-11-20,Gratiot,Michigan,26057.0,1602,25.0,354.0,,,,0.105
150215,2020-11-21,Gratiot,Michigan,26057.0,1351,27.0,-251.0,,,,0.113
150216,2020-11-22,Gratiot,Michigan,26057.0,1351,27.0,0.0,,,,0.156
