,date,county,state,fips,cases,deaths,new_cases,emp_combined,emp_combined_inclow,revenue_all,spend_all
150711,2020-03-25,Iosco,Michigan,26069.0,1,0.0,0.0,,,,-0.21600001
150712,2020-03-26,Iosco,Michigan,26069.0,1,0.0,0.0,,,,-0.243
150713,2020-03-27,Iosco,Michigan,26069.0,1,0.0,0.0,,,,-0.34599999
150714,2020-03-28,Iosco,Michigan,26069.0,1,0.0,0.0,,,,-0.33299999999999996
150715,2020-03-29,Iosco,Michigan,26069.0,1,0.0,0.0,,,,-0.322
150716,2020-03-30,Iosco,Michigan,26069.0,1,0.0,0.0,,,,-0.38299999
150717,2020-03-31,Iosco,Michigan,26069.0,1,0.0,0.0,,,,-0.35800001
150718,2020-04-01,Iosco,Michigan,26069.0,1,0.0,0.0,,,,-0.31799999
150719,2020-04-02,Iosco,Michigan,26069.0,1,0.0,0.0,,,,-0.26800001
150720,2020-04-03,Iosco,Michigan,26069.0,1,0.0,0.0,,,,-0.271
150721,2020-04-04,Iosco,Michigan,26069.0,2,1.0,1.0,,,,-0.26300001
150722,2020-04-05,Iosco,Michigan,26069.0,3,1.0,1.0,,,,-0.29300001
150723,2020-04-06,Iosco,Michigan,26069.0,3,1.0,0.0,,,,-0.27599999
150724,2020-04-07,Iosco,Michigan,26069.0,4,1.0,1.0,,,,-0.26699999
150725,2020-04-08,Iosco,Michigan,26069.0,4,1.0,0.0,,,,-0.271
150726,2020-04-09,Iosco,Michigan,26069.0,4,1.0,0.0,,,,-0.26499999
150727,2020-04-10,Iosco,Michigan,26069.0,4,1.0,0.0,,,,-0.23
150728,2020-04-11,Iosco,Michigan,26069.0,5,1.0,1.0,,,,-0.26499999
150729,2020-04-12,Iosco,Michigan,26069.0,4,1.0,-1.0,,,,-0.28799999
150730,2020-04-13,Iosco,Michigan,26069.0,4,1.0,0.0,,,,-0.28
150731,2020-04-14,Iosco,Michigan,26069.0,4,1.0,0.0,,,,-0.278
150732,2020-04-15,Iosco,Michigan,26069.0,4,1.0,0.0,,,,-0.28200001
150733,2020-04-16,Iosco,Michigan,26069.0,6,1.0,2.0,,,,-0.30000001
150734,2020-04-17,Iosco,Michigan,26069.0,8,1.0,2.0,,,,-0.31099999
150735,2020-04-18,Iosco,Michigan,26069.0,11,1.0,3.0,,,,-0.30000001
150736,2020-04-19,Iosco,Michigan,26069.0,11,1.0,0.0,,,,-0.26699999
150737,2020-04-20,Iosco,Michigan,26069.0,13,2.0,2.0,,,,-0.27900001
150738,2020-04-21,Iosco,Michigan,26069.0,15,2.0,2.0,,,,-0.26199999
150739,2020-04-22,Iosco,Michigan,26069.0,15,2.0,0.0,,,,-0.25099999
150740,2020-04-23,Iosco,Michigan,26069.0,21,3.0,6.0,,,,-0.22699999999999998
150741,2020-04-24,Iosco,Michigan,26069.0,29,4.0,8.0,,,,-0.20999999
150742,2020-04-25,Iosco,Michigan,26069.0,29,4.0,0.0,,,,-0.185
150743,2020-04-26,Iosco,Michigan,26069.0,33,4.0,4.0,,,,-0.185
150744,2020-04-27,Iosco,Michigan,26069.0,41,4.0,8.0,,,,-0.139
150745,2020-04-28,Iosco,Michigan,26069.0,48,4.0,7.0,,,,-0.175
150746,2020-04-29,Iosco,Michigan,26069.0,47,4.0,-1.0,,,,-0.171
150747,2020-04-30,Iosco,Michigan,26069.0,52,4.0,5.0,,,,-0.162
150748,2020-05-01,Iosco,Michigan,26069.0,51,7.0,-1.0,,,,-0.21100000000000002
150749,2020-05-02,Iosco,Michigan,26069.0,52,7.0,1.0,,,,-0.183
150750,2020-05-03,Iosco,Michigan,26069.0,52,7.0,0.0,,,,-0.18899999999999997
150751,2020-05-04,Iosco,Michigan,26069.0,52,7.0,0.0,,,,-0.19699999999999998
150752,2020-05-05,Iosco,Michigan,26069.0,52,7.0,0.0,,,,-0.192
150753,2020-05-06,Iosco,Michigan,26069.0,53,7.0,1.0,,,,-0.16500001
150754,2020-05-07,Iosco,Michigan,26069.0,54,8.0,1.0,,,,-0.133
150755,2020-05-08,Iosco,Michigan,26069.0,54,8.0,0.0,,,,-0.076399997
150756,2020-05-09,Iosco,Michigan,26069.0,54,8.0,0.0,,,,-0.0766
150757,2020-05-10,Iosco,Michigan,26069.0,55,8.0,1.0,,,,-0.041099999
150758,2020-05-11,Iosco,Michigan,26069.0,55,8.0,0.0,,,,0.0154
150759,2020-05-12,Iosco,Michigan,26069.0,55,8.0,0.0,,,,0.024700001
150760,2020-05-13,Iosco,Michigan,26069.0,55,8.0,0.0,,,,0.0307
150761,2020-05-14,Iosco,Michigan,26069.0,56,8.0,1.0,,,,-0.0196
150762,2020-05-15,Iosco,Michigan,26069.0,57,8.0,1.0,,,,-0.0427
150763,2020-05-16,Iosco,Michigan,26069.0,58,8.0,1.0,,,,-0.043400000999999994
150764,2020-05-17,Iosco,Michigan,26069.0,58,8.0,0.0,,,,-0.0277
150765,2020-05-18,Iosco,Michigan,26069.0,59,8.0,1.0,,,,-0.059900000999999994
150766,2020-05-19,Iosco,Michigan,26069.0,65,8.0,6.0,,,,-0.053399999000000004
150767,2020-05-20,Iosco,Michigan,26069.0,71,9.0,6.0,,,,-0.0854
150768,2020-05-21,Iosco,Michigan,26069.0,73,9.0,2.0,,,,-0.07020000400000001
150769,2020-05-22,Iosco,Michigan,26069.0,76,9.0,3.0,,,,-0.115
150770,2020-05-23,Iosco,Michigan,26069.0,77,9.0,1.0,,,,-0.132
150771,2020-05-24,Iosco,Michigan,26069.0,77,9.0,0.0,,,,-0.11
150772,2020-05-25,Iosco,Michigan,26069.0,82,9.0,5.0,,,,-0.098700002
150773,2020-05-26,Iosco,Michigan,26069.0,84,9.0,2.0,,,,-0.115
150774,2020-05-27,Iosco,Michigan,26069.0,89,9.0,5.0,,,,-0.12800001
150775,2020-05-28,Iosco,Michigan,26069.0,90,9.0,1.0,,,,-0.13699999
150776,2020-05-29,Iosco,Michigan,26069.0,94,9.0,4.0,,,,-0.095700003
150777,2020-05-30,Iosco,Michigan,26069.0,94,9.0,0.0,,,,-0.05550000099999999
150778,2020-05-31,Iosco,Michigan,26069.0,94,9.0,0.0,,,,-0.090099998
150779,2020-06-01,Iosco,Michigan,26069.0,112,9.0,18.0,,,,-0.0832
150780,2020-06-02,Iosco,Michigan,26069.0,112,9.0,0.0,,,,-0.07630000299999999
150781,2020-06-03,Iosco,Michigan,26069.0,112,9.0,0.0,,,,-0.047400001
150782,2020-06-04,Iosco,Michigan,26069.0,111,9.0,-1.0,,,,0.051399997999999995
150783,2020-06-05,Iosco,Michigan,26069.0,111,8.0,0.0,,,,0.094099998
150784,2020-06-06,Iosco,Michigan,26069.0,111,10.0,0.0,,,,0.0383
150785,2020-06-07,Iosco,Michigan,26069.0,111,10.0,0.0,,,,0.0096399998
150786,2020-06-08,Iosco,Michigan,26069.0,111,10.0,0.0,,,,0.0506
150787,2020-06-09,Iosco,Michigan,26069.0,111,10.0,0.0,,,,0.042199999
150788,2020-06-10,Iosco,Michigan,26069.0,111,10.0,0.0,,,,-0.034499998999999996
150789,2020-06-11,Iosco,Michigan,26069.0,111,10.0,0.0,,,,-0.068000004
150790,2020-06-12,Iosco,Michigan,26069.0,112,10.0,1.0,,,,-0.082999997
150791,2020-06-13,Iosco,Michigan,26069.0,112,10.0,0.0,,,,-0.058499999000000004
150792,2020-06-14,Iosco,Michigan,26069.0,112,10.0,0.0,,,,-0.032499999
150793,2020-06-15,Iosco,Michigan,26069.0,112,10.0,0.0,,,,-0.075900003
150794,2020-06-16,Iosco,Michigan,26069.0,112,10.0,0.0,,,,-0.105
150795,2020-06-17,Iosco,Michigan,26069.0,112,10.0,0.0,,,,-0.091300003
150796,2020-06-18,Iosco,Michigan,26069.0,112,10.0,0.0,,,,-0.10099999999999999
150797,2020-06-19,Iosco,Michigan,26069.0,112,10.0,0.0,,,,-0.031300001
150798,2020-06-20,Iosco,Michigan,26069.0,112,10.0,0.0,,,,0.0017699999999999999
150799,2020-06-21,Iosco,Michigan,26069.0,112,10.0,0.0,,,,0.031800002
150800,2020-06-22,Iosco,Michigan,26069.0,112,10.0,0.0,,,,0.071199998
150801,2020-06-23,Iosco,Michigan,26069.0,112,10.0,0.0,,,,0.11900000000000001
150802,2020-06-24,Iosco,Michigan,26069.0,112,10.0,0.0,,,,0.16
150803,2020-06-25,Iosco,Michigan,26069.0,112,10.0,0.0,,,,0.161
150804,2020-06-26,Iosco,Michigan,26069.0,112,10.0,0.0,,,,-0.0023399999
150805,2020-06-27,Iosco,Michigan,26069.0,112,10.0,0.0,,,,0.0229
150806,2020-06-28,Iosco,Michigan,26069.0,112,10.0,0.0,,,,-0.016000001
150807,2020-06-29,Iosco,Michigan,26069.0,113,10.0,1.0,,,,-0.0264
150808,2020-06-30,Iosco,Michigan,26069.0,113,10.0,0.0,,,,-0.019300001
150809,2020-07-01,Iosco,Michigan,26069.0,114,11.0,1.0,,,,0.0044399997999999994
150810,2020-07-02,Iosco,Michigan,26069.0,116,11.0,2.0,,,,0.036400001
150811,2020-07-03,Iosco,Michigan,26069.0,118,11.0,2.0,,,,0.047400001
150812,2020-07-04,Iosco,Michigan,26069.0,118,11.0,0.0,,,,0.114
150813,2020-07-05,Iosco,Michigan,26069.0,118,11.0,0.0,,,,0.09489999699999999
150814,2020-07-06,Iosco,Michigan,26069.0,118,11.0,0.0,,,,0.094300002
150815,2020-07-07,Iosco,Michigan,26069.0,118,11.0,0.0,,,,0.062399998
150816,2020-07-08,Iosco,Michigan,26069.0,118,11.0,0.0,,,,0.0078400001
150817,2020-07-09,Iosco,Michigan,26069.0,120,11.0,2.0,,,,-0.06859999900000001
150818,2020-07-10,Iosco,Michigan,26069.0,121,11.0,1.0,,,,-0.074699998
150819,2020-07-11,Iosco,Michigan,26069.0,121,11.0,0.0,,,,-0.091399997
150820,2020-07-12,Iosco,Michigan,26069.0,122,11.0,1.0,,,,-0.10800000000000001
150821,2020-07-13,Iosco,Michigan,26069.0,122,11.0,0.0,,,,-0.155
150822,2020-07-14,Iosco,Michigan,26069.0,122,11.0,0.0,,,,-0.145
150823,2020-07-15,Iosco,Michigan,26069.0,122,11.0,0.0,,,,-0.20600000000000002
150824,2020-07-16,Iosco,Michigan,26069.0,122,11.0,0.0,,,,-0.082999997
150825,2020-07-17,Iosco,Michigan,26069.0,122,11.0,0.0,,,,-0.0792
150826,2020-07-18,Iosco,Michigan,26069.0,122,11.0,0.0,,,,-0.074600004
150827,2020-07-19,Iosco,Michigan,26069.0,122,11.0,0.0,,,,-0.064000003
150828,2020-07-20,Iosco,Michigan,26069.0,123,11.0,1.0,,,,-0.054400000999999996
150829,2020-07-21,Iosco,Michigan,26069.0,123,11.0,0.0,,,,-0.033599999
150830,2020-07-22,Iosco,Michigan,26069.0,124,11.0,1.0,,,,-0.059300002000000004
150831,2020-07-23,Iosco,Michigan,26069.0,124,11.0,0.0,,,,0.0244
150832,2020-07-24,Iosco,Michigan,26069.0,124,11.0,0.0,,,,-0.034699999
150833,2020-07-25,Iosco,Michigan,26069.0,124,11.0,0.0,,,,-0.015699999
150834,2020-07-26,Iosco,Michigan,26069.0,124,11.0,0.0,,,,-0.052999999000000006
150835,2020-07-27,Iosco,Michigan,26069.0,124,11.0,0.0,,,,-0.0287
150836,2020-07-28,Iosco,Michigan,26069.0,126,11.0,2.0,,,,-0.0559
150837,2020-07-29,Iosco,Michigan,26069.0,128,12.0,2.0,,,,-0.0372
150838,2020-07-30,Iosco,Michigan,26069.0,128,12.0,0.0,,,,-0.0634
150839,2020-07-31,Iosco,Michigan,26069.0,129,12.0,1.0,,,,-0.061099999
150840,2020-08-01,Iosco,Michigan,26069.0,129,12.0,0.0,,,,-0.090499997
150841,2020-08-02,Iosco,Michigan,26069.0,129,12.0,0.0,,,,-0.074199997
150842,2020-08-03,Iosco,Michigan,26069.0,129,12.0,0.0,,,,-0.095299996
150843,2020-08-04,Iosco,Michigan,26069.0,129,12.0,0.0,,,,-0.092
150844,2020-08-05,Iosco,Michigan,26069.0,129,12.0,0.0,,,,-0.09350000300000001
150845,2020-08-06,Iosco,Michigan,26069.0,130,12.0,1.0,,,,-0.090099998
150846,2020-08-07,Iosco,Michigan,26069.0,130,12.0,0.0,,,,-0.0858
150847,2020-08-08,Iosco,Michigan,26069.0,130,12.0,0.0,,,,-0.074900001
150848,2020-08-09,Iosco,Michigan,26069.0,131,12.0,1.0,,,,-0.08800000000000001
150849,2020-08-10,Iosco,Michigan,26069.0,134,12.0,3.0,,,,-0.115
150850,2020-08-11,Iosco,Michigan,26069.0,134,12.0,0.0,,,,-0.13500001
150851,2020-08-12,Iosco,Michigan,26069.0,134,12.0,0.0,,,,-0.15099999
150852,2020-08-13,Iosco,Michigan,26069.0,135,12.0,1.0,,,,-0.125
150853,2020-08-14,Iosco,Michigan,26069.0,136,12.0,1.0,,,,-0.147
150854,2020-08-15,Iosco,Michigan,26069.0,136,12.0,0.0,,,,-0.18000001
150855,2020-08-16,Iosco,Michigan,26069.0,136,12.0,0.0,,,,-0.162
150856,2020-08-17,Iosco,Michigan,26069.0,136,12.0,0.0,,,,-0.145
150857,2020-08-18,Iosco,Michigan,26069.0,138,12.0,2.0,,,,-0.162
150858,2020-08-19,Iosco,Michigan,26069.0,138,12.0,0.0,,,,-0.152
150859,2020-08-20,Iosco,Michigan,26069.0,138,12.0,0.0,,,,-0.149
150860,2020-08-21,Iosco,Michigan,26069.0,138,12.0,0.0,,,,-0.1
150861,2020-08-22,Iosco,Michigan,26069.0,140,12.0,2.0,,,,-0.056299999
150862,2020-08-23,Iosco,Michigan,26069.0,140,12.0,0.0,,,,-0.0359
150863,2020-08-24,Iosco,Michigan,26069.0,140,12.0,0.0,,,,-0.067400001
150864,2020-08-25,Iosco,Michigan,26069.0,141,12.0,1.0,,,,-0.048500000999999994
150865,2020-08-26,Iosco,Michigan,26069.0,141,12.0,0.0,,,,-0.056600001
150866,2020-08-27,Iosco,Michigan,26069.0,141,12.0,0.0,,,,-0.0471
150867,2020-08-28,Iosco,Michigan,26069.0,141,12.0,0.0,,,,-0.0601
150868,2020-08-29,Iosco,Michigan,26069.0,141,12.0,0.0,,,,0.0063900002
150869,2020-08-30,Iosco,Michigan,26069.0,143,12.0,2.0,,,,0.0037600000000000003
150870,2020-08-31,Iosco,Michigan,26069.0,143,12.0,0.0,,,,0.0102
150871,2020-09-01,Iosco,Michigan,26069.0,143,12.0,0.0,,,,0.071900003
150872,2020-09-02,Iosco,Michigan,26069.0,143,12.0,0.0,,,,0.0429
150873,2020-09-03,Iosco,Michigan,26069.0,145,12.0,2.0,,,,0.050700000999999995
150874,2020-09-04,Iosco,Michigan,26069.0,149,12.0,4.0,,,,0.034000002
150875,2020-09-05,Iosco,Michigan,26069.0,153,12.0,4.0,,,,0.0184
150876,2020-09-06,Iosco,Michigan,26069.0,153,12.0,0.0,,,,0.048900001
150877,2020-09-07,Iosco,Michigan,26069.0,155,12.0,2.0,,,,0.0845
150878,2020-09-08,Iosco,Michigan,26069.0,157,12.0,2.0,,,,0.06329999900000001
150879,2020-09-09,Iosco,Michigan,26069.0,158,12.0,1.0,,,,0.082999997
150880,2020-09-10,Iosco,Michigan,26069.0,159,12.0,1.0,,,,0.043900002
150881,2020-09-11,Iosco,Michigan,26069.0,160,12.0,1.0,,,,0.060899999
150882,2020-09-12,Iosco,Michigan,26069.0,167,12.0,7.0,,,,0.0119
150883,2020-09-13,Iosco,Michigan,26069.0,167,12.0,0.0,,,,0.020500001
150884,2020-09-14,Iosco,Michigan,26069.0,174,12.0,7.0,,,,-0.00187
150885,2020-09-15,Iosco,Michigan,26069.0,176,12.0,2.0,,,,-0.0196
150886,2020-09-16,Iosco,Michigan,26069.0,176,12.0,0.0,,,,-0.07150000299999999
150887,2020-09-17,Iosco,Michigan,26069.0,177,12.0,1.0,,,,-0.048700001
150888,2020-09-18,Iosco,Michigan,26069.0,181,12.0,4.0,,,,-0.0083100004
150889,2020-09-19,Iosco,Michigan,26069.0,190,12.0,9.0,,,,-0.029100001
150890,2020-09-20,Iosco,Michigan,26069.0,190,12.0,0.0,,,,-0.0306
150891,2020-09-21,Iosco,Michigan,26069.0,204,12.0,14.0,,,,-0.0261
150892,2020-09-22,Iosco,Michigan,26069.0,205,12.0,1.0,,,,-0.0036500001
150893,2020-09-23,Iosco,Michigan,26069.0,209,12.0,4.0,,,,-0.033300001
150894,2020-09-24,Iosco,Michigan,26069.0,213,12.0,4.0,,,,-0.041900001
150895,2020-09-25,Iosco,Michigan,26069.0,215,12.0,2.0,,,,-0.0942
150896,2020-09-26,Iosco,Michigan,26069.0,219,12.0,4.0,,,,-0.0273
150897,2020-09-27,Iosco,Michigan,26069.0,219,12.0,0.0,,,,-0.018100001
150898,2020-09-28,Iosco,Michigan,26069.0,222,12.0,3.0,,,,-0.0559
150899,2020-09-29,Iosco,Michigan,26069.0,223,12.0,1.0,,,,-0.019400001
150900,2020-09-30,Iosco,Michigan,26069.0,228,12.0,5.0,,,,-0.018100001
150901,2020-10-01,Iosco,Michigan,26069.0,231,13.0,3.0,,,,0.074299999
150902,2020-10-02,Iosco,Michigan,26069.0,231,13.0,0.0,,,,0.070799999
150903,2020-10-03,Iosco,Michigan,26069.0,236,13.0,5.0,,,,0.017200001
150904,2020-10-04,Iosco,Michigan,26069.0,236,13.0,0.0,,,,-0.018100001
150905,2020-10-05,Iosco,Michigan,26069.0,238,13.0,2.0,,,,0.0048199999
150906,2020-10-06,Iosco,Michigan,26069.0,240,13.0,2.0,,,,-0.070799999
150907,2020-10-07,Iosco,Michigan,26069.0,241,13.0,1.0,,,,-0.113
150908,2020-10-08,Iosco,Michigan,26069.0,243,13.0,2.0,,,,-0.11800000000000001
150909,2020-10-09,Iosco,Michigan,26069.0,244,13.0,1.0,,,,-0.11800000000000001
150910,2020-10-10,Iosco,Michigan,26069.0,246,13.0,2.0,,,,-0.106
150911,2020-10-11,Iosco,Michigan,26069.0,246,13.0,0.0,,,,-0.079899997
150912,2020-10-12,Iosco,Michigan,26069.0,250,13.0,4.0,,,,-0.08070000299999999
150913,2020-10-13,Iosco,Michigan,26069.0,251,14.0,1.0,,,,-0.048599999000000005
150914,2020-10-14,Iosco,Michigan,26069.0,252,14.0,1.0,,,,-0.0392
150915,2020-10-15,Iosco,Michigan,26069.0,253,14.0,1.0,,,,-0.0337
150916,2020-10-16,Iosco,Michigan,26069.0,255,14.0,2.0,,,,-0.031300001
150917,2020-10-17,Iosco,Michigan,26069.0,255,14.0,0.0,,,,-0.025599999
150918,2020-10-18,Iosco,Michigan,26069.0,255,14.0,0.0,,,,-0.0429
150919,2020-10-19,Iosco,Michigan,26069.0,270,15.0,15.0,,,,-0.0165
150920,2020-10-20,Iosco,Michigan,26069.0,270,15.0,0.0,,,,-0.026000001000000002
150921,2020-10-21,Iosco,Michigan,26069.0,270,15.0,0.0,,,,-0.0129
150922,2020-10-22,Iosco,Michigan,26069.0,273,15.0,3.0,,,,-0.029200001
150923,2020-10-23,Iosco,Michigan,26069.0,273,15.0,0.0,,,,-0.0113
150924,2020-10-24,Iosco,Michigan,26069.0,277,16.0,4.0,,,,-0.0020699998999999998
150925,2020-10-25,Iosco,Michigan,26069.0,277,16.0,0.0,,,,0.037000000000000005
150926,2020-10-26,Iosco,Michigan,26069.0,283,16.0,6.0,,,,0.0537
150927,2020-10-27,Iosco,Michigan,26069.0,289,16.0,6.0,,,,0.0286
150928,2020-10-28,Iosco,Michigan,26069.0,294,16.0,5.0,,,,0.016799999
150929,2020-10-29,Iosco,Michigan,26069.0,303,16.0,9.0,,,,-0.0029200001
150930,2020-10-30,Iosco,Michigan,26069.0,309,16.0,6.0,,,,-0.031399999
150931,2020-10-31,Iosco,Michigan,26069.0,314,16.0,5.0,,,,-0.0233
150932,2020-11-01,Iosco,Michigan,26069.0,314,16.0,0.0,,,,-0.055300000999999994
150933,2020-11-02,Iosco,Michigan,26069.0,326,16.0,12.0,,,,-0.08820000300000001
150934,2020-11-03,Iosco,Michigan,26069.0,338,17.0,12.0,,,,-0.082400002
150935,2020-11-04,Iosco,Michigan,26069.0,348,17.0,10.0,,,,-0.10099999999999999
150936,2020-11-05,Iosco,Michigan,26069.0,360,17.0,12.0,,,,-0.065099999
150937,2020-11-06,Iosco,Michigan,26069.0,363,17.0,3.0,,,,-0.035500001
150938,2020-11-07,Iosco,Michigan,26069.0,377,17.0,14.0,,,,-0.054000001
150939,2020-11-08,Iosco,Michigan,26069.0,377,17.0,0.0,,,,-0.050999999000000004
150940,2020-11-09,Iosco,Michigan,26069.0,394,18.0,17.0,,,,-0.032099999
150941,2020-11-10,Iosco,Michigan,26069.0,413,18.0,19.0,,,,-0.0305
150942,2020-11-11,Iosco,Michigan,26069.0,428,18.0,15.0,,,,0.00447
150943,2020-11-12,Iosco,Michigan,26069.0,436,18.0,8.0,,,,-0.067000002
150944,2020-11-13,Iosco,Michigan,26069.0,458,19.0,22.0,,,,-0.054200001
150945,2020-11-14,Iosco,Michigan,26069.0,477,19.0,19.0,,,,-0.0298
150946,2020-11-15,Iosco,Michigan,26069.0,477,19.0,0.0,,,,-0.064400002
150947,2020-11-16,Iosco,Michigan,26069.0,505,19.0,28.0,,,,-0.039000001
150948,2020-11-17,Iosco,Michigan,26069.0,522,19.0,17.0,,,,-0.0418
150949,2020-11-18,Iosco,Michigan,26069.0,564,19.0,42.0,,,,-0.044300001
150950,2020-11-19,Iosco,Michigan,26069.0,573,19.0,9.0,,,,0.0128
150951,2020-11-20,Iosco,Michigan,26069.0,582,19.0,9.0,,,,0.0048799999
150952,2020-11-21,Iosco,Michigan,26069.0,591,20.0,9.0,,,,-0.0195
150953,2020-11-22,Iosco,Michigan,26069.0,591,20.0,0.0,,,,-0.0055900002
