,date,county,state,fips,cases,deaths,new_cases,emp_combined,emp_combined_inclow,revenue_all,spend_all
161594,2020-04-01,Freeborn,Minnesota,27047.0,2,0.0,0.0,,,,-0.37900001
161595,2020-04-02,Freeborn,Minnesota,27047.0,5,0.0,3.0,,,,-0.34299999
161596,2020-04-03,Freeborn,Minnesota,27047.0,7,0.0,2.0,,,,-0.30700001
161597,2020-04-04,Freeborn,Minnesota,27047.0,10,0.0,3.0,,,,-0.26899999
161598,2020-04-05,Freeborn,Minnesota,27047.0,10,0.0,0.0,,,,-0.23600000000000002
161599,2020-04-06,Freeborn,Minnesota,27047.0,11,0.0,1.0,,,,-0.213
161600,2020-04-07,Freeborn,Minnesota,27047.0,14,0.0,3.0,,,,-0.19699999999999998
161601,2020-04-08,Freeborn,Minnesota,27047.0,17,0.0,3.0,,,,-0.192
161602,2020-04-09,Freeborn,Minnesota,27047.0,20,0.0,3.0,,,,-0.18099999
161603,2020-04-10,Freeborn,Minnesota,27047.0,21,0.0,1.0,,,,-0.15099999
161604,2020-04-11,Freeborn,Minnesota,27047.0,22,0.0,1.0,,,,-0.14399999
161605,2020-04-12,Freeborn,Minnesota,27047.0,24,0.0,2.0,,,,-0.182
161606,2020-04-13,Freeborn,Minnesota,27047.0,24,0.0,0.0,,,,-0.215
161607,2020-04-14,Freeborn,Minnesota,27047.0,27,0.0,3.0,,,,-0.193
161608,2020-04-15,Freeborn,Minnesota,27047.0,27,0.0,0.0,,,,-0.152
161609,2020-04-16,Freeborn,Minnesota,27047.0,29,0.0,2.0,,,,-0.11800000000000001
161610,2020-04-17,Freeborn,Minnesota,27047.0,28,0.0,-1.0,,,,-0.07379999799999999
161611,2020-04-18,Freeborn,Minnesota,27047.0,31,0.0,3.0,,,,-0.069600001
161612,2020-04-19,Freeborn,Minnesota,27047.0,34,0.0,3.0,,,,-0.0352
161613,2020-04-20,Freeborn,Minnesota,27047.0,33,0.0,-1.0,,,,-0.0008140000299999999
161614,2020-04-21,Freeborn,Minnesota,27047.0,33,0.0,0.0,,,,0.041299999
161615,2020-04-22,Freeborn,Minnesota,27047.0,33,0.0,0.0,,,,0.0197
161616,2020-04-23,Freeborn,Minnesota,27047.0,33,0.0,0.0,,,,-0.00125
161617,2020-04-24,Freeborn,Minnesota,27047.0,33,0.0,0.0,,,,-0.0416
161618,2020-04-25,Freeborn,Minnesota,27047.0,33,0.0,0.0,,,,-0.0361
161619,2020-04-26,Freeborn,Minnesota,27047.0,33,0.0,0.0,,,,-0.0116
161620,2020-04-27,Freeborn,Minnesota,27047.0,33,0.0,0.0,,,,0.0165
161621,2020-04-28,Freeborn,Minnesota,27047.0,34,0.0,1.0,,,,0.0077900002
161622,2020-04-29,Freeborn,Minnesota,27047.0,34,0.0,0.0,,,,0.046500001
161623,2020-04-30,Freeborn,Minnesota,27047.0,34,0.0,0.0,,,,0.033300001
161624,2020-05-01,Freeborn,Minnesota,27047.0,35,0.0,1.0,,,,0.025599999
161625,2020-05-02,Freeborn,Minnesota,27047.0,35,0.0,0.0,,,,0.05090000099999999
161626,2020-05-03,Freeborn,Minnesota,27047.0,35,0.0,0.0,,,,0.057100002000000004
161627,2020-05-04,Freeborn,Minnesota,27047.0,36,0.0,1.0,,,,0.0195
161628,2020-05-05,Freeborn,Minnesota,27047.0,37,0.0,1.0,,,,0.048099998
161629,2020-05-06,Freeborn,Minnesota,27047.0,38,0.0,1.0,,,,0.0394
161630,2020-05-07,Freeborn,Minnesota,27047.0,39,0.0,1.0,,,,0.06710000299999999
161631,2020-05-08,Freeborn,Minnesota,27047.0,41,0.0,2.0,,,,0.07289999700000001
161632,2020-05-09,Freeborn,Minnesota,27047.0,43,0.0,2.0,,,,0.032699998
161633,2020-05-10,Freeborn,Minnesota,27047.0,44,0.0,1.0,,,,0.00624
161634,2020-05-11,Freeborn,Minnesota,27047.0,46,0.0,2.0,,,,0.0132
161635,2020-05-12,Freeborn,Minnesota,27047.0,46,0.0,0.0,,,,-0.036800001
161636,2020-05-13,Freeborn,Minnesota,27047.0,46,0.0,0.0,,,,-0.032600001
161637,2020-05-14,Freeborn,Minnesota,27047.0,52,0.0,6.0,,,,-0.032099999
161638,2020-05-15,Freeborn,Minnesota,27047.0,55,0.0,3.0,,,,-0.044000000000000004
161639,2020-05-16,Freeborn,Minnesota,27047.0,61,0.0,6.0,,,,-0.020500001
161640,2020-05-17,Freeborn,Minnesota,27047.0,61,0.0,0.0,,,,-0.0129
161641,2020-05-18,Freeborn,Minnesota,27047.0,61,0.0,0.0,,,,-0.0131
161642,2020-05-19,Freeborn,Minnesota,27047.0,63,0.0,2.0,,,,0.0053699999
161643,2020-05-20,Freeborn,Minnesota,27047.0,67,0.0,4.0,,,,0.00155
161644,2020-05-21,Freeborn,Minnesota,27047.0,73,0.0,6.0,,,,-0.018100001
161645,2020-05-22,Freeborn,Minnesota,27047.0,76,0.0,3.0,,,,-0.0173
161646,2020-05-23,Freeborn,Minnesota,27047.0,82,0.0,6.0,,,,-0.038400002
161647,2020-05-24,Freeborn,Minnesota,27047.0,84,0.0,2.0,,,,-0.037000000000000005
161648,2020-05-25,Freeborn,Minnesota,27047.0,93,0.0,9.0,,,,-0.0138
161649,2020-05-26,Freeborn,Minnesota,27047.0,97,0.0,4.0,,,,-0.024
161650,2020-05-27,Freeborn,Minnesota,27047.0,97,0.0,0.0,,,,-0.0272
161651,2020-05-28,Freeborn,Minnesota,27047.0,102,0.0,5.0,,,,-0.0195
161652,2020-05-29,Freeborn,Minnesota,27047.0,108,0.0,6.0,,,,-0.016899999
161653,2020-05-30,Freeborn,Minnesota,27047.0,115,0.0,7.0,,,,-0.028100001
161654,2020-05-31,Freeborn,Minnesota,27047.0,117,0.0,2.0,,,,-0.066299997
161655,2020-06-01,Freeborn,Minnesota,27047.0,125,0.0,8.0,,,,-0.0605
161656,2020-06-02,Freeborn,Minnesota,27047.0,130,0.0,5.0,,,,-0.07970000099999999
161657,2020-06-03,Freeborn,Minnesota,27047.0,130,0.0,0.0,,,,-0.082000002
161658,2020-06-04,Freeborn,Minnesota,27047.0,142,0.0,12.0,,,,-0.062100000999999995
161659,2020-06-05,Freeborn,Minnesota,27047.0,159,0.0,17.0,,,,-0.0244
161660,2020-06-06,Freeborn,Minnesota,27047.0,170,0.0,11.0,,,,0.034400001
161661,2020-06-07,Freeborn,Minnesota,27047.0,177,0.0,7.0,,,,0.106
161662,2020-06-08,Freeborn,Minnesota,27047.0,185,0.0,8.0,,,,0.09399999699999999
161663,2020-06-09,Freeborn,Minnesota,27047.0,188,0.0,3.0,,,,0.114
161664,2020-06-10,Freeborn,Minnesota,27047.0,197,0.0,9.0,,,,0.12300000000000001
161665,2020-06-11,Freeborn,Minnesota,27047.0,200,0.0,3.0,,,,0.095700003
161666,2020-06-12,Freeborn,Minnesota,27047.0,217,0.0,17.0,,,,0.0273
161667,2020-06-13,Freeborn,Minnesota,27047.0,218,0.0,1.0,,,,-0.0121
161668,2020-06-14,Freeborn,Minnesota,27047.0,221,0.0,3.0,,,,-0.053800002
161669,2020-06-15,Freeborn,Minnesota,27047.0,220,0.0,-1.0,,,,-0.0352
161670,2020-06-16,Freeborn,Minnesota,27047.0,222,0.0,2.0,,,,-0.044799998
161671,2020-06-17,Freeborn,Minnesota,27047.0,235,0.0,13.0,,,,-0.071199998
161672,2020-06-18,Freeborn,Minnesota,27047.0,240,0.0,5.0,,,,-0.10800000000000001
161673,2020-06-19,Freeborn,Minnesota,27047.0,243,0.0,3.0,,,,-0.08789999800000001
161674,2020-06-20,Freeborn,Minnesota,27047.0,245,0.0,2.0,,,,-0.105
161675,2020-06-21,Freeborn,Minnesota,27047.0,251,0.0,6.0,,,,-0.098499998
161676,2020-06-22,Freeborn,Minnesota,27047.0,258,0.0,7.0,,,,-0.08800000000000001
161677,2020-06-23,Freeborn,Minnesota,27047.0,259,0.0,1.0,,,,-0.095700003
161678,2020-06-24,Freeborn,Minnesota,27047.0,259,0.0,0.0,,,,-0.06570000200000001
161679,2020-06-25,Freeborn,Minnesota,27047.0,262,0.0,3.0,,,,-0.043299999000000006
161680,2020-06-26,Freeborn,Minnesota,27047.0,265,0.0,3.0,,,,-0.058800001
161681,2020-06-27,Freeborn,Minnesota,27047.0,271,0.0,6.0,,,,-0.043499999000000004
161682,2020-06-28,Freeborn,Minnesota,27047.0,280,0.0,9.0,,,,-0.066699997
161683,2020-06-29,Freeborn,Minnesota,27047.0,282,0.0,2.0,,,,-0.08829999699999999
161684,2020-06-30,Freeborn,Minnesota,27047.0,281,0.0,-1.0,,,,-0.062799998
161685,2020-07-01,Freeborn,Minnesota,27047.0,286,0.0,5.0,,,,-0.0605
161686,2020-07-02,Freeborn,Minnesota,27047.0,289,0.0,3.0,,,,-0.064400002
161687,2020-07-03,Freeborn,Minnesota,27047.0,290,0.0,1.0,,,,-0.048599999000000005
161688,2020-07-04,Freeborn,Minnesota,27047.0,290,0.0,0.0,,,,-0.071699999
161689,2020-07-05,Freeborn,Minnesota,27047.0,292,0.0,2.0,,,,-0.0122
161690,2020-07-06,Freeborn,Minnesota,27047.0,292,0.0,0.0,,,,-0.0469
161691,2020-07-07,Freeborn,Minnesota,27047.0,297,0.0,5.0,,,,-0.0285
161692,2020-07-08,Freeborn,Minnesota,27047.0,298,0.0,1.0,,,,-0.054099999
161693,2020-07-09,Freeborn,Minnesota,27047.0,302,0.0,4.0,,,,-0.069499999
161694,2020-07-10,Freeborn,Minnesota,27047.0,309,0.0,7.0,,,,-0.025900001000000002
161695,2020-07-11,Freeborn,Minnesota,27047.0,312,0.0,3.0,,,,-0.090599999
161696,2020-07-12,Freeborn,Minnesota,27047.0,313,0.0,1.0,,,,-0.0638
161697,2020-07-13,Freeborn,Minnesota,27047.0,314,0.0,1.0,,,,-0.047600000999999996
161698,2020-07-14,Freeborn,Minnesota,27047.0,316,0.0,2.0,,,,-0.091700003
161699,2020-07-15,Freeborn,Minnesota,27047.0,316,0.0,0.0,,,,-0.058600001
161700,2020-07-16,Freeborn,Minnesota,27047.0,317,1.0,1.0,,,,-0.0265
161701,2020-07-17,Freeborn,Minnesota,27047.0,322,1.0,5.0,,,,-0.053399999000000004
161702,2020-07-18,Freeborn,Minnesota,27047.0,323,1.0,1.0,,,,0.0184
161703,2020-07-19,Freeborn,Minnesota,27047.0,325,1.0,2.0,,,,-0.0096199997
161704,2020-07-20,Freeborn,Minnesota,27047.0,327,1.0,2.0,,,,-0.0117
161705,2020-07-21,Freeborn,Minnesota,27047.0,329,1.0,2.0,,,,-0.033599999
161706,2020-07-22,Freeborn,Minnesota,27047.0,331,1.0,2.0,,,,-0.0594
161707,2020-07-23,Freeborn,Minnesota,27047.0,333,1.0,2.0,,,,-0.047899999000000006
161708,2020-07-24,Freeborn,Minnesota,27047.0,333,1.0,0.0,,,,-0.052000001
161709,2020-07-25,Freeborn,Minnesota,27047.0,336,1.0,3.0,,,,-0.044799998
161710,2020-07-26,Freeborn,Minnesota,27047.0,338,1.0,2.0,,,,-0.030200001
161711,2020-07-27,Freeborn,Minnesota,27047.0,342,1.0,4.0,,,,-0.060600000999999994
161712,2020-07-28,Freeborn,Minnesota,27047.0,344,1.0,2.0,,,,-0.0381
161713,2020-07-29,Freeborn,Minnesota,27047.0,349,1.0,5.0,,,,-0.053300001
161714,2020-07-30,Freeborn,Minnesota,27047.0,352,1.0,3.0,,,,-0.0902
161715,2020-07-31,Freeborn,Minnesota,27047.0,353,1.0,1.0,,,,-0.0414
161716,2020-08-01,Freeborn,Minnesota,27047.0,354,1.0,1.0,,,,-0.0418
161717,2020-08-02,Freeborn,Minnesota,27047.0,354,1.0,0.0,,,,-0.034299999
161718,2020-08-03,Freeborn,Minnesota,27047.0,354,1.0,0.0,,,,-0.0048799999
161719,2020-08-04,Freeborn,Minnesota,27047.0,355,1.0,1.0,,,,0.024599998999999997
161720,2020-08-05,Freeborn,Minnesota,27047.0,356,1.0,1.0,,,,0.059000000000000004
161721,2020-08-06,Freeborn,Minnesota,27047.0,358,1.0,2.0,,,,0.09799999699999999
161722,2020-08-07,Freeborn,Minnesota,27047.0,358,1.0,0.0,,,,-0.064400002
161723,2020-08-08,Freeborn,Minnesota,27047.0,359,1.0,1.0,,,,-0.045200001
161724,2020-08-09,Freeborn,Minnesota,27047.0,359,1.0,0.0,,,,-0.076499999
161725,2020-08-10,Freeborn,Minnesota,27047.0,360,1.0,1.0,,,,-0.09000000400000001
161726,2020-08-11,Freeborn,Minnesota,27047.0,360,1.0,0.0,,,,-0.10800000000000001
161727,2020-08-12,Freeborn,Minnesota,27047.0,360,1.0,0.0,,,,-0.114
161728,2020-08-13,Freeborn,Minnesota,27047.0,361,1.0,1.0,,,,-0.146
161729,2020-08-14,Freeborn,Minnesota,27047.0,365,1.0,4.0,,,,-0.12300000000000001
161730,2020-08-15,Freeborn,Minnesota,27047.0,366,1.0,1.0,,,,-0.080300003
161731,2020-08-16,Freeborn,Minnesota,27047.0,367,1.0,1.0,,,,-0.064000003
161732,2020-08-17,Freeborn,Minnesota,27047.0,370,1.0,3.0,,,,-0.057700000999999994
161733,2020-08-18,Freeborn,Minnesota,27047.0,374,1.0,4.0,,,,-0.077600002
161734,2020-08-19,Freeborn,Minnesota,27047.0,375,1.0,1.0,,,,-0.11699999999999999
161735,2020-08-20,Freeborn,Minnesota,27047.0,377,1.0,2.0,,,,-0.060400002
161736,2020-08-21,Freeborn,Minnesota,27047.0,383,1.0,6.0,,,,-0.034299999
161737,2020-08-22,Freeborn,Minnesota,27047.0,386,1.0,3.0,,,,-0.035
161738,2020-08-23,Freeborn,Minnesota,27047.0,387,1.0,1.0,,,,-0.041099999
161739,2020-08-24,Freeborn,Minnesota,27047.0,389,1.0,2.0,,,,-0.07530000099999999
161740,2020-08-25,Freeborn,Minnesota,27047.0,389,1.0,0.0,,,,-0.061099999
161741,2020-08-26,Freeborn,Minnesota,27047.0,390,1.0,1.0,,,,-0.0394
161742,2020-08-27,Freeborn,Minnesota,27047.0,394,1.0,4.0,,,,-0.0726
161743,2020-08-28,Freeborn,Minnesota,27047.0,394,1.0,0.0,,,,-0.0986
161744,2020-08-29,Freeborn,Minnesota,27047.0,399,1.0,5.0,,,,-0.11900000000000001
161745,2020-08-30,Freeborn,Minnesota,27047.0,400,1.0,1.0,,,,-0.132
161746,2020-08-31,Freeborn,Minnesota,27047.0,401,1.0,1.0,,,,-0.105
161747,2020-09-01,Freeborn,Minnesota,27047.0,403,1.0,2.0,,,,-0.10300000000000001
161748,2020-09-02,Freeborn,Minnesota,27047.0,402,1.0,-1.0,,,,-0.0902
161749,2020-09-03,Freeborn,Minnesota,27047.0,411,1.0,9.0,,,,-0.079599999
161750,2020-09-04,Freeborn,Minnesota,27047.0,413,1.0,2.0,,,,-0.0535
161751,2020-09-05,Freeborn,Minnesota,27047.0,420,1.0,7.0,,,,-0.0447
161752,2020-09-06,Freeborn,Minnesota,27047.0,423,1.0,3.0,,,,-0.0264
161753,2020-09-07,Freeborn,Minnesota,27047.0,423,1.0,0.0,,,,0.0156
161754,2020-09-08,Freeborn,Minnesota,27047.0,425,1.0,2.0,,,,-0.020500001
161755,2020-09-09,Freeborn,Minnesota,27047.0,426,1.0,1.0,,,,0.032099999
161756,2020-09-10,Freeborn,Minnesota,27047.0,441,1.0,15.0,,,,0.035500001
161757,2020-09-11,Freeborn,Minnesota,27047.0,440,1.0,-1.0,,,,0.015799999
161758,2020-09-12,Freeborn,Minnesota,27047.0,442,1.0,2.0,,,,0.052000001
161759,2020-09-13,Freeborn,Minnesota,27047.0,454,2.0,12.0,,,,0.046700001
161760,2020-09-14,Freeborn,Minnesota,27047.0,461,2.0,7.0,,,,0.070799999
161761,2020-09-15,Freeborn,Minnesota,27047.0,463,3.0,2.0,,,,0.075999998
161762,2020-09-16,Freeborn,Minnesota,27047.0,465,3.0,2.0,,,,0.052999999000000006
161763,2020-09-17,Freeborn,Minnesota,27047.0,490,3.0,25.0,,,,0.051899999
161764,2020-09-18,Freeborn,Minnesota,27047.0,504,3.0,14.0,,,,0.0722
161765,2020-09-19,Freeborn,Minnesota,27047.0,511,3.0,7.0,,,,0.0359
161766,2020-09-20,Freeborn,Minnesota,27047.0,516,3.0,5.0,,,,0.021
161767,2020-09-21,Freeborn,Minnesota,27047.0,522,3.0,6.0,,,,-0.0075900001
161768,2020-09-22,Freeborn,Minnesota,27047.0,526,3.0,4.0,,,,-0.048799999000000004
161769,2020-09-23,Freeborn,Minnesota,27047.0,529,3.0,3.0,,,,-0.0594
161770,2020-09-24,Freeborn,Minnesota,27047.0,532,3.0,3.0,,,,-0.063100003
161771,2020-09-25,Freeborn,Minnesota,27047.0,540,4.0,8.0,,,,-0.1
161772,2020-09-26,Freeborn,Minnesota,27047.0,542,4.0,2.0,,,,-0.115
161773,2020-09-27,Freeborn,Minnesota,27047.0,544,4.0,2.0,,,,-0.122
161774,2020-09-28,Freeborn,Minnesota,27047.0,546,4.0,2.0,,,,-0.10800000000000001
161775,2020-09-29,Freeborn,Minnesota,27047.0,546,4.0,0.0,,,,-0.11900000000000001
161776,2020-09-30,Freeborn,Minnesota,27047.0,548,4.0,2.0,,,,-0.11599999999999999
161777,2020-10-01,Freeborn,Minnesota,27047.0,554,4.0,6.0,,,,-0.096100003
161778,2020-10-02,Freeborn,Minnesota,27047.0,555,4.0,1.0,,,,-0.058600001
161779,2020-10-03,Freeborn,Minnesota,27047.0,557,4.0,2.0,,,,-0.05739999900000001
161780,2020-10-04,Freeborn,Minnesota,27047.0,559,4.0,2.0,,,,-0.037500001
161781,2020-10-05,Freeborn,Minnesota,27047.0,564,4.0,5.0,,,,-0.0473
161782,2020-10-06,Freeborn,Minnesota,27047.0,568,4.0,4.0,,,,-0.018300001
161783,2020-10-07,Freeborn,Minnesota,27047.0,570,4.0,2.0,,,,-0.052499998
161784,2020-10-08,Freeborn,Minnesota,27047.0,576,4.0,6.0,,,,-0.083700001
161785,2020-10-09,Freeborn,Minnesota,27047.0,585,4.0,9.0,,,,-0.107
161786,2020-10-10,Freeborn,Minnesota,27047.0,585,4.0,0.0,,,,-0.074199997
161787,2020-10-11,Freeborn,Minnesota,27047.0,588,4.0,3.0,,,,-0.062100000999999995
161788,2020-10-12,Freeborn,Minnesota,27047.0,590,4.0,2.0,,,,-0.081200004
161789,2020-10-13,Freeborn,Minnesota,27047.0,593,4.0,3.0,,,,-0.08950000300000001
161790,2020-10-14,Freeborn,Minnesota,27047.0,597,4.0,4.0,,,,-0.062199999000000006
161791,2020-10-15,Freeborn,Minnesota,27047.0,597,4.0,0.0,,,,-0.07389999900000001
161792,2020-10-16,Freeborn,Minnesota,27047.0,618,4.0,21.0,,,,-0.0603
161793,2020-10-17,Freeborn,Minnesota,27047.0,625,4.0,7.0,,,,-0.074500002
161794,2020-10-18,Freeborn,Minnesota,27047.0,631,4.0,6.0,,,,-0.092900001
161795,2020-10-19,Freeborn,Minnesota,27047.0,632,4.0,1.0,,,,-0.096199997
161796,2020-10-20,Freeborn,Minnesota,27047.0,638,4.0,6.0,,,,-0.093699999
161797,2020-10-21,Freeborn,Minnesota,27047.0,647,4.0,9.0,,,,-0.084299996
161798,2020-10-22,Freeborn,Minnesota,27047.0,649,4.0,2.0,,,,-0.066799998
161799,2020-10-23,Freeborn,Minnesota,27047.0,659,4.0,10.0,,,,-0.048300002
161800,2020-10-24,Freeborn,Minnesota,27047.0,666,4.0,7.0,,,,-0.074199997
161801,2020-10-25,Freeborn,Minnesota,27047.0,669,4.0,3.0,,,,-0.066200003
161802,2020-10-26,Freeborn,Minnesota,27047.0,684,4.0,15.0,,,,-0.06419999900000001
161803,2020-10-27,Freeborn,Minnesota,27047.0,691,4.0,7.0,,,,-0.0678
161804,2020-10-28,Freeborn,Minnesota,27047.0,700,4.0,9.0,,,,-0.072700001
161805,2020-10-29,Freeborn,Minnesota,27047.0,718,5.0,18.0,,,,-0.068099998
161806,2020-10-30,Freeborn,Minnesota,27047.0,727,5.0,9.0,,,,-0.071199998
161807,2020-10-31,Freeborn,Minnesota,27047.0,742,5.0,15.0,,,,-0.077
161808,2020-11-01,Freeborn,Minnesota,27047.0,758,5.0,16.0,,,,-0.056600001
161809,2020-11-02,Freeborn,Minnesota,27047.0,776,5.0,18.0,,,,-0.073100001
161810,2020-11-03,Freeborn,Minnesota,27047.0,780,5.0,4.0,,,,-0.068700001
161811,2020-11-04,Freeborn,Minnesota,27047.0,798,5.0,18.0,,,,-0.048700001
161812,2020-11-05,Freeborn,Minnesota,27047.0,811,5.0,13.0,,,,-0.09239999900000001
161813,2020-11-06,Freeborn,Minnesota,27047.0,840,5.0,29.0,,,,-0.0911
161814,2020-11-07,Freeborn,Minnesota,27047.0,888,5.0,48.0,,,,-0.0854
161815,2020-11-08,Freeborn,Minnesota,27047.0,903,5.0,15.0,,,,-0.097099997
161816,2020-11-09,Freeborn,Minnesota,27047.0,903,5.0,0.0,,,,-0.11800000000000001
161817,2020-11-10,Freeborn,Minnesota,27047.0,901,5.0,-2.0,,,,-0.0986
161818,2020-11-11,Freeborn,Minnesota,27047.0,925,5.0,24.0,,,,-0.091399997
161819,2020-11-12,Freeborn,Minnesota,27047.0,944,5.0,19.0,,,,-0.076899998
161820,2020-11-13,Freeborn,Minnesota,27047.0,946,5.0,2.0,,,,-0.0451
161821,2020-11-14,Freeborn,Minnesota,27047.0,995,5.0,49.0,,,,-0.0121
161822,2020-11-15,Freeborn,Minnesota,27047.0,1107,5.0,112.0,,,,-0.040800001
161823,2020-11-16,Freeborn,Minnesota,27047.0,1144,5.0,37.0,,,,-0.055399999000000005
161824,2020-11-17,Freeborn,Minnesota,27047.0,1168,5.0,24.0,,,,-0.06329999900000001
161825,2020-11-18,Freeborn,Minnesota,27047.0,1193,5.0,25.0,,,,-0.055799997999999996
161826,2020-11-19,Freeborn,Minnesota,27047.0,1235,5.0,42.0,,,,-0.0392
161827,2020-11-20,Freeborn,Minnesota,27047.0,1279,5.0,44.0,,,,-0.026699999
161828,2020-11-21,Freeborn,Minnesota,27047.0,1307,5.0,28.0,,,,-0.027899998999999998
161829,2020-11-22,Freeborn,Minnesota,27047.0,1362,5.0,55.0,,,,-0.0099999998
