,date,county,state,fips,cases,deaths,new_cases,emp_combined,emp_combined_inclow,revenue_all,spend_all
164597,2020-03-22,Le Sueur,Minnesota,27079.0,1,0.0,0.0,,,,-0.182
164598,2020-03-23,Le Sueur,Minnesota,27079.0,1,0.0,0.0,,,,-0.215
164599,2020-03-24,Le Sueur,Minnesota,27079.0,5,0.0,4.0,,,,-0.192
164600,2020-03-25,Le Sueur,Minnesota,27079.0,6,0.0,1.0,,,,-0.146
164601,2020-03-26,Le Sueur,Minnesota,27079.0,6,0.0,0.0,,,,-0.19
164602,2020-03-27,Le Sueur,Minnesota,27079.0,10,0.0,4.0,,,,-0.292
164603,2020-03-28,Le Sueur,Minnesota,27079.0,11,0.0,1.0,,,,-0.28600001
164604,2020-03-29,Le Sueur,Minnesota,27079.0,11,0.0,0.0,,,,-0.30000001
164605,2020-03-30,Le Sueur,Minnesota,27079.0,13,0.0,2.0,,,,-0.289
164606,2020-03-31,Le Sueur,Minnesota,27079.0,15,0.0,2.0,,,,-0.21899999999999997
164607,2020-04-01,Le Sueur,Minnesota,27079.0,15,0.0,0.0,,,,-0.34400001
164608,2020-04-02,Le Sueur,Minnesota,27079.0,18,0.0,3.0,,,,-0.43599999
164609,2020-04-03,Le Sueur,Minnesota,27079.0,19,0.0,1.0,,,,-0.40700001
164610,2020-04-04,Le Sueur,Minnesota,27079.0,20,0.0,1.0,,,,-0.40099999
164611,2020-04-05,Le Sueur,Minnesota,27079.0,20,0.0,0.0,,,,-0.38499999
164612,2020-04-06,Le Sueur,Minnesota,27079.0,20,0.0,0.0,,,,-0.37099999
164613,2020-04-07,Le Sueur,Minnesota,27079.0,20,0.0,0.0,,,,-0.442
164614,2020-04-08,Le Sueur,Minnesota,27079.0,20,0.0,0.0,,,,-0.39399999
164615,2020-04-09,Le Sueur,Minnesota,27079.0,20,0.0,0.0,,,,-0.27599999
164616,2020-04-10,Le Sueur,Minnesota,27079.0,20,0.0,0.0,,,,-0.20100001
164617,2020-04-11,Le Sueur,Minnesota,27079.0,20,0.0,0.0,,,,-0.152
164618,2020-04-12,Le Sueur,Minnesota,27079.0,21,0.0,1.0,,,,-0.384
164619,2020-04-13,Le Sueur,Minnesota,27079.0,21,0.0,0.0,,,,-0.52399999
164620,2020-04-14,Le Sueur,Minnesota,27079.0,21,0.0,0.0,,,,-0.322
164621,2020-04-15,Le Sueur,Minnesota,27079.0,21,0.0,0.0,,,,-0.20100001
164622,2020-04-16,Le Sueur,Minnesota,27079.0,22,0.0,1.0,,,,-0.17800000000000002
164623,2020-04-17,Le Sueur,Minnesota,27079.0,22,0.0,0.0,,,,-0.22899999999999998
164624,2020-04-18,Le Sueur,Minnesota,27079.0,22,0.0,0.0,,,,-0.34
164625,2020-04-19,Le Sueur,Minnesota,27079.0,22,0.0,0.0,,,,-0.16899999999999998
164626,2020-04-20,Le Sueur,Minnesota,27079.0,22,0.0,0.0,,,,-0.16500001
164627,2020-04-21,Le Sueur,Minnesota,27079.0,22,0.0,0.0,,,,-0.162
164628,2020-04-22,Le Sueur,Minnesota,27079.0,22,0.0,0.0,,,,-0.23199999
164629,2020-04-23,Le Sueur,Minnesota,27079.0,22,0.0,0.0,,,,-0.156
164630,2020-04-24,Le Sueur,Minnesota,27079.0,22,0.0,0.0,,,,-0.34299999
164631,2020-04-25,Le Sueur,Minnesota,27079.0,22,0.0,0.0,,,,-0.213
164632,2020-04-26,Le Sueur,Minnesota,27079.0,22,0.0,0.0,,,,-0.146
164633,2020-04-27,Le Sueur,Minnesota,27079.0,23,0.0,1.0,,,,-0.17600000000000002
164634,2020-04-28,Le Sueur,Minnesota,27079.0,24,0.0,1.0,,,,-0.183
164635,2020-04-29,Le Sueur,Minnesota,27079.0,24,0.0,0.0,,,,-0.243
164636,2020-04-30,Le Sueur,Minnesota,27079.0,24,0.0,0.0,,,,-0.12
164637,2020-05-01,Le Sueur,Minnesota,27079.0,25,0.0,1.0,,,,-0.0548
164638,2020-05-02,Le Sueur,Minnesota,27079.0,25,0.0,0.0,,,,-0.083400004
164639,2020-05-03,Le Sueur,Minnesota,27079.0,26,0.0,1.0,,,,-0.10099999999999999
164640,2020-05-04,Le Sueur,Minnesota,27079.0,26,0.0,0.0,,,,-0.050099999000000006
164641,2020-05-05,Le Sueur,Minnesota,27079.0,26,0.0,0.0,,,,-0.029300001000000003
164642,2020-05-06,Le Sueur,Minnesota,27079.0,26,0.0,0.0,,,,-0.043900002
164643,2020-05-07,Le Sueur,Minnesota,27079.0,28,0.0,2.0,,,,-0.0138
164644,2020-05-08,Le Sueur,Minnesota,27079.0,28,0.0,0.0,,,,-0.124
164645,2020-05-09,Le Sueur,Minnesota,27079.0,28,0.0,0.0,,,,-0.154
164646,2020-05-10,Le Sueur,Minnesota,27079.0,29,0.0,1.0,,,,-0.111
164647,2020-05-11,Le Sueur,Minnesota,27079.0,30,0.0,1.0,,,,-0.175
164648,2020-05-12,Le Sueur,Minnesota,27079.0,31,1.0,1.0,,,,-0.21600001
164649,2020-05-13,Le Sueur,Minnesota,27079.0,31,1.0,0.0,,,,-0.191
164650,2020-05-14,Le Sueur,Minnesota,27079.0,31,1.0,0.0,,,,-0.192
164651,2020-05-15,Le Sueur,Minnesota,27079.0,33,1.0,2.0,,,,-0.1
164652,2020-05-16,Le Sueur,Minnesota,27079.0,34,1.0,1.0,,,,-0.09809999900000001
164653,2020-05-17,Le Sueur,Minnesota,27079.0,35,1.0,1.0,,,,-0.21100000000000002
164654,2020-05-18,Le Sueur,Minnesota,27079.0,35,1.0,0.0,,,,-0.18899999999999997
164655,2020-05-19,Le Sueur,Minnesota,27079.0,36,1.0,1.0,,,,-0.06899999799999999
164656,2020-05-20,Le Sueur,Minnesota,27079.0,36,1.0,0.0,,,,0.0129
164657,2020-05-21,Le Sueur,Minnesota,27079.0,38,1.0,2.0,,,,0.048700001
164658,2020-05-22,Le Sueur,Minnesota,27079.0,39,1.0,1.0,,,,-0.038199998
164659,2020-05-23,Le Sueur,Minnesota,27079.0,41,1.0,2.0,,,,-0.10800000000000001
164660,2020-05-24,Le Sueur,Minnesota,27079.0,41,1.0,0.0,,,,-0.00030499998999999997
164661,2020-05-25,Le Sueur,Minnesota,27079.0,41,1.0,0.0,,,,0.054900002
164662,2020-05-26,Le Sueur,Minnesota,27079.0,41,1.0,0.0,,,,-0.0854
164663,2020-05-27,Le Sueur,Minnesota,27079.0,43,1.0,2.0,,,,-0.0537
164664,2020-05-28,Le Sueur,Minnesota,27079.0,44,1.0,1.0,,,,-0.077
164665,2020-05-29,Le Sueur,Minnesota,27079.0,44,1.0,0.0,,,,-0.114
164666,2020-05-30,Le Sueur,Minnesota,27079.0,44,1.0,0.0,,,,-0.019200001
164667,2020-05-31,Le Sueur,Minnesota,27079.0,44,1.0,0.0,,,,-0.082599998
164668,2020-06-01,Le Sueur,Minnesota,27079.0,44,1.0,0.0,,,,-0.0266
164669,2020-06-02,Le Sueur,Minnesota,27079.0,44,1.0,0.0,,,,-0.044399999
164670,2020-06-03,Le Sueur,Minnesota,27079.0,46,1.0,2.0,,,,-0.0139
164671,2020-06-04,Le Sueur,Minnesota,27079.0,46,1.0,0.0,,,,-0.086900003
164672,2020-06-05,Le Sueur,Minnesota,27079.0,47,1.0,1.0,,,,0.0319
164673,2020-06-06,Le Sueur,Minnesota,27079.0,48,1.0,1.0,,,,0.068300001
164674,2020-06-07,Le Sueur,Minnesota,27079.0,49,1.0,1.0,,,,0.077699997
164675,2020-06-08,Le Sueur,Minnesota,27079.0,49,1.0,0.0,,,,0.051600002
164676,2020-06-09,Le Sueur,Minnesota,27079.0,50,1.0,1.0,,,,0.0244
164677,2020-06-10,Le Sueur,Minnesota,27079.0,50,1.0,0.0,,,,0.071000002
164678,2020-06-11,Le Sueur,Minnesota,27079.0,50,1.0,0.0,,,,0.023700001000000002
164679,2020-06-12,Le Sueur,Minnesota,27079.0,51,1.0,1.0,,,,-0.039999999
164680,2020-06-13,Le Sueur,Minnesota,27079.0,52,1.0,1.0,,,,-0.0275
164681,2020-06-14,Le Sueur,Minnesota,27079.0,52,1.0,0.0,,,,-0.015699999
164682,2020-06-15,Le Sueur,Minnesota,27079.0,52,1.0,0.0,,,,0.020099999
164683,2020-06-16,Le Sueur,Minnesota,27079.0,52,1.0,0.0,,,,-0.0173
164684,2020-06-17,Le Sueur,Minnesota,27079.0,53,1.0,1.0,,,,0.08950000300000001
164685,2020-06-18,Le Sueur,Minnesota,27079.0,53,1.0,0.0,,,,0.0136
164686,2020-06-19,Le Sueur,Minnesota,27079.0,54,1.0,1.0,,,,-0.05229999900000001
164687,2020-06-20,Le Sueur,Minnesota,27079.0,57,1.0,3.0,,,,-0.0845
164688,2020-06-21,Le Sueur,Minnesota,27079.0,62,1.0,5.0,,,,-0.021299999
164689,2020-06-22,Le Sueur,Minnesota,27079.0,62,1.0,0.0,,,,-0.0208
164690,2020-06-23,Le Sueur,Minnesota,27079.0,66,1.0,4.0,,,,-0.057999998
164691,2020-06-24,Le Sueur,Minnesota,27079.0,70,1.0,4.0,,,,-0.048099998
164692,2020-06-25,Le Sueur,Minnesota,27079.0,71,1.0,1.0,,,,-0.10400000000000001
164693,2020-06-26,Le Sueur,Minnesota,27079.0,75,1.0,4.0,,,,-0.109
164694,2020-06-27,Le Sueur,Minnesota,27079.0,75,1.0,0.0,,,,-0.09920000300000001
164695,2020-06-28,Le Sueur,Minnesota,27079.0,77,1.0,2.0,,,,-0.133
164696,2020-06-29,Le Sueur,Minnesota,27079.0,79,1.0,2.0,,,,-0.17299999
164697,2020-06-30,Le Sueur,Minnesota,27079.0,82,1.0,3.0,,,,-0.22499999
164698,2020-07-01,Le Sueur,Minnesota,27079.0,86,1.0,4.0,,,,-0.23100001
164699,2020-07-02,Le Sueur,Minnesota,27079.0,91,1.0,5.0,,,,-0.161
164700,2020-07-03,Le Sueur,Minnesota,27079.0,98,1.0,7.0,,,,-0.16399999999999998
164701,2020-07-04,Le Sueur,Minnesota,27079.0,98,1.0,0.0,,,,-0.17299999
164702,2020-07-05,Le Sueur,Minnesota,27079.0,100,1.0,2.0,,,,-0.122
164703,2020-07-06,Le Sueur,Minnesota,27079.0,103,1.0,3.0,,,,-0.17299999
164704,2020-07-07,Le Sueur,Minnesota,27079.0,108,1.0,5.0,,,,-0.2
164705,2020-07-08,Le Sueur,Minnesota,27079.0,110,1.0,2.0,,,,-0.20800000000000002
164706,2020-07-09,Le Sueur,Minnesota,27079.0,117,1.0,7.0,,,,-0.17600000000000002
164707,2020-07-10,Le Sueur,Minnesota,27079.0,119,1.0,2.0,,,,-0.14
164708,2020-07-11,Le Sueur,Minnesota,27079.0,125,1.0,6.0,,,,-0.18000001
164709,2020-07-12,Le Sueur,Minnesota,27079.0,132,1.0,7.0,,,,-0.214
164710,2020-07-13,Le Sueur,Minnesota,27079.0,136,1.0,4.0,,,,-0.19400001
164711,2020-07-14,Le Sueur,Minnesota,27079.0,142,1.0,6.0,,,,-0.191
164712,2020-07-15,Le Sueur,Minnesota,27079.0,142,1.0,0.0,,,,-0.25400001
164713,2020-07-16,Le Sueur,Minnesota,27079.0,144,1.0,2.0,,,,-0.23199999
164714,2020-07-17,Le Sueur,Minnesota,27079.0,148,1.0,4.0,,,,-0.20200001
164715,2020-07-18,Le Sueur,Minnesota,27079.0,150,1.0,2.0,,,,-0.212
164716,2020-07-19,Le Sueur,Minnesota,27079.0,153,1.0,3.0,,,,-0.20800000000000002
164717,2020-07-20,Le Sueur,Minnesota,27079.0,153,1.0,0.0,,,,-0.226
164718,2020-07-21,Le Sueur,Minnesota,27079.0,160,1.0,7.0,,,,-0.21600001
164719,2020-07-22,Le Sueur,Minnesota,27079.0,162,1.0,2.0,,,,-0.109
164720,2020-07-23,Le Sueur,Minnesota,27079.0,165,1.0,3.0,,,,-0.11
164721,2020-07-24,Le Sueur,Minnesota,27079.0,168,1.0,3.0,,,,-0.163
164722,2020-07-25,Le Sueur,Minnesota,27079.0,174,1.0,6.0,,,,-0.16500001
164723,2020-07-26,Le Sueur,Minnesota,27079.0,181,1.0,7.0,,,,-0.19400001
164724,2020-07-27,Le Sueur,Minnesota,27079.0,185,1.0,4.0,,,,-0.19599999
164725,2020-07-28,Le Sueur,Minnesota,27079.0,187,1.0,2.0,,,,-0.098800004
164726,2020-07-29,Le Sueur,Minnesota,27079.0,190,1.0,3.0,,,,-0.155
164727,2020-07-30,Le Sueur,Minnesota,27079.0,196,1.0,6.0,,,,-0.266
164728,2020-07-31,Le Sueur,Minnesota,27079.0,196,1.0,0.0,,,,-0.26800001
164729,2020-08-01,Le Sueur,Minnesota,27079.0,196,1.0,0.0,,,,-0.23
164730,2020-08-02,Le Sueur,Minnesota,27079.0,199,1.0,3.0,,,,-0.207
164731,2020-08-03,Le Sueur,Minnesota,27079.0,201,1.0,2.0,,,,-0.19899999999999998
164732,2020-08-04,Le Sueur,Minnesota,27079.0,202,1.0,1.0,,,,-0.30700001
164733,2020-08-05,Le Sueur,Minnesota,27079.0,203,1.0,1.0,,,,-0.336
164734,2020-08-06,Le Sueur,Minnesota,27079.0,210,1.0,7.0,,,,-0.266
164735,2020-08-07,Le Sueur,Minnesota,27079.0,213,1.0,3.0,,,,-0.27599999
164736,2020-08-08,Le Sueur,Minnesota,27079.0,217,1.0,4.0,,,,-0.28200001
164737,2020-08-09,Le Sueur,Minnesota,27079.0,220,1.0,3.0,,,,-0.228
164738,2020-08-10,Le Sueur,Minnesota,27079.0,224,1.0,4.0,,,,-0.28099999
164739,2020-08-11,Le Sueur,Minnesota,27079.0,226,1.0,2.0,,,,-0.226
164740,2020-08-12,Le Sueur,Minnesota,27079.0,230,1.0,4.0,,,,-0.134
164741,2020-08-13,Le Sueur,Minnesota,27079.0,230,1.0,0.0,,,,-0.198
164742,2020-08-14,Le Sueur,Minnesota,27079.0,237,1.0,7.0,,,,-0.191
164743,2020-08-15,Le Sueur,Minnesota,27079.0,246,1.0,9.0,,,,-0.142
164744,2020-08-16,Le Sueur,Minnesota,27079.0,248,1.0,2.0,,,,-0.163
164745,2020-08-17,Le Sueur,Minnesota,27079.0,255,2.0,7.0,,,,-0.081100002
164746,2020-08-18,Le Sueur,Minnesota,27079.0,259,2.0,4.0,,,,-0.0678
164747,2020-08-19,Le Sueur,Minnesota,27079.0,263,2.0,4.0,,,,-0.175
164748,2020-08-20,Le Sueur,Minnesota,27079.0,285,2.0,22.0,,,,-0.13500001
164749,2020-08-21,Le Sueur,Minnesota,27079.0,302,2.0,17.0,,,,-0.096900001
164750,2020-08-22,Le Sueur,Minnesota,27079.0,311,2.0,9.0,,,,-0.15800001
164751,2020-08-23,Le Sueur,Minnesota,27079.0,316,2.0,5.0,,,,-0.15899999
164752,2020-08-24,Le Sueur,Minnesota,27079.0,326,2.0,10.0,,,,-0.18600000000000003
164753,2020-08-25,Le Sueur,Minnesota,27079.0,330,2.0,4.0,,,,-0.222
164754,2020-08-26,Le Sueur,Minnesota,27079.0,339,2.0,9.0,,,,-0.19699999999999998
164755,2020-08-27,Le Sueur,Minnesota,27079.0,352,2.0,13.0,,,,-0.153
164756,2020-08-28,Le Sueur,Minnesota,27079.0,361,2.0,9.0,,,,-0.139
164757,2020-08-29,Le Sueur,Minnesota,27079.0,372,2.0,11.0,,,,-0.11199999999999999
164758,2020-08-30,Le Sueur,Minnesota,27079.0,375,2.0,3.0,,,,-0.191
164759,2020-08-31,Le Sueur,Minnesota,27079.0,378,2.0,3.0,,,,-0.16899999999999998
164760,2020-09-01,Le Sueur,Minnesota,27079.0,384,2.0,6.0,,,,-0.17900001
164761,2020-09-02,Le Sueur,Minnesota,27079.0,386,2.0,2.0,,,,-0.25799999
164762,2020-09-03,Le Sueur,Minnesota,27079.0,399,2.0,13.0,,,,-0.27200001
164763,2020-09-04,Le Sueur,Minnesota,27079.0,401,2.0,2.0,,,,-0.23999999
164764,2020-09-05,Le Sueur,Minnesota,27079.0,402,2.0,1.0,,,,-0.28600001
164765,2020-09-06,Le Sueur,Minnesota,27079.0,405,2.0,3.0,,,,-0.17900001
164766,2020-09-07,Le Sueur,Minnesota,27079.0,407,2.0,2.0,,,,-0.18600000000000003
164767,2020-09-08,Le Sueur,Minnesota,27079.0,410,2.0,3.0,,,,-0.259
164768,2020-09-09,Le Sueur,Minnesota,27079.0,413,3.0,3.0,,,,-0.19499999
164769,2020-09-10,Le Sueur,Minnesota,27079.0,417,3.0,4.0,,,,-0.19
164770,2020-09-11,Le Sueur,Minnesota,27079.0,422,3.0,5.0,,,,-0.11
164771,2020-09-12,Le Sueur,Minnesota,27079.0,428,3.0,6.0,,,,-0.080300003
164772,2020-09-13,Le Sueur,Minnesota,27079.0,428,3.0,0.0,,,,-0.18099999
164773,2020-09-14,Le Sueur,Minnesota,27079.0,430,3.0,2.0,,,,-0.28299999
164774,2020-09-15,Le Sueur,Minnesota,27079.0,432,3.0,2.0,,,,-0.23600000000000002
164775,2020-09-16,Le Sueur,Minnesota,27079.0,436,3.0,4.0,,,,-0.1
164776,2020-09-17,Le Sueur,Minnesota,27079.0,440,3.0,4.0,,,,-0.14
164777,2020-09-18,Le Sueur,Minnesota,27079.0,441,3.0,1.0,,,,-0.264
164778,2020-09-19,Le Sueur,Minnesota,27079.0,443,4.0,2.0,,,,-0.20999999
164779,2020-09-20,Le Sueur,Minnesota,27079.0,444,4.0,1.0,,,,-0.09269999699999999
164780,2020-09-21,Le Sueur,Minnesota,27079.0,445,4.0,1.0,,,,-0.152
164781,2020-09-22,Le Sueur,Minnesota,27079.0,446,4.0,1.0,,,,-0.16699999999999998
164782,2020-09-23,Le Sueur,Minnesota,27079.0,446,4.0,0.0,,,,-0.138
164783,2020-09-24,Le Sueur,Minnesota,27079.0,452,4.0,6.0,,,,-0.084799998
164784,2020-09-25,Le Sueur,Minnesota,27079.0,460,4.0,8.0,,,,-0.0493
164785,2020-09-26,Le Sueur,Minnesota,27079.0,467,4.0,7.0,,,,-0.14399999
164786,2020-09-27,Le Sueur,Minnesota,27079.0,472,4.0,5.0,,,,-0.214
164787,2020-09-28,Le Sueur,Minnesota,27079.0,474,4.0,2.0,,,,-0.18000001
164788,2020-09-29,Le Sueur,Minnesota,27079.0,476,4.0,2.0,,,,-0.20600000000000002
164789,2020-09-30,Le Sueur,Minnesota,27079.0,480,4.0,4.0,,,,-0.27900001
164790,2020-10-01,Le Sueur,Minnesota,27079.0,483,4.0,3.0,,,,-0.301
164791,2020-10-02,Le Sueur,Minnesota,27079.0,488,4.0,5.0,,,,-0.28099999
164792,2020-10-03,Le Sueur,Minnesota,27079.0,491,4.0,3.0,,,,-0.26300001
164793,2020-10-04,Le Sueur,Minnesota,27079.0,493,4.0,2.0,,,,-0.249
164794,2020-10-05,Le Sueur,Minnesota,27079.0,495,4.0,2.0,,,,-0.22400001
164795,2020-10-06,Le Sueur,Minnesota,27079.0,499,4.0,4.0,,,,-0.15099999
164796,2020-10-07,Le Sueur,Minnesota,27079.0,509,5.0,10.0,,,,-0.107
164797,2020-10-08,Le Sueur,Minnesota,27079.0,515,5.0,6.0,,,,-0.15899999
164798,2020-10-09,Le Sueur,Minnesota,27079.0,519,5.0,4.0,,,,-0.182
164799,2020-10-10,Le Sueur,Minnesota,27079.0,527,5.0,8.0,,,,-0.124
164800,2020-10-11,Le Sueur,Minnesota,27079.0,540,5.0,13.0,,,,-0.106
164801,2020-10-12,Le Sueur,Minnesota,27079.0,546,5.0,6.0,,,,-0.082500003
164802,2020-10-13,Le Sueur,Minnesota,27079.0,546,5.0,0.0,,,,-0.146
164803,2020-10-14,Le Sueur,Minnesota,27079.0,549,5.0,3.0,,,,-0.185
164804,2020-10-15,Le Sueur,Minnesota,27079.0,553,5.0,4.0,,,,-0.114
164805,2020-10-16,Le Sueur,Minnesota,27079.0,574,5.0,21.0,,,,-0.102
164806,2020-10-17,Le Sueur,Minnesota,27079.0,582,5.0,8.0,,,,-0.138
164807,2020-10-18,Le Sueur,Minnesota,27079.0,582,5.0,0.0,,,,-0.132
164808,2020-10-19,Le Sueur,Minnesota,27079.0,585,5.0,3.0,,,,-0.16899999999999998
164809,2020-10-20,Le Sueur,Minnesota,27079.0,585,5.0,0.0,,,,-0.18000001
164810,2020-10-21,Le Sueur,Minnesota,27079.0,591,5.0,6.0,,,,-0.18600000000000003
164811,2020-10-22,Le Sueur,Minnesota,27079.0,598,5.0,7.0,,,,-0.193
164812,2020-10-23,Le Sueur,Minnesota,27079.0,614,5.0,16.0,,,,-0.162
164813,2020-10-24,Le Sueur,Minnesota,27079.0,620,5.0,6.0,,,,-0.080399998
164814,2020-10-25,Le Sueur,Minnesota,27079.0,623,5.0,3.0,,,,-0.09269999699999999
164815,2020-10-26,Le Sueur,Minnesota,27079.0,631,5.0,8.0,,,,-0.14
164816,2020-10-27,Le Sueur,Minnesota,27079.0,645,6.0,14.0,,,,-0.16399999999999998
164817,2020-10-28,Le Sueur,Minnesota,27079.0,651,6.0,6.0,,,,-0.184
164818,2020-10-29,Le Sueur,Minnesota,27079.0,664,6.0,13.0,,,,-0.20299999
164819,2020-10-30,Le Sueur,Minnesota,27079.0,671,6.0,7.0,,,,-0.17399999
164820,2020-10-31,Le Sueur,Minnesota,27079.0,687,6.0,16.0,,,,-0.243
164821,2020-11-01,Le Sueur,Minnesota,27079.0,702,6.0,15.0,,,,-0.27700001
164822,2020-11-02,Le Sueur,Minnesota,27079.0,712,6.0,10.0,,,,-0.215
164823,2020-11-03,Le Sueur,Minnesota,27079.0,722,6.0,10.0,,,,-0.191
164824,2020-11-04,Le Sueur,Minnesota,27079.0,740,6.0,18.0,,,,-0.16500001
164825,2020-11-05,Le Sueur,Minnesota,27079.0,754,6.0,14.0,,,,-0.11900000000000001
164826,2020-11-06,Le Sueur,Minnesota,27079.0,776,6.0,22.0,,,,-0.122
164827,2020-11-07,Le Sueur,Minnesota,27079.0,810,6.0,34.0,,,,-0.13600001
164828,2020-11-08,Le Sueur,Minnesota,27079.0,830,6.0,20.0,,,,-0.12300000000000001
164829,2020-11-09,Le Sueur,Minnesota,27079.0,846,6.0,16.0,,,,-0.17299999
164830,2020-11-10,Le Sueur,Minnesota,27079.0,855,6.0,9.0,,,,-0.17299999
164831,2020-11-11,Le Sueur,Minnesota,27079.0,880,6.0,25.0,,,,-0.11599999999999999
164832,2020-11-12,Le Sueur,Minnesota,27079.0,904,7.0,24.0,,,,-0.20600000000000002
164833,2020-11-13,Le Sueur,Minnesota,27079.0,926,7.0,22.0,,,,-0.368
164834,2020-11-14,Le Sueur,Minnesota,27079.0,959,7.0,33.0,,,,-0.31799999
164835,2020-11-15,Le Sueur,Minnesota,27079.0,1041,7.0,82.0,,,,-0.26899999
164836,2020-11-16,Le Sueur,Minnesota,27079.0,1073,7.0,32.0,,,,-0.26699999
164837,2020-11-17,Le Sueur,Minnesota,27079.0,1091,7.0,18.0,,,,-0.26100001
164838,2020-11-18,Le Sueur,Minnesota,27079.0,1113,8.0,22.0,,,,-0.14399999
164839,2020-11-19,Le Sueur,Minnesota,27079.0,1172,8.0,59.0,,,,-0.0458
164840,2020-11-20,Le Sueur,Minnesota,27079.0,1209,9.0,37.0,,,,-0.067299999
164841,2020-11-21,Le Sueur,Minnesota,27079.0,1249,9.0,40.0,,,,-0.060600000999999994
164842,2020-11-22,Le Sueur,Minnesota,27079.0,1289,9.0,40.0,,,,-0.05519999900000001
