,date,county,state,fips,cases,deaths,new_cases,emp_combined,emp_combined_inclow,revenue_all,spend_all
170270,2020-03-26,Sibley,Minnesota,27143.0,1,0.0,0.0,,,,-0.13699999
170271,2020-03-27,Sibley,Minnesota,27143.0,1,0.0,0.0,,,,-0.185
170272,2020-03-28,Sibley,Minnesota,27143.0,1,0.0,0.0,,,,-0.23899999
170273,2020-03-29,Sibley,Minnesota,27143.0,1,0.0,0.0,,,,-0.28799999
170274,2020-03-30,Sibley,Minnesota,27143.0,1,0.0,0.0,,,,-0.30700001
170275,2020-03-31,Sibley,Minnesota,27143.0,1,0.0,0.0,,,,-0.25999999
170276,2020-04-01,Sibley,Minnesota,27143.0,1,0.0,0.0,,,,-0.214
170277,2020-04-02,Sibley,Minnesota,27143.0,1,0.0,0.0,,,,-0.162
170278,2020-04-03,Sibley,Minnesota,27143.0,1,0.0,0.0,,,,-0.18099999
170279,2020-04-04,Sibley,Minnesota,27143.0,1,0.0,0.0,,,,-0.27500001
170280,2020-04-05,Sibley,Minnesota,27143.0,1,0.0,0.0,,,,-0.285
170281,2020-04-06,Sibley,Minnesota,27143.0,1,0.0,0.0,,,,-0.23800001
170282,2020-04-07,Sibley,Minnesota,27143.0,1,0.0,0.0,,,,-0.15899999
170283,2020-04-08,Sibley,Minnesota,27143.0,1,0.0,0.0,,,,-0.16500001
170284,2020-04-09,Sibley,Minnesota,27143.0,1,0.0,0.0,,,,-0.198
170285,2020-04-10,Sibley,Minnesota,27143.0,1,0.0,0.0,,,,-0.0616
170286,2020-04-11,Sibley,Minnesota,27143.0,1,0.0,0.0,,,,0.042599998
170287,2020-04-12,Sibley,Minnesota,27143.0,1,0.0,0.0,,,,-0.07620000099999999
170288,2020-04-13,Sibley,Minnesota,27143.0,1,0.0,0.0,,,,-0.074100003
170289,2020-04-14,Sibley,Minnesota,27143.0,1,0.0,0.0,,,,-0.23800001
170290,2020-04-15,Sibley,Minnesota,27143.0,1,0.0,0.0,,,,-0.069799997
170291,2020-04-16,Sibley,Minnesota,27143.0,1,0.0,0.0,,,,-0.017899999
170292,2020-04-17,Sibley,Minnesota,27143.0,1,0.0,0.0,,,,-0.114
170293,2020-04-18,Sibley,Minnesota,27143.0,1,0.0,0.0,,,,-0.121
170294,2020-04-19,Sibley,Minnesota,27143.0,1,0.0,0.0,,,,-0.061299998
170295,2020-04-20,Sibley,Minnesota,27143.0,1,0.0,0.0,,,,-0.0539
170296,2020-04-21,Sibley,Minnesota,27143.0,1,0.0,0.0,,,,-0.046500001
170297,2020-04-22,Sibley,Minnesota,27143.0,1,0.0,0.0,,,,-0.039099998999999996
170298,2020-04-23,Sibley,Minnesota,27143.0,1,0.0,0.0,,,,-0.22499999
170299,2020-04-24,Sibley,Minnesota,27143.0,1,0.0,0.0,,,,-0.111
170300,2020-04-25,Sibley,Minnesota,27143.0,1,0.0,0.0,,,,-0.043200000999999995
170301,2020-04-26,Sibley,Minnesota,27143.0,1,0.0,0.0,,,,-0.009429999599999999
170302,2020-04-27,Sibley,Minnesota,27143.0,1,0.0,0.0,,,,-0.071199998
170303,2020-04-28,Sibley,Minnesota,27143.0,2,0.0,1.0,,,,-0.048700001
170304,2020-04-29,Sibley,Minnesota,27143.0,2,0.0,0.0,,,,0.062700003
170305,2020-04-30,Sibley,Minnesota,27143.0,2,0.0,0.0,,,,0.0973
170306,2020-05-01,Sibley,Minnesota,27143.0,2,0.0,0.0,,,,0.037700001000000004
170307,2020-05-02,Sibley,Minnesota,27143.0,2,0.0,0.0,,,,0.0209
170308,2020-05-03,Sibley,Minnesota,27143.0,2,0.0,0.0,,,,0.034499998999999996
170309,2020-05-04,Sibley,Minnesota,27143.0,2,0.0,0.0,,,,0.050000000999999995
170310,2020-05-05,Sibley,Minnesota,27143.0,2,0.0,0.0,,,,0.0075099999
170311,2020-05-06,Sibley,Minnesota,27143.0,2,0.0,0.0,,,,-0.094300002
170312,2020-05-07,Sibley,Minnesota,27143.0,2,0.0,0.0,,,,-0.046700001
170313,2020-05-08,Sibley,Minnesota,27143.0,3,0.0,1.0,,,,-0.020400001
170314,2020-05-09,Sibley,Minnesota,27143.0,3,0.0,0.0,,,,-0.054000001
170315,2020-05-10,Sibley,Minnesota,27143.0,4,0.0,1.0,,,,-0.109
170316,2020-05-11,Sibley,Minnesota,27143.0,4,0.0,0.0,,,,-0.131
170317,2020-05-12,Sibley,Minnesota,27143.0,4,0.0,0.0,,,,-0.087800004
170318,2020-05-13,Sibley,Minnesota,27143.0,4,0.0,0.0,,,,-0.0211
170319,2020-05-14,Sibley,Minnesota,27143.0,4,0.0,0.0,,,,-0.0096800001
170320,2020-05-15,Sibley,Minnesota,27143.0,4,0.0,0.0,,,,-0.08510000300000001
170321,2020-05-16,Sibley,Minnesota,27143.0,7,0.0,3.0,,,,-0.07150000299999999
170322,2020-05-17,Sibley,Minnesota,27143.0,9,0.0,2.0,,,,0.032200001
170323,2020-05-18,Sibley,Minnesota,27143.0,10,0.0,1.0,,,,0.059999999000000005
170324,2020-05-19,Sibley,Minnesota,27143.0,10,0.0,0.0,,,,0.0297
170325,2020-05-20,Sibley,Minnesota,27143.0,11,0.0,1.0,,,,-0.050099999000000006
170326,2020-05-21,Sibley,Minnesota,27143.0,12,0.0,1.0,,,,-0.109
170327,2020-05-22,Sibley,Minnesota,27143.0,12,0.0,0.0,,,,-0.076099999
170328,2020-05-23,Sibley,Minnesota,27143.0,12,0.0,0.0,,,,-0.08269999900000001
170329,2020-05-24,Sibley,Minnesota,27143.0,12,0.0,0.0,,,,-0.11800000000000001
170330,2020-05-25,Sibley,Minnesota,27143.0,12,0.0,0.0,,,,-0.036499999
170331,2020-05-26,Sibley,Minnesota,27143.0,13,0.0,1.0,,,,-0.08990000199999999
170332,2020-05-27,Sibley,Minnesota,27143.0,13,0.0,0.0,,,,-0.087399997
170333,2020-05-28,Sibley,Minnesota,27143.0,15,0.0,2.0,,,,-0.093400002
170334,2020-05-29,Sibley,Minnesota,27143.0,16,0.0,1.0,,,,-0.0748
170335,2020-05-30,Sibley,Minnesota,27143.0,16,0.0,0.0,,,,-0.067000002
170336,2020-05-31,Sibley,Minnesota,27143.0,16,0.0,0.0,,,,-0.067900002
170337,2020-06-01,Sibley,Minnesota,27143.0,16,0.0,0.0,,,,0.0044200001
170338,2020-06-02,Sibley,Minnesota,27143.0,16,0.0,0.0,,,,0.053100000999999994
170339,2020-06-03,Sibley,Minnesota,27143.0,16,0.0,0.0,,,,0.081699997
170340,2020-06-04,Sibley,Minnesota,27143.0,16,0.0,0.0,,,,0.152
170341,2020-06-05,Sibley,Minnesota,27143.0,17,0.0,1.0,,,,0.17900001
170342,2020-06-06,Sibley,Minnesota,27143.0,17,0.0,0.0,,,,0.09520000199999999
170343,2020-06-07,Sibley,Minnesota,27143.0,19,0.0,2.0,,,,0.083400004
170344,2020-06-08,Sibley,Minnesota,27143.0,19,0.0,0.0,,,,0.046799999
170345,2020-06-09,Sibley,Minnesota,27143.0,19,1.0,0.0,,,,-0.017100001
170346,2020-06-10,Sibley,Minnesota,27143.0,25,1.0,6.0,,,,0.044599999
170347,2020-06-11,Sibley,Minnesota,27143.0,25,1.0,0.0,,,,-0.015799999
170348,2020-06-12,Sibley,Minnesota,27143.0,25,2.0,0.0,,,,-0.023700001000000002
170349,2020-06-13,Sibley,Minnesota,27143.0,25,2.0,0.0,,,,0.10400000000000001
170350,2020-06-14,Sibley,Minnesota,27143.0,25,2.0,0.0,,,,-0.068899997
170351,2020-06-15,Sibley,Minnesota,27143.0,25,2.0,0.0,,,,-0.102
170352,2020-06-16,Sibley,Minnesota,27143.0,25,2.0,0.0,,,,-0.094999999
170353,2020-06-17,Sibley,Minnesota,27143.0,26,2.0,1.0,,,,-0.13500001
170354,2020-06-18,Sibley,Minnesota,27143.0,27,2.0,1.0,,,,-0.102
170355,2020-06-19,Sibley,Minnesota,27143.0,28,2.0,1.0,,,,-0.075800002
170356,2020-06-20,Sibley,Minnesota,27143.0,28,2.0,0.0,,,,-0.11
170357,2020-06-21,Sibley,Minnesota,27143.0,29,2.0,1.0,,,,0.018100001
170358,2020-06-22,Sibley,Minnesota,27143.0,29,2.0,0.0,,,,0.10300000000000001
170359,2020-06-23,Sibley,Minnesota,27143.0,29,2.0,0.0,,,,0.058800001
170360,2020-06-24,Sibley,Minnesota,27143.0,30,2.0,1.0,,,,-0.064000003
170361,2020-06-25,Sibley,Minnesota,27143.0,35,2.0,5.0,,,,-0.07389999900000001
170362,2020-06-26,Sibley,Minnesota,27143.0,37,2.0,2.0,,,,-0.105
170363,2020-06-27,Sibley,Minnesota,27143.0,40,2.0,3.0,,,,-0.0594
170364,2020-06-28,Sibley,Minnesota,27143.0,43,2.0,3.0,,,,-0.032600001
170365,2020-06-29,Sibley,Minnesota,27143.0,46,2.0,3.0,,,,-0.133
170366,2020-06-30,Sibley,Minnesota,27143.0,48,2.0,2.0,,,,-0.045600000999999994
170367,2020-07-01,Sibley,Minnesota,27143.0,48,2.0,0.0,,,,0.082000002
170368,2020-07-02,Sibley,Minnesota,27143.0,53,2.0,5.0,,,,0.036800001
170369,2020-07-03,Sibley,Minnesota,27143.0,54,2.0,1.0,,,,-0.0151
170370,2020-07-04,Sibley,Minnesota,27143.0,54,2.0,0.0,,,,-0.058699999
170371,2020-07-05,Sibley,Minnesota,27143.0,54,2.0,0.0,,,,0.0638
170372,2020-07-06,Sibley,Minnesota,27143.0,54,2.0,0.0,,,,0.16899999999999998
170373,2020-07-07,Sibley,Minnesota,27143.0,54,2.0,0.0,,,,0.125
170374,2020-07-08,Sibley,Minnesota,27143.0,55,2.0,1.0,,,,0.0207
170375,2020-07-09,Sibley,Minnesota,27143.0,56,2.0,1.0,,,,-0.033599999
170376,2020-07-10,Sibley,Minnesota,27143.0,57,2.0,1.0,,,,-0.032600001
170377,2020-07-11,Sibley,Minnesota,27143.0,58,2.0,1.0,,,,-0.072300002
170378,2020-07-12,Sibley,Minnesota,27143.0,58,2.0,0.0,,,,-0.072300002
170379,2020-07-13,Sibley,Minnesota,27143.0,57,2.0,-1.0,,,,-0.13699999
170380,2020-07-14,Sibley,Minnesota,27143.0,58,2.0,1.0,,,,-0.20800000000000002
170381,2020-07-15,Sibley,Minnesota,27143.0,59,2.0,1.0,,,,-0.154
170382,2020-07-16,Sibley,Minnesota,27143.0,62,2.0,3.0,,,,-0.059999999000000005
170383,2020-07-17,Sibley,Minnesota,27143.0,63,2.0,1.0,,,,-0.0348
170384,2020-07-18,Sibley,Minnesota,27143.0,64,2.0,1.0,,,,-0.0154
170385,2020-07-19,Sibley,Minnesota,27143.0,66,2.0,2.0,,,,-0.009270000300000001
170386,2020-07-20,Sibley,Minnesota,27143.0,66,2.0,0.0,,,,-0.048799999000000004
170387,2020-07-21,Sibley,Minnesota,27143.0,70,2.0,4.0,,,,-0.045000002000000004
170388,2020-07-22,Sibley,Minnesota,27143.0,69,2.0,-1.0,,,,-0.0394
170389,2020-07-23,Sibley,Minnesota,27143.0,69,2.0,0.0,,,,0.044799998
170390,2020-07-24,Sibley,Minnesota,27143.0,73,2.0,4.0,,,,0.064099997
170391,2020-07-25,Sibley,Minnesota,27143.0,71,2.0,-2.0,,,,-0.0101
170392,2020-07-26,Sibley,Minnesota,27143.0,72,2.0,1.0,,,,-0.008879999599999999
170393,2020-07-27,Sibley,Minnesota,27143.0,74,2.0,2.0,,,,0.031399999
170394,2020-07-28,Sibley,Minnesota,27143.0,74,2.0,0.0,,,,0.079400003
170395,2020-07-29,Sibley,Minnesota,27143.0,76,2.0,2.0,,,,0.080499999
170396,2020-07-30,Sibley,Minnesota,27143.0,76,2.0,0.0,,,,-0.06570000200000001
170397,2020-07-31,Sibley,Minnesota,27143.0,76,2.0,0.0,,,,-0.16
170398,2020-08-01,Sibley,Minnesota,27143.0,77,2.0,1.0,,,,-0.11
170399,2020-08-02,Sibley,Minnesota,27143.0,78,2.0,1.0,,,,-0.10800000000000001
170400,2020-08-03,Sibley,Minnesota,27143.0,79,2.0,1.0,,,,-0.111
170401,2020-08-04,Sibley,Minnesota,27143.0,80,2.0,1.0,,,,-0.11900000000000001
170402,2020-08-05,Sibley,Minnesota,27143.0,80,2.0,0.0,,,,-0.15000001
170403,2020-08-06,Sibley,Minnesota,27143.0,82,2.0,2.0,,,,-0.087099999
170404,2020-08-07,Sibley,Minnesota,27143.0,83,2.0,1.0,,,,-0.082199998
170405,2020-08-08,Sibley,Minnesota,27143.0,83,2.0,0.0,,,,-0.094599999
170406,2020-08-09,Sibley,Minnesota,27143.0,83,2.0,0.0,,,,-0.05739999900000001
170407,2020-08-10,Sibley,Minnesota,27143.0,84,2.0,1.0,,,,-0.10300000000000001
170408,2020-08-11,Sibley,Minnesota,27143.0,84,2.0,0.0,,,,-0.124
170409,2020-08-12,Sibley,Minnesota,27143.0,84,2.0,0.0,,,,-0.12899999
170410,2020-08-13,Sibley,Minnesota,27143.0,86,2.0,2.0,,,,-0.0911
170411,2020-08-14,Sibley,Minnesota,27143.0,86,2.0,0.0,,,,-0.08269999900000001
170412,2020-08-15,Sibley,Minnesota,27143.0,88,2.0,2.0,,,,-0.139
170413,2020-08-16,Sibley,Minnesota,27143.0,89,2.0,1.0,,,,-0.141
170414,2020-08-17,Sibley,Minnesota,27143.0,91,2.0,2.0,,,,-0.11
170415,2020-08-18,Sibley,Minnesota,27143.0,93,2.0,2.0,,,,-0.079099998
170416,2020-08-19,Sibley,Minnesota,27143.0,97,2.0,4.0,,,,0.017899999
170417,2020-08-20,Sibley,Minnesota,27143.0,99,2.0,2.0,,,,-0.033
170418,2020-08-21,Sibley,Minnesota,27143.0,101,2.0,2.0,,,,-0.076399997
170419,2020-08-22,Sibley,Minnesota,27143.0,105,2.0,4.0,,,,0.0383
170420,2020-08-23,Sibley,Minnesota,27143.0,112,2.0,7.0,,,,0.0115
170421,2020-08-24,Sibley,Minnesota,27143.0,116,2.0,4.0,,,,-0.0131
170422,2020-08-25,Sibley,Minnesota,27143.0,119,2.0,3.0,,,,-0.0135
170423,2020-08-26,Sibley,Minnesota,27143.0,123,2.0,4.0,,,,-0.070699997
170424,2020-08-27,Sibley,Minnesota,27143.0,125,2.0,2.0,,,,-0.0458
170425,2020-08-28,Sibley,Minnesota,27143.0,128,2.0,3.0,,,,0.0066499999
170426,2020-08-29,Sibley,Minnesota,27143.0,134,3.0,6.0,,,,-0.033
170427,2020-08-30,Sibley,Minnesota,27143.0,139,3.0,5.0,,,,-0.0284
170428,2020-08-31,Sibley,Minnesota,27143.0,140,3.0,1.0,,,,-0.0175
170429,2020-09-01,Sibley,Minnesota,27143.0,140,3.0,0.0,,,,-0.0053400001
170430,2020-09-02,Sibley,Minnesota,27143.0,140,3.0,0.0,,,,0.0307
170431,2020-09-03,Sibley,Minnesota,27143.0,143,3.0,3.0,,,,0.079599999
170432,2020-09-04,Sibley,Minnesota,27143.0,144,3.0,1.0,,,,0.11699999999999999
170433,2020-09-05,Sibley,Minnesota,27143.0,155,3.0,11.0,,,,0.049699999
170434,2020-09-06,Sibley,Minnesota,27143.0,155,3.0,0.0,,,,0.0328
170435,2020-09-07,Sibley,Minnesota,27143.0,155,3.0,0.0,,,,0.07379999799999999
170436,2020-09-08,Sibley,Minnesota,27143.0,156,3.0,1.0,,,,0.055
170437,2020-09-09,Sibley,Minnesota,27143.0,157,3.0,1.0,,,,0.14
170438,2020-09-10,Sibley,Minnesota,27143.0,150,3.0,-7.0,,,,0.13600001
170439,2020-09-11,Sibley,Minnesota,27143.0,153,3.0,3.0,,,,0.131
170440,2020-09-12,Sibley,Minnesota,27143.0,155,3.0,2.0,,,,0.16899999999999998
170441,2020-09-13,Sibley,Minnesota,27143.0,157,3.0,2.0,,,,0.076800004
170442,2020-09-14,Sibley,Minnesota,27143.0,161,3.0,4.0,,,,0.0288
170443,2020-09-15,Sibley,Minnesota,27143.0,162,3.0,1.0,,,,0.049400002
170444,2020-09-16,Sibley,Minnesota,27143.0,164,3.0,2.0,,,,-0.035300002000000004
170445,2020-09-17,Sibley,Minnesota,27143.0,166,3.0,2.0,,,,-0.12300000000000001
170446,2020-09-18,Sibley,Minnesota,27143.0,169,3.0,3.0,,,,-0.149
170447,2020-09-19,Sibley,Minnesota,27143.0,176,3.0,7.0,,,,-0.153
170448,2020-09-20,Sibley,Minnesota,27143.0,179,3.0,3.0,,,,-0.113
170449,2020-09-21,Sibley,Minnesota,27143.0,184,3.0,5.0,,,,-0.14399999
170450,2020-09-22,Sibley,Minnesota,27143.0,187,3.0,3.0,,,,-0.161
170451,2020-09-23,Sibley,Minnesota,27143.0,189,3.0,2.0,,,,-0.11900000000000001
170452,2020-09-24,Sibley,Minnesota,27143.0,186,3.0,-3.0,,,,-0.0090399999
170453,2020-09-25,Sibley,Minnesota,27143.0,191,3.0,5.0,,,,0.025900001000000002
170454,2020-09-26,Sibley,Minnesota,27143.0,192,3.0,1.0,,,,-0.0064699999
170455,2020-09-27,Sibley,Minnesota,27143.0,195,3.0,3.0,,,,-0.022000000000000002
170456,2020-09-28,Sibley,Minnesota,27143.0,199,3.0,4.0,,,,-0.0020300001
170457,2020-09-29,Sibley,Minnesota,27143.0,202,3.0,3.0,,,,-0.0136
170458,2020-09-30,Sibley,Minnesota,27143.0,203,3.0,1.0,,,,-0.022399999
170459,2020-10-01,Sibley,Minnesota,27143.0,204,3.0,1.0,,,,-0.10400000000000001
170460,2020-10-02,Sibley,Minnesota,27143.0,204,3.0,0.0,,,,-0.162
170461,2020-10-03,Sibley,Minnesota,27143.0,207,3.0,3.0,,,,-0.14399999
170462,2020-10-04,Sibley,Minnesota,27143.0,211,3.0,4.0,,,,-0.12
170463,2020-10-05,Sibley,Minnesota,27143.0,214,3.0,3.0,,,,-0.082500003
170464,2020-10-06,Sibley,Minnesota,27143.0,213,3.0,-1.0,,,,0.032699998
170465,2020-10-07,Sibley,Minnesota,27143.0,212,3.0,-1.0,,,,0.024499998999999998
170466,2020-10-08,Sibley,Minnesota,27143.0,215,3.0,3.0,,,,0.0482
170467,2020-10-09,Sibley,Minnesota,27143.0,217,3.0,2.0,,,,0.127
170468,2020-10-10,Sibley,Minnesota,27143.0,221,3.0,4.0,,,,0.086900003
170469,2020-10-11,Sibley,Minnesota,27143.0,222,3.0,1.0,,,,0.0187
170470,2020-10-12,Sibley,Minnesota,27143.0,224,3.0,2.0,,,,0.094599999
170471,2020-10-13,Sibley,Minnesota,27143.0,225,3.0,1.0,,,,-0.0147
170472,2020-10-14,Sibley,Minnesota,27143.0,227,3.0,2.0,,,,-0.113
170473,2020-10-15,Sibley,Minnesota,27143.0,227,3.0,0.0,,,,-0.072499998
170474,2020-10-16,Sibley,Minnesota,27143.0,232,3.0,5.0,,,,-0.15800001
170475,2020-10-17,Sibley,Minnesota,27143.0,234,3.0,2.0,,,,-0.16899999999999998
170476,2020-10-18,Sibley,Minnesota,27143.0,235,3.0,1.0,,,,-0.098499998
170477,2020-10-19,Sibley,Minnesota,27143.0,238,3.0,3.0,,,,-0.069300003
170478,2020-10-20,Sibley,Minnesota,27143.0,238,3.0,0.0,,,,-0.076899998
170479,2020-10-21,Sibley,Minnesota,27143.0,240,3.0,2.0,,,,-0.0186
170480,2020-10-22,Sibley,Minnesota,27143.0,242,3.0,2.0,,,,0.017000001
170481,2020-10-23,Sibley,Minnesota,27143.0,243,3.0,1.0,,,,0.0207
170482,2020-10-24,Sibley,Minnesota,27143.0,249,3.0,6.0,,,,0.0392
170483,2020-10-25,Sibley,Minnesota,27143.0,252,3.0,3.0,,,,0.0145
170484,2020-10-26,Sibley,Minnesota,27143.0,254,3.0,2.0,,,,-0.045600000999999994
170485,2020-10-27,Sibley,Minnesota,27143.0,260,3.0,6.0,,,,-0.0341
170486,2020-10-28,Sibley,Minnesota,27143.0,262,3.0,2.0,,,,-0.092200004
170487,2020-10-29,Sibley,Minnesota,27143.0,266,3.0,4.0,,,,-0.14800000000000002
170488,2020-10-30,Sibley,Minnesota,27143.0,273,3.0,7.0,,,,-0.0057999999
170489,2020-10-31,Sibley,Minnesota,27143.0,279,3.0,6.0,,,,-0.0306
170490,2020-11-01,Sibley,Minnesota,27143.0,281,3.0,2.0,,,,-0.111
170491,2020-11-02,Sibley,Minnesota,27143.0,290,3.0,9.0,,,,-0.092200004
170492,2020-11-03,Sibley,Minnesota,27143.0,295,3.0,5.0,,,,-0.0546
170493,2020-11-04,Sibley,Minnesota,27143.0,302,3.0,7.0,,,,-0.063500002
170494,2020-11-05,Sibley,Minnesota,27143.0,308,3.0,6.0,,,,-0.125
170495,2020-11-06,Sibley,Minnesota,27143.0,316,3.0,8.0,,,,-0.14300001
170496,2020-11-07,Sibley,Minnesota,27143.0,339,3.0,23.0,,,,-0.092900001
170497,2020-11-08,Sibley,Minnesota,27143.0,351,3.0,12.0,,,,-0.0568
170498,2020-11-09,Sibley,Minnesota,27143.0,356,3.0,5.0,,,,-0.107
170499,2020-11-10,Sibley,Minnesota,27143.0,368,3.0,12.0,,,,-0.0726
170500,2020-11-11,Sibley,Minnesota,27143.0,379,3.0,11.0,,,,-0.075000003
170501,2020-11-12,Sibley,Minnesota,27143.0,395,3.0,16.0,,,,-0.064000003
170502,2020-11-13,Sibley,Minnesota,27143.0,409,3.0,14.0,,,,-0.09480000300000001
170503,2020-11-14,Sibley,Minnesota,27143.0,440,3.0,31.0,,,,-0.078000002
170504,2020-11-15,Sibley,Minnesota,27143.0,483,3.0,43.0,,,,-0.069399998
170505,2020-11-16,Sibley,Minnesota,27143.0,512,3.0,29.0,,,,-0.059799999000000006
170506,2020-11-17,Sibley,Minnesota,27143.0,531,4.0,19.0,,,,-0.13600001
170507,2020-11-18,Sibley,Minnesota,27143.0,554,4.0,23.0,,,,-0.075900003
170508,2020-11-19,Sibley,Minnesota,27143.0,593,4.0,39.0,,,,-0.038899999
170509,2020-11-20,Sibley,Minnesota,27143.0,632,4.0,39.0,,,,-0.17299999
170510,2020-11-21,Sibley,Minnesota,27143.0,648,4.0,16.0,,,,-0.149
170511,2020-11-22,Sibley,Minnesota,27143.0,684,4.0,36.0,,,,-0.072800003
