,date,county,state,fips,cases,deaths,new_cases,emp_combined,emp_combined_inclow,revenue_all,spend_all
170768,2020-03-21,Steele,Minnesota,27147.0,2,0.0,0.0,,,,-0.13500001
170769,2020-03-22,Steele,Minnesota,27147.0,3,0.0,1.0,,,,-0.14800000000000002
170770,2020-03-23,Steele,Minnesota,27147.0,3,0.0,0.0,,,,-0.185
170771,2020-03-24,Steele,Minnesota,27147.0,5,0.0,2.0,,,,-0.2
170772,2020-03-25,Steele,Minnesota,27147.0,5,0.0,0.0,,,,-0.20999999
170773,2020-03-26,Steele,Minnesota,27147.0,5,0.0,0.0,,,,-0.20600000000000002
170774,2020-03-27,Steele,Minnesota,27147.0,5,0.0,0.0,,,,-0.23
170775,2020-03-28,Steele,Minnesota,27147.0,5,0.0,0.0,,,,-0.29300001
170776,2020-03-29,Steele,Minnesota,27147.0,5,0.0,0.0,,,,-0.33799999999999997
170777,2020-03-30,Steele,Minnesota,27147.0,6,0.0,1.0,,,,-0.285
170778,2020-03-31,Steele,Minnesota,27147.0,6,0.0,0.0,,,,-0.25099999
170779,2020-04-01,Steele,Minnesota,27147.0,6,0.0,0.0,,,,-0.26699999
170780,2020-04-02,Steele,Minnesota,27147.0,6,0.0,0.0,,,,-0.32899999999999996
170781,2020-04-03,Steele,Minnesota,27147.0,6,0.0,0.0,,,,-0.39899999
170782,2020-04-04,Steele,Minnesota,27147.0,8,0.0,2.0,,,,-0.37799999
170783,2020-04-05,Steele,Minnesota,27147.0,8,0.0,0.0,,,,-0.29899999
170784,2020-04-06,Steele,Minnesota,27147.0,8,0.0,0.0,,,,-0.31400001
170785,2020-04-07,Steele,Minnesota,27147.0,8,0.0,0.0,,,,-0.35699999
170786,2020-04-08,Steele,Minnesota,27147.0,8,0.0,0.0,,,,-0.32600001
170787,2020-04-09,Steele,Minnesota,27147.0,8,0.0,0.0,,,,-0.28999999
170788,2020-04-10,Steele,Minnesota,27147.0,9,0.0,1.0,,,,-0.26499999
170789,2020-04-11,Steele,Minnesota,27147.0,9,0.0,0.0,,,,-0.122
170790,2020-04-12,Steele,Minnesota,27147.0,9,0.0,0.0,,,,-0.252
170791,2020-04-13,Steele,Minnesota,27147.0,9,0.0,0.0,,,,-0.24699999
170792,2020-04-14,Steele,Minnesota,27147.0,9,0.0,0.0,,,,-0.242
170793,2020-04-15,Steele,Minnesota,27147.0,9,0.0,0.0,,,,-0.156
170794,2020-04-16,Steele,Minnesota,27147.0,9,0.0,0.0,,,,-0.13500001
170795,2020-04-17,Steele,Minnesota,27147.0,9,0.0,0.0,,,,-0.20600000000000002
170796,2020-04-18,Steele,Minnesota,27147.0,9,0.0,0.0,,,,-0.273
170797,2020-04-19,Steele,Minnesota,27147.0,9,0.0,0.0,,,,-0.21799999
170798,2020-04-20,Steele,Minnesota,27147.0,9,0.0,0.0,,,,-0.207
170799,2020-04-21,Steele,Minnesota,27147.0,9,0.0,0.0,,,,-0.19599999
170800,2020-04-22,Steele,Minnesota,27147.0,10,0.0,1.0,,,,-0.14300001
170801,2020-04-23,Steele,Minnesota,27147.0,10,0.0,0.0,,,,-0.17399999
170802,2020-04-24,Steele,Minnesota,27147.0,11,0.0,1.0,,,,-0.25999999
170803,2020-04-25,Steele,Minnesota,27147.0,12,0.0,1.0,,,,-0.18899999999999997
170804,2020-04-26,Steele,Minnesota,27147.0,12,0.0,0.0,,,,-0.141
170805,2020-04-27,Steele,Minnesota,27147.0,14,0.0,2.0,,,,-0.142
170806,2020-04-28,Steele,Minnesota,27147.0,14,0.0,0.0,,,,-0.19499999
170807,2020-04-29,Steele,Minnesota,27147.0,15,0.0,1.0,,,,-0.20999999
170808,2020-04-30,Steele,Minnesota,27147.0,16,0.0,1.0,,,,-0.13
170809,2020-05-01,Steele,Minnesota,27147.0,18,0.0,2.0,,,,-0.15099999
170810,2020-05-02,Steele,Minnesota,27147.0,20,0.0,2.0,,,,-0.152
170811,2020-05-03,Steele,Minnesota,27147.0,21,0.0,1.0,,,,-0.121
170812,2020-05-04,Steele,Minnesota,27147.0,24,0.0,3.0,,,,-0.09309999599999999
170813,2020-05-05,Steele,Minnesota,27147.0,25,0.0,1.0,,,,-0.09560000199999999
170814,2020-05-06,Steele,Minnesota,27147.0,29,0.0,4.0,,,,-0.10800000000000001
170815,2020-05-07,Steele,Minnesota,27147.0,37,0.0,8.0,,,,-0.034899998
170816,2020-05-08,Steele,Minnesota,27147.0,45,0.0,8.0,,,,0.00978
170817,2020-05-09,Steele,Minnesota,27147.0,58,0.0,13.0,,,,0.00242
170818,2020-05-10,Steele,Minnesota,27147.0,60,0.0,2.0,,,,-0.0196
170819,2020-05-11,Steele,Minnesota,27147.0,65,0.0,5.0,,,,-0.062700003
170820,2020-05-12,Steele,Minnesota,27147.0,73,0.0,8.0,,,,-0.0134
170821,2020-05-13,Steele,Minnesota,27147.0,73,0.0,0.0,,,,0.00318
170822,2020-05-14,Steele,Minnesota,27147.0,85,0.0,12.0,,,,-0.0568
170823,2020-05-15,Steele,Minnesota,27147.0,92,0.0,7.0,,,,-0.060600000999999994
170824,2020-05-16,Steele,Minnesota,27147.0,100,0.0,8.0,,,,-0.055300000999999994
170825,2020-05-17,Steele,Minnesota,27147.0,105,0.0,5.0,,,,-0.051800001
170826,2020-05-18,Steele,Minnesota,27147.0,111,0.0,6.0,,,,-0.036600001
170827,2020-05-19,Steele,Minnesota,27147.0,115,0.0,4.0,,,,-0.082199998
170828,2020-05-20,Steele,Minnesota,27147.0,116,0.0,1.0,,,,-0.11599999999999999
170829,2020-05-21,Steele,Minnesota,27147.0,122,0.0,6.0,,,,-0.090400003
170830,2020-05-22,Steele,Minnesota,27147.0,134,0.0,12.0,,,,-0.081100002
170831,2020-05-23,Steele,Minnesota,27147.0,138,0.0,4.0,,,,-0.078000002
170832,2020-05-24,Steele,Minnesota,27147.0,140,0.0,2.0,,,,-0.098499998
170833,2020-05-25,Steele,Minnesota,27147.0,141,0.0,1.0,,,,-0.079999998
170834,2020-05-26,Steele,Minnesota,27147.0,144,0.0,3.0,,,,-0.0396
170835,2020-05-27,Steele,Minnesota,27147.0,148,0.0,4.0,,,,0.030999999
170836,2020-05-28,Steele,Minnesota,27147.0,149,0.0,1.0,,,,-0.0126
170837,2020-05-29,Steele,Minnesota,27147.0,151,0.0,2.0,,,,-0.070799999
170838,2020-05-30,Steele,Minnesota,27147.0,159,0.0,8.0,,,,-0.067400001
170839,2020-05-31,Steele,Minnesota,27147.0,158,0.0,-1.0,,,,-0.06199999900000001
170840,2020-06-01,Steele,Minnesota,27147.0,160,0.0,2.0,,,,-0.071099997
170841,2020-06-02,Steele,Minnesota,27147.0,164,0.0,4.0,,,,-0.0517
170842,2020-06-03,Steele,Minnesota,27147.0,167,0.0,3.0,,,,-0.036499999
170843,2020-06-04,Steele,Minnesota,27147.0,167,0.0,0.0,,,,-0.028000001
170844,2020-06-05,Steele,Minnesota,27147.0,170,0.0,3.0,,,,-0.0195
170845,2020-06-06,Steele,Minnesota,27147.0,171,0.0,1.0,,,,-0.011000000000000001
170846,2020-06-07,Steele,Minnesota,27147.0,172,0.0,1.0,,,,-0.00245
170847,2020-06-08,Steele,Minnesota,27147.0,173,0.0,1.0,,,,0.023600001000000002
170848,2020-06-09,Steele,Minnesota,27147.0,173,0.0,0.0,,,,-0.0129
170849,2020-06-10,Steele,Minnesota,27147.0,173,0.0,0.0,,,,-0.08959999699999999
170850,2020-06-11,Steele,Minnesota,27147.0,173,0.0,0.0,,,,-0.081
170851,2020-06-12,Steele,Minnesota,27147.0,175,0.0,2.0,,,,-0.097800002
170852,2020-06-13,Steele,Minnesota,27147.0,175,0.0,0.0,,,,-0.053300001
170853,2020-06-14,Steele,Minnesota,27147.0,175,0.0,0.0,,,,-0.0392
170854,2020-06-15,Steele,Minnesota,27147.0,175,0.0,0.0,,,,-0.029899999
170855,2020-06-16,Steele,Minnesota,27147.0,175,0.0,0.0,,,,0.0031300001
170856,2020-06-17,Steele,Minnesota,27147.0,179,0.0,4.0,,,,-0.00618
170857,2020-06-18,Steele,Minnesota,27147.0,181,0.0,2.0,,,,-0.0048099998
170858,2020-06-19,Steele,Minnesota,27147.0,183,0.0,2.0,,,,0.054400000999999996
170859,2020-06-20,Steele,Minnesota,27147.0,186,0.0,3.0,,,,0.069799997
170860,2020-06-21,Steele,Minnesota,27147.0,194,0.0,8.0,,,,0.0372
170861,2020-06-22,Steele,Minnesota,27147.0,199,0.0,5.0,,,,0.0121
170862,2020-06-23,Steele,Minnesota,27147.0,200,0.0,1.0,,,,0.0471
170863,2020-06-24,Steele,Minnesota,27147.0,202,0.0,2.0,,,,0.0372
170864,2020-06-25,Steele,Minnesota,27147.0,206,0.0,4.0,,,,-0.022500001000000002
170865,2020-06-26,Steele,Minnesota,27147.0,209,0.0,3.0,,,,-0.094999999
170866,2020-06-27,Steele,Minnesota,27147.0,212,0.0,3.0,,,,-0.141
170867,2020-06-28,Steele,Minnesota,27147.0,212,0.0,0.0,,,,-0.1
170868,2020-06-29,Steele,Minnesota,27147.0,215,0.0,3.0,,,,-0.078100003
170869,2020-06-30,Steele,Minnesota,27147.0,215,0.0,0.0,,,,-0.09510000099999999
170870,2020-07-01,Steele,Minnesota,27147.0,219,0.0,4.0,,,,-0.088799998
170871,2020-07-02,Steele,Minnesota,27147.0,223,1.0,4.0,,,,-0.078500003
170872,2020-07-03,Steele,Minnesota,27147.0,228,1.0,5.0,,,,-0.0287
170873,2020-07-04,Steele,Minnesota,27147.0,228,1.0,0.0,,,,-0.037500001
170874,2020-07-05,Steele,Minnesota,27147.0,231,1.0,3.0,,,,-0.041700002
170875,2020-07-06,Steele,Minnesota,27147.0,231,1.0,0.0,,,,-0.019300001
170876,2020-07-07,Steele,Minnesota,27147.0,237,1.0,6.0,,,,-0.0418
170877,2020-07-08,Steele,Minnesota,27147.0,239,1.0,2.0,,,,-0.070299998
170878,2020-07-09,Steele,Minnesota,27147.0,240,1.0,1.0,,,,-0.079599999
170879,2020-07-10,Steele,Minnesota,27147.0,243,1.0,3.0,,,,-0.09279999900000001
170880,2020-07-11,Steele,Minnesota,27147.0,245,1.0,2.0,,,,-0.0964
170881,2020-07-12,Steele,Minnesota,27147.0,247,1.0,2.0,,,,-0.12300000000000001
170882,2020-07-13,Steele,Minnesota,27147.0,250,1.0,3.0,,,,-0.146
170883,2020-07-14,Steele,Minnesota,27147.0,266,1.0,16.0,,,,-0.17200001
170884,2020-07-15,Steele,Minnesota,27147.0,266,1.0,0.0,,,,-0.132
170885,2020-07-16,Steele,Minnesota,27147.0,274,1.0,8.0,,,,-0.109
170886,2020-07-17,Steele,Minnesota,27147.0,273,1.0,-1.0,,,,-0.077399999
170887,2020-07-18,Steele,Minnesota,27147.0,276,1.0,3.0,,,,-0.048700001
170888,2020-07-19,Steele,Minnesota,27147.0,279,1.0,3.0,,,,-0.031199999
170889,2020-07-20,Steele,Minnesota,27147.0,278,1.0,-1.0,,,,-0.036600001
170890,2020-07-21,Steele,Minnesota,27147.0,290,1.0,12.0,,,,-0.0425
170891,2020-07-22,Steele,Minnesota,27147.0,291,1.0,1.0,,,,-0.037900001
170892,2020-07-23,Steele,Minnesota,27147.0,292,1.0,1.0,,,,-0.0048000002000000005
170893,2020-07-24,Steele,Minnesota,27147.0,301,1.0,9.0,,,,0.033100002
170894,2020-07-25,Steele,Minnesota,27147.0,306,1.0,5.0,,,,-0.0125
170895,2020-07-26,Steele,Minnesota,27147.0,309,1.0,3.0,,,,-0.038199998
170896,2020-07-27,Steele,Minnesota,27147.0,311,1.0,2.0,,,,0.0014900001
170897,2020-07-28,Steele,Minnesota,27147.0,315,1.0,4.0,,,,0.045699999000000005
170898,2020-07-29,Steele,Minnesota,27147.0,315,1.0,0.0,,,,-0.0075699999
170899,2020-07-30,Steele,Minnesota,27147.0,318,1.0,3.0,,,,-0.049199997999999995
170900,2020-07-31,Steele,Minnesota,27147.0,321,1.0,3.0,,,,-0.086099997
170901,2020-08-01,Steele,Minnesota,27147.0,326,1.0,5.0,,,,-0.068800002
170902,2020-08-02,Steele,Minnesota,27147.0,327,1.0,1.0,,,,-0.094599999
170903,2020-08-03,Steele,Minnesota,27147.0,330,1.0,3.0,,,,-0.131
170904,2020-08-04,Steele,Minnesota,27147.0,333,1.0,3.0,,,,-0.141
170905,2020-08-05,Steele,Minnesota,27147.0,334,1.0,1.0,,,,-0.0911
170906,2020-08-06,Steele,Minnesota,27147.0,338,1.0,4.0,,,,-0.065399997
170907,2020-08-07,Steele,Minnesota,27147.0,338,1.0,0.0,,,,-0.064999998
170908,2020-08-08,Steele,Minnesota,27147.0,345,1.0,7.0,,,,-0.07150000299999999
170909,2020-08-09,Steele,Minnesota,27147.0,348,2.0,3.0,,,,-0.0524
170910,2020-08-10,Steele,Minnesota,27147.0,351,2.0,3.0,,,,-0.0528
170911,2020-08-11,Steele,Minnesota,27147.0,351,2.0,0.0,,,,-0.0396
170912,2020-08-12,Steele,Minnesota,27147.0,351,2.0,0.0,,,,-0.031300001
170913,2020-08-13,Steele,Minnesota,27147.0,356,2.0,5.0,,,,-0.0418
170914,2020-08-14,Steele,Minnesota,27147.0,363,2.0,7.0,,,,-0.034499998999999996
170915,2020-08-15,Steele,Minnesota,27147.0,365,2.0,2.0,,,,-0.033100002
170916,2020-08-16,Steele,Minnesota,27147.0,367,2.0,2.0,,,,-0.0127
170917,2020-08-17,Steele,Minnesota,27147.0,369,2.0,2.0,,,,-0.022399999
170918,2020-08-18,Steele,Minnesota,27147.0,371,2.0,2.0,,,,-0.061799999
170919,2020-08-19,Steele,Minnesota,27147.0,375,2.0,4.0,,,,-0.071999997
170920,2020-08-20,Steele,Minnesota,27147.0,378,2.0,3.0,,,,-0.0902
170921,2020-08-21,Steele,Minnesota,27147.0,384,2.0,6.0,,,,-0.10099999999999999
170922,2020-08-22,Steele,Minnesota,27147.0,389,2.0,5.0,,,,-0.088100001
170923,2020-08-23,Steele,Minnesota,27147.0,394,2.0,5.0,,,,-0.079499997
170924,2020-08-24,Steele,Minnesota,27147.0,399,2.0,5.0,,,,-0.068899997
170925,2020-08-25,Steele,Minnesota,27147.0,400,2.0,1.0,,,,-0.059999999000000005
170926,2020-08-26,Steele,Minnesota,27147.0,401,2.0,1.0,,,,-0.079499997
170927,2020-08-27,Steele,Minnesota,27147.0,407,2.0,6.0,,,,-0.065399997
170928,2020-08-28,Steele,Minnesota,27147.0,418,2.0,11.0,,,,-0.044000000000000004
170929,2020-08-29,Steele,Minnesota,27147.0,423,2.0,5.0,,,,-0.044399999
170930,2020-08-30,Steele,Minnesota,27147.0,428,2.0,5.0,,,,-0.087399997
170931,2020-08-31,Steele,Minnesota,27147.0,433,2.0,5.0,,,,-0.11800000000000001
170932,2020-09-01,Steele,Minnesota,27147.0,436,2.0,3.0,,,,-0.078699999
170933,2020-09-02,Steele,Minnesota,27147.0,441,2.0,5.0,,,,-0.050700000999999995
170934,2020-09-03,Steele,Minnesota,27147.0,449,2.0,8.0,,,,-0.0603
170935,2020-09-04,Steele,Minnesota,27147.0,458,2.0,9.0,,,,-0.072800003
170936,2020-09-05,Steele,Minnesota,27147.0,463,2.0,5.0,,,,-0.0691
170937,2020-09-06,Steele,Minnesota,27147.0,469,2.0,6.0,,,,-0.058200002
170938,2020-09-07,Steele,Minnesota,27147.0,473,2.0,4.0,,,,-0.035399999
170939,2020-09-08,Steele,Minnesota,27147.0,473,2.0,0.0,,,,-0.081900001
170940,2020-09-09,Steele,Minnesota,27147.0,476,2.0,3.0,,,,-0.13500001
170941,2020-09-10,Steele,Minnesota,27147.0,488,2.0,12.0,,,,-0.11199999999999999
170942,2020-09-11,Steele,Minnesota,27147.0,494,2.0,6.0,,,,-0.134
170943,2020-09-12,Steele,Minnesota,27147.0,496,2.0,2.0,,,,-0.149
170944,2020-09-13,Steele,Minnesota,27147.0,496,2.0,0.0,,,,-0.141
170945,2020-09-14,Steele,Minnesota,27147.0,497,2.0,1.0,,,,-0.134
170946,2020-09-15,Steele,Minnesota,27147.0,496,2.0,-1.0,,,,-0.08560000400000001
170947,2020-09-16,Steele,Minnesota,27147.0,498,2.0,2.0,,,,-0.11199999999999999
170948,2020-09-17,Steele,Minnesota,27147.0,506,2.0,8.0,,,,-0.14
170949,2020-09-18,Steele,Minnesota,27147.0,513,2.0,7.0,,,,-0.1
170950,2020-09-19,Steele,Minnesota,27147.0,516,2.0,3.0,,,,-0.074699998
170951,2020-09-20,Steele,Minnesota,27147.0,521,2.0,5.0,,,,-0.068499997
170952,2020-09-21,Steele,Minnesota,27147.0,522,2.0,1.0,,,,-0.09000000400000001
170953,2020-09-22,Steele,Minnesota,27147.0,526,2.0,4.0,,,,-0.145
170954,2020-09-23,Steele,Minnesota,27147.0,530,2.0,4.0,,,,-0.14
170955,2020-09-24,Steele,Minnesota,27147.0,533,2.0,3.0,,,,-0.061299998
170956,2020-09-25,Steele,Minnesota,27147.0,540,2.0,7.0,,,,-0.0601
170957,2020-09-26,Steele,Minnesota,27147.0,547,2.0,7.0,,,,-0.12899999
170958,2020-09-27,Steele,Minnesota,27147.0,553,2.0,6.0,,,,-0.09510000099999999
170959,2020-09-28,Steele,Minnesota,27147.0,555,2.0,2.0,,,,-0.060699999000000004
170960,2020-09-29,Steele,Minnesota,27147.0,555,2.0,0.0,,,,-0.055
170961,2020-09-30,Steele,Minnesota,27147.0,560,2.0,5.0,,,,-0.041499997999999996
170962,2020-10-01,Steele,Minnesota,27147.0,567,2.0,7.0,,,,-0.097000003
170963,2020-10-02,Steele,Minnesota,27147.0,571,2.0,4.0,,,,-0.11900000000000001
170964,2020-10-03,Steele,Minnesota,27147.0,581,2.0,10.0,,,,-0.050000000999999995
170965,2020-10-04,Steele,Minnesota,27147.0,586,2.0,5.0,,,,-0.054200001
170966,2020-10-05,Steele,Minnesota,27147.0,592,2.0,6.0,,,,-0.11
170967,2020-10-06,Steele,Minnesota,27147.0,602,2.0,10.0,,,,-0.146
170968,2020-10-07,Steele,Minnesota,27147.0,607,2.0,5.0,,,,-0.147
170969,2020-10-08,Steele,Minnesota,27147.0,614,2.0,7.0,,,,-0.13500001
170970,2020-10-09,Steele,Minnesota,27147.0,619,2.0,5.0,,,,-0.152
170971,2020-10-10,Steele,Minnesota,27147.0,635,2.0,16.0,,,,-0.19599999
170972,2020-10-11,Steele,Minnesota,27147.0,648,2.0,13.0,,,,-0.2
170973,2020-10-12,Steele,Minnesota,27147.0,657,2.0,9.0,,,,-0.139
170974,2020-10-13,Steele,Minnesota,27147.0,659,2.0,2.0,,,,-0.16500001
170975,2020-10-14,Steele,Minnesota,27147.0,668,2.0,9.0,,,,-0.17200001
170976,2020-10-15,Steele,Minnesota,27147.0,670,2.0,2.0,,,,-0.18099999
170977,2020-10-16,Steele,Minnesota,27147.0,692,2.0,22.0,,,,-0.16899999999999998
170978,2020-10-17,Steele,Minnesota,27147.0,712,2.0,20.0,,,,-0.146
170979,2020-10-18,Steele,Minnesota,27147.0,716,2.0,4.0,,,,-0.156
170980,2020-10-19,Steele,Minnesota,27147.0,721,2.0,5.0,,,,-0.105
170981,2020-10-20,Steele,Minnesota,27147.0,724,2.0,3.0,,,,-0.114
170982,2020-10-21,Steele,Minnesota,27147.0,733,2.0,9.0,,,,-0.15000001
170983,2020-10-22,Steele,Minnesota,27147.0,734,2.0,1.0,,,,-0.13600001
170984,2020-10-23,Steele,Minnesota,27147.0,741,3.0,7.0,,,,-0.11
170985,2020-10-24,Steele,Minnesota,27147.0,756,3.0,15.0,,,,-0.078500003
170986,2020-10-25,Steele,Minnesota,27147.0,759,3.0,3.0,,,,-0.10300000000000001
170987,2020-10-26,Steele,Minnesota,27147.0,761,3.0,2.0,,,,-0.11599999999999999
170988,2020-10-27,Steele,Minnesota,27147.0,782,3.0,21.0,,,,-0.0623
170989,2020-10-28,Steele,Minnesota,27147.0,787,3.0,5.0,,,,-0.052999999000000006
170990,2020-10-29,Steele,Minnesota,27147.0,801,3.0,14.0,,,,-0.035300002000000004
170991,2020-10-30,Steele,Minnesota,27147.0,817,3.0,16.0,,,,-0.034899998
170992,2020-10-31,Steele,Minnesota,27147.0,839,3.0,22.0,,,,-0.07299999900000001
170993,2020-11-01,Steele,Minnesota,27147.0,845,4.0,6.0,,,,-0.076700002
170994,2020-11-02,Steele,Minnesota,27147.0,857,4.0,12.0,,,,-0.08519999699999999
170995,2020-11-03,Steele,Minnesota,27147.0,874,4.0,17.0,,,,-0.125
170996,2020-11-04,Steele,Minnesota,27147.0,897,4.0,23.0,,,,-0.13500001
170997,2020-11-05,Steele,Minnesota,27147.0,917,4.0,20.0,,,,-0.17900001
170998,2020-11-06,Steele,Minnesota,27147.0,955,4.0,38.0,,,,-0.17800000000000002
170999,2020-11-07,Steele,Minnesota,27147.0,1004,4.0,49.0,,,,-0.16899999999999998
171000,2020-11-08,Steele,Minnesota,27147.0,1017,4.0,13.0,,,,-0.161
171001,2020-11-09,Steele,Minnesota,27147.0,1022,4.0,5.0,,,,-0.145
171002,2020-11-10,Steele,Minnesota,27147.0,1025,4.0,3.0,,,,-0.15700001
171003,2020-11-11,Steele,Minnesota,27147.0,1031,5.0,6.0,,,,-0.139
171004,2020-11-12,Steele,Minnesota,27147.0,1056,5.0,25.0,,,,-0.111
171005,2020-11-13,Steele,Minnesota,27147.0,1074,5.0,18.0,,,,-0.10400000000000001
171006,2020-11-14,Steele,Minnesota,27147.0,1138,5.0,64.0,,,,-0.11
171007,2020-11-15,Steele,Minnesota,27147.0,1318,5.0,180.0,,,,-0.113
171008,2020-11-16,Steele,Minnesota,27147.0,1392,5.0,74.0,,,,-0.141
171009,2020-11-17,Steele,Minnesota,27147.0,1423,5.0,31.0,,,,-0.14399999
171010,2020-11-18,Steele,Minnesota,27147.0,1447,6.0,24.0,,,,-0.11199999999999999
171011,2020-11-19,Steele,Minnesota,27147.0,1482,6.0,35.0,,,,-0.155
171012,2020-11-20,Steele,Minnesota,27147.0,1543,6.0,61.0,,,,-0.147
171013,2020-11-21,Steele,Minnesota,27147.0,1590,6.0,47.0,,,,-0.0836
171014,2020-11-22,Steele,Minnesota,27147.0,1639,6.0,49.0,,,,-0.09229999800000001
