,date,county,state,fips,cases,deaths,new_cases,emp_combined,emp_combined_inclow,revenue_all,spend_all
173441,2020-03-18,Bolivar,Mississippi,28011.0,2,0.0,0.0,,,,-0.092200004
173442,2020-03-19,Bolivar,Mississippi,28011.0,2,0.0,0.0,,,,-0.115
173443,2020-03-20,Bolivar,Mississippi,28011.0,2,0.0,0.0,,,,-0.16599999
173444,2020-03-21,Bolivar,Mississippi,28011.0,2,0.0,0.0,,,,-0.213
173445,2020-03-22,Bolivar,Mississippi,28011.0,3,0.0,1.0,,,,-0.214
173446,2020-03-23,Bolivar,Mississippi,28011.0,4,0.0,1.0,,,,-0.257
173447,2020-03-24,Bolivar,Mississippi,28011.0,4,0.0,0.0,,,,-0.255
173448,2020-03-25,Bolivar,Mississippi,28011.0,4,0.0,0.0,,,,-0.278
173449,2020-03-26,Bolivar,Mississippi,28011.0,6,0.0,2.0,,,,-0.29600000000000004
173450,2020-03-27,Bolivar,Mississippi,28011.0,9,0.0,3.0,,,,-0.29699999
173451,2020-03-28,Bolivar,Mississippi,28011.0,11,0.0,2.0,,,,-0.31799999
173452,2020-03-29,Bolivar,Mississippi,28011.0,11,0.0,0.0,,,,-0.34799999
173453,2020-03-30,Bolivar,Mississippi,28011.0,16,0.0,5.0,,,,-0.33700001
173454,2020-03-31,Bolivar,Mississippi,28011.0,22,1.0,6.0,,,,-0.30399999
173455,2020-04-01,Bolivar,Mississippi,28011.0,25,1.0,3.0,,,,-0.252
173456,2020-04-02,Bolivar,Mississippi,28011.0,27,1.0,2.0,,,,-0.23199999
173457,2020-04-03,Bolivar,Mississippi,28011.0,32,1.0,5.0,,,,-0.24100000000000002
173458,2020-04-04,Bolivar,Mississippi,28011.0,34,1.0,2.0,,,,-0.223
173459,2020-04-05,Bolivar,Mississippi,28011.0,45,2.0,11.0,,,,-0.19699999999999998
173460,2020-04-06,Bolivar,Mississippi,28011.0,51,2.0,6.0,,,,-0.175
173461,2020-04-07,Bolivar,Mississippi,28011.0,54,2.0,3.0,,,,-0.177
173462,2020-04-08,Bolivar,Mississippi,28011.0,54,2.0,0.0,,,,-0.20299999
173463,2020-04-09,Bolivar,Mississippi,28011.0,57,3.0,3.0,,,,-0.2
173464,2020-04-10,Bolivar,Mississippi,28011.0,61,3.0,4.0,,,,-0.243
173465,2020-04-11,Bolivar,Mississippi,28011.0,65,3.0,4.0,,,,-0.23800001
173466,2020-04-12,Bolivar,Mississippi,28011.0,68,3.0,3.0,,,,-0.26499999
173467,2020-04-13,Bolivar,Mississippi,28011.0,68,3.0,0.0,,,,-0.28099999
173468,2020-04-14,Bolivar,Mississippi,28011.0,69,4.0,1.0,,,,-0.285
173469,2020-04-15,Bolivar,Mississippi,28011.0,70,5.0,1.0,,,,-0.25099999
173470,2020-04-16,Bolivar,Mississippi,28011.0,74,5.0,4.0,,,,-0.19499999
173471,2020-04-17,Bolivar,Mississippi,28011.0,76,5.0,2.0,,,,-0.15099999
173472,2020-04-18,Bolivar,Mississippi,28011.0,79,5.0,3.0,,,,-0.113
173473,2020-04-19,Bolivar,Mississippi,28011.0,82,5.0,3.0,,,,-0.0898
173474,2020-04-20,Bolivar,Mississippi,28011.0,85,6.0,3.0,,,,-0.0779
173475,2020-04-21,Bolivar,Mississippi,28011.0,86,6.0,1.0,,,,-0.030999999
173476,2020-04-22,Bolivar,Mississippi,28011.0,87,6.0,1.0,,,,-0.062600002
173477,2020-04-23,Bolivar,Mississippi,28011.0,89,7.0,2.0,,,,-0.10099999999999999
173478,2020-04-24,Bolivar,Mississippi,28011.0,90,7.0,1.0,,,,-0.071800001
173479,2020-04-25,Bolivar,Mississippi,28011.0,94,7.0,4.0,,,,-0.098800004
173480,2020-04-26,Bolivar,Mississippi,28011.0,96,7.0,2.0,,,,-0.052499998
173481,2020-04-27,Bolivar,Mississippi,28011.0,101,7.0,5.0,,,,-0.029100001
173482,2020-04-28,Bolivar,Mississippi,28011.0,101,7.0,0.0,,,,-0.0722
173483,2020-04-29,Bolivar,Mississippi,28011.0,101,7.0,0.0,,,,-0.0141
173484,2020-04-30,Bolivar,Mississippi,28011.0,102,7.0,1.0,,,,0.0025200001
173485,2020-05-01,Bolivar,Mississippi,28011.0,102,7.0,0.0,,,,0.019400001
173486,2020-05-02,Bolivar,Mississippi,28011.0,105,7.0,3.0,,,,0.0149
173487,2020-05-03,Bolivar,Mississippi,28011.0,107,7.0,2.0,,,,-0.0052499999
173488,2020-05-04,Bolivar,Mississippi,28011.0,110,7.0,3.0,,,,0.0139
173489,2020-05-05,Bolivar,Mississippi,28011.0,112,8.0,2.0,,,,0.047200002000000005
173490,2020-05-06,Bolivar,Mississippi,28011.0,115,8.0,3.0,,,,0.0178
173491,2020-05-07,Bolivar,Mississippi,28011.0,115,8.0,0.0,,,,0.0055499999
173492,2020-05-08,Bolivar,Mississippi,28011.0,118,8.0,3.0,,,,-0.0108
173493,2020-05-09,Bolivar,Mississippi,28011.0,119,8.0,1.0,,,,-0.0020000001
173494,2020-05-10,Bolivar,Mississippi,28011.0,118,9.0,-1.0,,,,-0.0581
173495,2020-05-11,Bolivar,Mississippi,28011.0,118,9.0,0.0,,,,-0.053300001
173496,2020-05-12,Bolivar,Mississippi,28011.0,120,9.0,2.0,,,,-0.08060000099999999
173497,2020-05-13,Bolivar,Mississippi,28011.0,120,9.0,0.0,,,,-0.07530000099999999
173498,2020-05-14,Bolivar,Mississippi,28011.0,120,10.0,0.0,,,,-0.059700000999999996
173499,2020-05-15,Bolivar,Mississippi,28011.0,127,10.0,7.0,,,,-0.11900000000000001
173500,2020-05-16,Bolivar,Mississippi,28011.0,130,10.0,3.0,,,,-0.185
173501,2020-05-17,Bolivar,Mississippi,28011.0,129,10.0,-1.0,,,,-0.14399999
173502,2020-05-18,Bolivar,Mississippi,28011.0,129,10.0,0.0,,,,-0.147
173503,2020-05-19,Bolivar,Mississippi,28011.0,129,10.0,0.0,,,,-0.115
173504,2020-05-20,Bolivar,Mississippi,28011.0,132,10.0,3.0,,,,-0.105
173505,2020-05-21,Bolivar,Mississippi,28011.0,133,10.0,1.0,,,,-0.124
173506,2020-05-22,Bolivar,Mississippi,28011.0,134,10.0,1.0,,,,-0.00141
173507,2020-05-23,Bolivar,Mississippi,28011.0,136,10.0,2.0,,,,0.036499999
173508,2020-05-24,Bolivar,Mississippi,28011.0,140,10.0,4.0,,,,0.055599999000000004
173509,2020-05-25,Bolivar,Mississippi,28011.0,141,11.0,1.0,,,,0.035799999
173510,2020-05-26,Bolivar,Mississippi,28011.0,142,11.0,1.0,,,,0.0188
173511,2020-05-27,Bolivar,Mississippi,28011.0,149,11.0,7.0,,,,0.047200002000000005
173512,2020-05-28,Bolivar,Mississippi,28011.0,154,11.0,5.0,,,,0.062399998
173513,2020-05-29,Bolivar,Mississippi,28011.0,156,11.0,2.0,,,,0.040100001
173514,2020-05-30,Bolivar,Mississippi,28011.0,160,11.0,4.0,,,,0.0265
173515,2020-05-31,Bolivar,Mississippi,28011.0,162,11.0,2.0,,,,-0.023499999
173516,2020-06-01,Bolivar,Mississippi,28011.0,165,11.0,3.0,,,,-0.0264
173517,2020-06-02,Bolivar,Mississippi,28011.0,165,11.0,0.0,,,,0.0091899997
173518,2020-06-03,Bolivar,Mississippi,28011.0,166,11.0,1.0,,,,-0.037500001
173519,2020-06-04,Bolivar,Mississippi,28011.0,169,11.0,3.0,,,,-0.0572
173520,2020-06-05,Bolivar,Mississippi,28011.0,169,11.0,0.0,,,,-0.039700001
173521,2020-06-06,Bolivar,Mississippi,28011.0,170,11.0,1.0,,,,0.0174
173522,2020-06-07,Bolivar,Mississippi,28011.0,174,11.0,4.0,,,,0.059000000000000004
173523,2020-06-08,Bolivar,Mississippi,28011.0,176,11.0,2.0,,,,0.0383
173524,2020-06-09,Bolivar,Mississippi,28011.0,179,11.0,3.0,,,,0.0218
173525,2020-06-10,Bolivar,Mississippi,28011.0,180,11.0,1.0,,,,0.061900000999999996
173526,2020-06-11,Bolivar,Mississippi,28011.0,180,11.0,0.0,,,,0.088699996
173527,2020-06-12,Bolivar,Mississippi,28011.0,185,11.0,5.0,,,,0.09390000300000001
173528,2020-06-13,Bolivar,Mississippi,28011.0,185,12.0,0.0,,,,0.057700000999999994
173529,2020-06-14,Bolivar,Mississippi,28011.0,190,12.0,5.0,,,,0.048799999000000004
173530,2020-06-15,Bolivar,Mississippi,28011.0,194,12.0,4.0,,,,0.04309999900000001
173531,2020-06-16,Bolivar,Mississippi,28011.0,194,13.0,0.0,,,,0.035
173532,2020-06-17,Bolivar,Mississippi,28011.0,197,13.0,3.0,,,,0.0298
173533,2020-06-18,Bolivar,Mississippi,28011.0,197,13.0,0.0,,,,0.020400001
173534,2020-06-19,Bolivar,Mississippi,28011.0,197,13.0,0.0,,,,0.057500000999999995
173535,2020-06-20,Bolivar,Mississippi,28011.0,197,13.0,0.0,,,,0.084899999
173536,2020-06-21,Bolivar,Mississippi,28011.0,197,13.0,0.0,,,,0.08349999799999999
173537,2020-06-22,Bolivar,Mississippi,28011.0,208,13.0,11.0,,,,0.10300000000000001
173538,2020-06-23,Bolivar,Mississippi,28011.0,223,13.0,15.0,,,,0.08560000400000001
173539,2020-06-24,Bolivar,Mississippi,28011.0,230,13.0,7.0,,,,0.099100001
173540,2020-06-25,Bolivar,Mississippi,28011.0,233,13.0,3.0,,,,0.073399998
173541,2020-06-26,Bolivar,Mississippi,28011.0,236,13.0,3.0,,,,-0.099100001
173542,2020-06-27,Bolivar,Mississippi,28011.0,242,13.0,6.0,,,,-0.163
173543,2020-06-28,Bolivar,Mississippi,28011.0,247,13.0,5.0,,,,-0.17200001
173544,2020-06-29,Bolivar,Mississippi,28011.0,254,13.0,7.0,,,,-0.14300001
173545,2020-06-30,Bolivar,Mississippi,28011.0,261,13.0,7.0,,,,-0.09960000199999999
173546,2020-07-01,Bolivar,Mississippi,28011.0,277,13.0,16.0,,,,-0.098499998
173547,2020-07-02,Bolivar,Mississippi,28011.0,298,13.0,21.0,,,,-0.025800001
173548,2020-07-03,Bolivar,Mississippi,28011.0,321,14.0,23.0,,,,0.0548
173549,2020-07-04,Bolivar,Mississippi,28011.0,334,14.0,13.0,,,,0.066699997
173550,2020-07-05,Bolivar,Mississippi,28011.0,334,14.0,0.0,,,,0.0612
173551,2020-07-06,Bolivar,Mississippi,28011.0,340,14.0,6.0,,,,0.042800002000000004
173552,2020-07-07,Bolivar,Mississippi,28011.0,356,18.0,16.0,,,,0.061099999
173553,2020-07-08,Bolivar,Mississippi,28011.0,370,18.0,14.0,,,,0.053100000999999994
173554,2020-07-09,Bolivar,Mississippi,28011.0,380,18.0,10.0,,,,0.028899999
173555,2020-07-10,Bolivar,Mississippi,28011.0,394,18.0,14.0,,,,0.126
173556,2020-07-11,Bolivar,Mississippi,28011.0,405,18.0,11.0,,,,0.13699999
173557,2020-07-12,Bolivar,Mississippi,28011.0,412,18.0,7.0,,,,0.152
173558,2020-07-13,Bolivar,Mississippi,28011.0,416,18.0,4.0,,,,0.12300000000000001
173559,2020-07-14,Bolivar,Mississippi,28011.0,428,18.0,12.0,,,,0.085299999
173560,2020-07-15,Bolivar,Mississippi,28011.0,463,18.0,35.0,,,,0.046399999000000004
173561,2020-07-16,Bolivar,Mississippi,28011.0,500,18.0,37.0,,,,-0.0656
173562,2020-07-17,Bolivar,Mississippi,28011.0,524,18.0,24.0,,,,-0.082599998
173563,2020-07-18,Bolivar,Mississippi,28011.0,542,18.0,18.0,,,,-0.0792
173564,2020-07-19,Bolivar,Mississippi,28011.0,550,18.0,8.0,,,,-0.09399999699999999
173565,2020-07-20,Bolivar,Mississippi,28011.0,570,18.0,20.0,,,,-0.105
173566,2020-07-21,Bolivar,Mississippi,28011.0,605,22.0,35.0,,,,-0.098999999
173567,2020-07-22,Bolivar,Mississippi,28011.0,634,22.0,29.0,,,,-0.0088900002
173568,2020-07-23,Bolivar,Mississippi,28011.0,673,24.0,39.0,,,,0.090700001
173569,2020-07-24,Bolivar,Mississippi,28011.0,712,25.0,39.0,,,,0.14399999
173570,2020-07-25,Bolivar,Mississippi,28011.0,741,25.0,29.0,,,,0.111
173571,2020-07-26,Bolivar,Mississippi,28011.0,758,25.0,17.0,,,,0.105
173572,2020-07-27,Bolivar,Mississippi,28011.0,766,25.0,8.0,,,,0.074000001
173573,2020-07-28,Bolivar,Mississippi,28011.0,812,25.0,46.0,,,,0.0372
173574,2020-07-29,Bolivar,Mississippi,28011.0,860,26.0,48.0,,,,-0.0052999998
173575,2020-07-30,Bolivar,Mississippi,28011.0,889,29.0,29.0,,,,-0.040600002
173576,2020-07-31,Bolivar,Mississippi,28011.0,917,32.0,28.0,,,,-0.032000002
173577,2020-08-01,Bolivar,Mississippi,28011.0,933,32.0,16.0,,,,-0.0217
173578,2020-08-02,Bolivar,Mississippi,28011.0,939,32.0,6.0,,,,-0.024700001
173579,2020-08-03,Bolivar,Mississippi,28011.0,948,32.0,9.0,,,,0.018999999
173580,2020-08-04,Bolivar,Mississippi,28011.0,987,32.0,39.0,,,,0.064499997
173581,2020-08-05,Bolivar,Mississippi,28011.0,1010,32.0,23.0,,,,0.099399999
173582,2020-08-06,Bolivar,Mississippi,28011.0,1163,33.0,153.0,,,,0.12800001
173583,2020-08-07,Bolivar,Mississippi,28011.0,1093,33.0,-70.0,,,,0.105
173584,2020-08-08,Bolivar,Mississippi,28011.0,1108,34.0,15.0,,,,0.17
173585,2020-08-09,Bolivar,Mississippi,28011.0,1113,34.0,5.0,,,,0.191
173586,2020-08-10,Bolivar,Mississippi,28011.0,1118,34.0,5.0,,,,0.198
173587,2020-08-11,Bolivar,Mississippi,28011.0,1136,35.0,18.0,,,,0.17200001
173588,2020-08-12,Bolivar,Mississippi,28011.0,1156,36.0,20.0,,,,0.146
173589,2020-08-13,Bolivar,Mississippi,28011.0,1167,37.0,11.0,,,,0.14800000000000002
173590,2020-08-14,Bolivar,Mississippi,28011.0,1189,40.0,22.0,,,,0.16599999
173591,2020-08-15,Bolivar,Mississippi,28011.0,1219,40.0,30.0,,,,0.11699999999999999
173592,2020-08-16,Bolivar,Mississippi,28011.0,1221,40.0,2.0,,,,0.125
173593,2020-08-17,Bolivar,Mississippi,28011.0,1224,40.0,3.0,,,,0.09260000300000001
173594,2020-08-18,Bolivar,Mississippi,28011.0,1251,41.0,27.0,,,,0.107
173595,2020-08-19,Bolivar,Mississippi,28011.0,1269,40.0,18.0,,,,0.12899999
173596,2020-08-20,Bolivar,Mississippi,28011.0,1289,41.0,20.0,,,,0.0977
173597,2020-08-21,Bolivar,Mississippi,28011.0,1310,42.0,21.0,,,,0.082400002
173598,2020-08-22,Bolivar,Mississippi,28011.0,1333,42.0,23.0,,,,0.09000000400000001
173599,2020-08-23,Bolivar,Mississippi,28011.0,1342,42.0,9.0,,,,0.067400001
173600,2020-08-24,Bolivar,Mississippi,28011.0,1351,42.0,9.0,,,,0.154
173601,2020-08-25,Bolivar,Mississippi,28011.0,1380,42.0,29.0,,,,0.15800001
173602,2020-08-26,Bolivar,Mississippi,28011.0,1420,45.0,40.0,,,,0.15000001
173603,2020-08-27,Bolivar,Mississippi,28011.0,1428,46.0,8.0,,,,0.13
173604,2020-08-28,Bolivar,Mississippi,28011.0,1436,48.0,8.0,,,,0.124
173605,2020-08-29,Bolivar,Mississippi,28011.0,1462,48.0,26.0,,,,0.127
173606,2020-08-30,Bolivar,Mississippi,28011.0,1488,49.0,26.0,,,,0.0911
173607,2020-08-31,Bolivar,Mississippi,28011.0,1492,49.0,4.0,,,,0.044599999
173608,2020-09-01,Bolivar,Mississippi,28011.0,1512,51.0,20.0,,,,0.0308
173609,2020-09-02,Bolivar,Mississippi,28011.0,1556,54.0,44.0,,,,0.04410000099999999
173610,2020-09-03,Bolivar,Mississippi,28011.0,1583,55.0,27.0,,,,0.06319999700000001
173611,2020-09-04,Bolivar,Mississippi,28011.0,1605,56.0,22.0,,,,0.0506
173612,2020-09-05,Bolivar,Mississippi,28011.0,1634,57.0,29.0,,,,0.048300002
173613,2020-09-06,Bolivar,Mississippi,28011.0,1647,58.0,13.0,,,,0.086099997
173614,2020-09-07,Bolivar,Mississippi,28011.0,1648,58.0,1.0,,,,0.059300002000000004
173615,2020-09-08,Bolivar,Mississippi,28011.0,1652,58.0,4.0,,,,0.032099999
173616,2020-09-09,Bolivar,Mississippi,28011.0,1664,58.0,12.0,,,,0.0436
173617,2020-09-10,Bolivar,Mississippi,28011.0,1678,58.0,14.0,,,,0.039000001
173618,2020-09-11,Bolivar,Mississippi,28011.0,1701,58.0,23.0,,,,-0.0115
173619,2020-09-12,Bolivar,Mississippi,28011.0,1706,60.0,5.0,,,,-0.033199999
173620,2020-09-13,Bolivar,Mississippi,28011.0,1708,60.0,2.0,,,,-0.0374
173621,2020-09-14,Bolivar,Mississippi,28011.0,1708,60.0,0.0,,,,-0.079000004
173622,2020-09-15,Bolivar,Mississippi,28011.0,1727,62.0,19.0,,,,-0.093199998
173623,2020-09-16,Bolivar,Mississippi,28011.0,1750,64.0,23.0,,,,-0.0722
173624,2020-09-17,Bolivar,Mississippi,28011.0,1774,65.0,24.0,,,,-0.037900001
173625,2020-09-18,Bolivar,Mississippi,28011.0,1775,65.0,1.0,,,,0.036899998999999996
173626,2020-09-19,Bolivar,Mississippi,28011.0,1790,65.0,15.0,,,,0.070299998
173627,2020-09-20,Bolivar,Mississippi,28011.0,1794,65.0,4.0,,,,0.055799997999999996
173628,2020-09-21,Bolivar,Mississippi,28011.0,1795,65.0,1.0,,,,0.09080000199999999
173629,2020-09-22,Bolivar,Mississippi,28011.0,1797,65.0,2.0,,,,0.12
173630,2020-09-23,Bolivar,Mississippi,28011.0,1813,66.0,16.0,,,,0.155
173631,2020-09-24,Bolivar,Mississippi,28011.0,1823,66.0,10.0,,,,0.139
173632,2020-09-25,Bolivar,Mississippi,28011.0,1840,66.0,17.0,,,,0.09510000099999999
173633,2020-09-26,Bolivar,Mississippi,28011.0,1845,66.0,5.0,,,,0.115
173634,2020-09-27,Bolivar,Mississippi,28011.0,1847,66.0,2.0,,,,0.11699999999999999
173635,2020-09-28,Bolivar,Mississippi,28011.0,1849,66.0,2.0,,,,0.11199999999999999
173636,2020-09-29,Bolivar,Mississippi,28011.0,1857,70.0,8.0,,,,0.115
173637,2020-09-30,Bolivar,Mississippi,28011.0,1873,70.0,16.0,,,,0.077699997
173638,2020-10-01,Bolivar,Mississippi,28011.0,1882,71.0,9.0,,,,0.066
173639,2020-10-02,Bolivar,Mississippi,28011.0,1889,71.0,7.0,,,,0.07970000099999999
173640,2020-10-03,Bolivar,Mississippi,28011.0,1898,71.0,9.0,,,,0.06419999900000001
173641,2020-10-04,Bolivar,Mississippi,28011.0,1902,71.0,4.0,,,,0.228
173642,2020-10-05,Bolivar,Mississippi,28011.0,1902,71.0,0.0,,,,0.27200001
173643,2020-10-06,Bolivar,Mississippi,28011.0,1912,72.0,10.0,,,,0.245
173644,2020-10-07,Bolivar,Mississippi,28011.0,1924,74.0,12.0,,,,0.27200001
173645,2020-10-08,Bolivar,Mississippi,28011.0,1928,74.0,4.0,,,,0.33000001
173646,2020-10-09,Bolivar,Mississippi,28011.0,1933,75.0,5.0,,,,0.37
173647,2020-10-10,Bolivar,Mississippi,28011.0,1942,75.0,9.0,,,,0.29899999
173648,2020-10-11,Bolivar,Mississippi,28011.0,1940,75.0,-2.0,,,,0.115
173649,2020-10-12,Bolivar,Mississippi,28011.0,1943,75.0,3.0,,,,0.097000003
173650,2020-10-13,Bolivar,Mississippi,28011.0,1959,75.0,16.0,,,,0.08910000300000001
173651,2020-10-14,Bolivar,Mississippi,28011.0,1962,75.0,3.0,,,,0.047600000999999996
173652,2020-10-15,Bolivar,Mississippi,28011.0,1967,75.0,5.0,,,,0.034000002
173653,2020-10-16,Bolivar,Mississippi,28011.0,1973,75.0,6.0,,,,0.020300001
173654,2020-10-17,Bolivar,Mississippi,28011.0,1977,75.0,4.0,,,,0.041200001
173655,2020-10-18,Bolivar,Mississippi,28011.0,1977,75.0,0.0,,,,-0.0178
173656,2020-10-19,Bolivar,Mississippi,28011.0,1980,75.0,3.0,,,,-0.0239
173657,2020-10-20,Bolivar,Mississippi,28011.0,1983,77.0,3.0,,,,-0.0254
173658,2020-10-21,Bolivar,Mississippi,28011.0,1994,77.0,11.0,,,,0.0308
173659,2020-10-22,Bolivar,Mississippi,28011.0,2001,77.0,7.0,,,,-0.032000002
173660,2020-10-23,Bolivar,Mississippi,28011.0,2004,77.0,3.0,,,,-0.039500002
173661,2020-10-24,Bolivar,Mississippi,28011.0,2016,77.0,12.0,,,,-0.0146
173662,2020-10-25,Bolivar,Mississippi,28011.0,2016,77.0,0.0,,,,0.054200001
173663,2020-10-26,Bolivar,Mississippi,28011.0,2019,77.0,3.0,,,,0.0515
173664,2020-10-27,Bolivar,Mississippi,28011.0,2028,77.0,9.0,,,,0.0592
173665,2020-10-28,Bolivar,Mississippi,28011.0,2039,79.0,11.0,,,,0.0031099999
173666,2020-10-29,Bolivar,Mississippi,28011.0,2052,79.0,13.0,,,,0.0537
173667,2020-10-30,Bolivar,Mississippi,28011.0,2062,79.0,10.0,,,,0.121
173668,2020-10-31,Bolivar,Mississippi,28011.0,2072,79.0,10.0,,,,0.10800000000000001
173669,2020-11-01,Bolivar,Mississippi,28011.0,2072,79.0,0.0,,,,0.042599998
173670,2020-11-02,Bolivar,Mississippi,28011.0,2073,79.0,1.0,,,,0.039700001
173671,2020-11-03,Bolivar,Mississippi,28011.0,2076,81.0,3.0,,,,0.065399997
173672,2020-11-04,Bolivar,Mississippi,28011.0,2081,81.0,5.0,,,,0.082500003
173673,2020-11-05,Bolivar,Mississippi,28011.0,2103,81.0,22.0,,,,0.131
173674,2020-11-06,Bolivar,Mississippi,28011.0,2125,81.0,22.0,,,,0.132
173675,2020-11-07,Bolivar,Mississippi,28011.0,2144,81.0,19.0,,,,0.138
173676,2020-11-08,Bolivar,Mississippi,28011.0,2148,81.0,4.0,,,,0.19699999999999998
173677,2020-11-09,Bolivar,Mississippi,28011.0,2148,81.0,0.0,,,,0.16599999
173678,2020-11-10,Bolivar,Mississippi,28011.0,2158,82.0,10.0,,,,0.161
173679,2020-11-11,Bolivar,Mississippi,28011.0,2184,82.0,26.0,,,,0.17
173680,2020-11-12,Bolivar,Mississippi,28011.0,2202,82.0,18.0,,,,0.161
173681,2020-11-13,Bolivar,Mississippi,28011.0,2232,82.0,30.0,,,,0.11599999999999999
173682,2020-11-14,Bolivar,Mississippi,28011.0,2245,82.0,13.0,,,,0.11900000000000001
173683,2020-11-15,Bolivar,Mississippi,28011.0,2251,82.0,6.0,,,,0.134
173684,2020-11-16,Bolivar,Mississippi,28011.0,2257,82.0,6.0,,,,0.15800001
173685,2020-11-17,Bolivar,Mississippi,28011.0,2266,83.0,9.0,,,,0.127
173686,2020-11-18,Bolivar,Mississippi,28011.0,2294,83.0,28.0,,,,0.07389999900000001
173687,2020-11-19,Bolivar,Mississippi,28011.0,2315,83.0,21.0,,,,0.0678
173688,2020-11-20,Bolivar,Mississippi,28011.0,2350,83.0,35.0,,,,0.028200001000000002
173689,2020-11-21,Bolivar,Mississippi,28011.0,2369,83.0,19.0,,,,-0.0054799997999999996
173690,2020-11-22,Bolivar,Mississippi,28011.0,2375,83.0,6.0,,,,-0.046500001
