,date,county,state,fips,cases,deaths,new_cases,emp_combined,emp_combined_inclow,revenue_all,spend_all
173691,2020-03-18,Coahoma,Mississippi,28027.0,2,0.0,0.0,,,,-0.142
173692,2020-03-19,Coahoma,Mississippi,28027.0,2,0.0,0.0,,,,-0.124
173693,2020-03-20,Coahoma,Mississippi,28027.0,3,0.0,1.0,,,,-0.17399999
173694,2020-03-21,Coahoma,Mississippi,28027.0,5,0.0,2.0,,,,-0.215
173695,2020-03-22,Coahoma,Mississippi,28027.0,7,0.0,2.0,,,,-0.21600001
173696,2020-03-23,Coahoma,Mississippi,28027.0,8,0.0,1.0,,,,-0.243
173697,2020-03-24,Coahoma,Mississippi,28027.0,11,0.0,3.0,,,,-0.25
173698,2020-03-25,Coahoma,Mississippi,28027.0,11,0.0,0.0,,,,-0.27599999
173699,2020-03-26,Coahoma,Mississippi,28027.0,17,0.0,6.0,,,,-0.29899999
173700,2020-03-27,Coahoma,Mississippi,28027.0,18,0.0,1.0,,,,-0.28099999
173701,2020-03-28,Coahoma,Mississippi,28027.0,18,0.0,0.0,,,,-0.289
173702,2020-03-29,Coahoma,Mississippi,28027.0,18,0.0,0.0,,,,-0.32499999
173703,2020-03-30,Coahoma,Mississippi,28027.0,20,0.0,2.0,,,,-0.34900001
173704,2020-03-31,Coahoma,Mississippi,28027.0,21,0.0,1.0,,,,-0.354
173705,2020-04-01,Coahoma,Mississippi,28027.0,22,0.0,1.0,,,,-0.34799999
173706,2020-04-02,Coahoma,Mississippi,28027.0,23,0.0,1.0,,,,-0.34900001
173707,2020-04-03,Coahoma,Mississippi,28027.0,26,0.0,3.0,,,,-0.31
173708,2020-04-04,Coahoma,Mississippi,28027.0,27,1.0,1.0,,,,-0.30399999
173709,2020-04-05,Coahoma,Mississippi,28027.0,28,1.0,1.0,,,,-0.26699999
173710,2020-04-06,Coahoma,Mississippi,28027.0,29,1.0,1.0,,,,-0.23899999
173711,2020-04-07,Coahoma,Mississippi,28027.0,30,1.0,1.0,,,,-0.22400001
173712,2020-04-08,Coahoma,Mississippi,28027.0,32,1.0,2.0,,,,-0.171
173713,2020-04-09,Coahoma,Mississippi,28027.0,35,1.0,3.0,,,,-0.12899999
173714,2020-04-10,Coahoma,Mississippi,28027.0,37,1.0,2.0,,,,-0.11699999999999999
173715,2020-04-11,Coahoma,Mississippi,28027.0,38,1.0,1.0,,,,-0.10300000000000001
173716,2020-04-12,Coahoma,Mississippi,28027.0,38,1.0,0.0,,,,-0.139
173717,2020-04-13,Coahoma,Mississippi,28027.0,38,1.0,0.0,,,,-0.138
173718,2020-04-14,Coahoma,Mississippi,28027.0,39,1.0,1.0,,,,-0.138
173719,2020-04-15,Coahoma,Mississippi,28027.0,43,1.0,4.0,,,,-0.0473
173720,2020-04-16,Coahoma,Mississippi,28027.0,45,1.0,2.0,,,,0.000379
173721,2020-04-17,Coahoma,Mississippi,28027.0,45,1.0,0.0,,,,0.034200002
173722,2020-04-18,Coahoma,Mississippi,28027.0,46,1.0,1.0,,,,0.0977
173723,2020-04-19,Coahoma,Mississippi,28027.0,48,2.0,2.0,,,,0.107
173724,2020-04-20,Coahoma,Mississippi,28027.0,49,2.0,1.0,,,,0.183
173725,2020-04-21,Coahoma,Mississippi,28027.0,52,2.0,3.0,,,,0.28200001
173726,2020-04-22,Coahoma,Mississippi,28027.0,53,2.0,1.0,,,,0.19
173727,2020-04-23,Coahoma,Mississippi,28027.0,53,2.0,0.0,,,,0.175
173728,2020-04-24,Coahoma,Mississippi,28027.0,54,2.0,1.0,,,,0.12300000000000001
173729,2020-04-25,Coahoma,Mississippi,28027.0,54,2.0,0.0,,,,0.0381
173730,2020-04-26,Coahoma,Mississippi,28027.0,56,2.0,2.0,,,,0.0372
173731,2020-04-27,Coahoma,Mississippi,28027.0,58,2.0,2.0,,,,-0.023399998999999998
173732,2020-04-28,Coahoma,Mississippi,28027.0,60,3.0,2.0,,,,-0.090899996
173733,2020-04-29,Coahoma,Mississippi,28027.0,61,3.0,1.0,,,,-0.0583
173734,2020-04-30,Coahoma,Mississippi,28027.0,61,3.0,0.0,,,,-0.060199998
173735,2020-05-01,Coahoma,Mississippi,28027.0,64,3.0,3.0,,,,-0.0372
173736,2020-05-02,Coahoma,Mississippi,28027.0,66,3.0,2.0,,,,-0.0106
173737,2020-05-03,Coahoma,Mississippi,28027.0,69,3.0,3.0,,,,-0.0101
173738,2020-05-04,Coahoma,Mississippi,28027.0,70,3.0,1.0,,,,0.053100000999999994
173739,2020-05-05,Coahoma,Mississippi,28027.0,70,3.0,0.0,,,,0.067299999
173740,2020-05-06,Coahoma,Mississippi,28027.0,70,3.0,0.0,,,,0.0744
173741,2020-05-07,Coahoma,Mississippi,28027.0,70,3.0,0.0,,,,0.092900001
173742,2020-05-08,Coahoma,Mississippi,28027.0,71,3.0,1.0,,,,0.12300000000000001
173743,2020-05-09,Coahoma,Mississippi,28027.0,71,3.0,0.0,,,,0.18600000000000003
173744,2020-05-10,Coahoma,Mississippi,28027.0,71,3.0,0.0,,,,0.23999999
173745,2020-05-11,Coahoma,Mississippi,28027.0,71,3.0,0.0,,,,0.15800001
173746,2020-05-12,Coahoma,Mississippi,28027.0,72,3.0,1.0,,,,0.18700001
173747,2020-05-13,Coahoma,Mississippi,28027.0,72,3.0,0.0,,,,0.134
173748,2020-05-14,Coahoma,Mississippi,28027.0,73,3.0,1.0,,,,0.073399998
173749,2020-05-15,Coahoma,Mississippi,28027.0,75,3.0,2.0,,,,-0.065300003
173750,2020-05-16,Coahoma,Mississippi,28027.0,76,3.0,1.0,,,,-0.177
173751,2020-05-17,Coahoma,Mississippi,28027.0,76,3.0,0.0,,,,-0.18799999
173752,2020-05-18,Coahoma,Mississippi,28027.0,79,3.0,3.0,,,,-0.15099999
173753,2020-05-19,Coahoma,Mississippi,28027.0,85,3.0,6.0,,,,-0.16599999
173754,2020-05-20,Coahoma,Mississippi,28027.0,86,3.0,1.0,,,,-0.125
173755,2020-05-21,Coahoma,Mississippi,28027.0,86,3.0,0.0,,,,-0.10300000000000001
173756,2020-05-22,Coahoma,Mississippi,28027.0,92,3.0,6.0,,,,0.0116
173757,2020-05-23,Coahoma,Mississippi,28027.0,96,3.0,4.0,,,,0.14300001
173758,2020-05-24,Coahoma,Mississippi,28027.0,98,3.0,2.0,,,,0.091300003
173759,2020-05-25,Coahoma,Mississippi,28027.0,106,3.0,8.0,,,,0.069600001
173760,2020-05-26,Coahoma,Mississippi,28027.0,108,3.0,2.0,,,,0.038899999
173761,2020-05-27,Coahoma,Mississippi,28027.0,113,3.0,5.0,,,,0.042100001
173762,2020-05-28,Coahoma,Mississippi,28027.0,114,4.0,1.0,,,,0.0537
173763,2020-05-29,Coahoma,Mississippi,28027.0,120,4.0,6.0,,,,0.070600003
173764,2020-05-30,Coahoma,Mississippi,28027.0,121,4.0,1.0,,,,0.09539999800000001
173765,2020-05-31,Coahoma,Mississippi,28027.0,125,4.0,4.0,,,,0.06459999799999999
173766,2020-06-01,Coahoma,Mississippi,28027.0,125,4.0,0.0,,,,0.086999997
173767,2020-06-02,Coahoma,Mississippi,28027.0,127,4.0,2.0,,,,0.255
173768,2020-06-03,Coahoma,Mississippi,28027.0,128,4.0,1.0,,,,0.226
173769,2020-06-04,Coahoma,Mississippi,28027.0,131,4.0,3.0,,,,0.248
173770,2020-06-05,Coahoma,Mississippi,28027.0,132,4.0,1.0,,,,0.182
173771,2020-06-06,Coahoma,Mississippi,28027.0,132,4.0,0.0,,,,0.183
173772,2020-06-07,Coahoma,Mississippi,28027.0,134,4.0,2.0,,,,0.221
173773,2020-06-08,Coahoma,Mississippi,28027.0,139,4.0,5.0,,,,0.125
173774,2020-06-09,Coahoma,Mississippi,28027.0,141,4.0,2.0,,,,0.10800000000000001
173775,2020-06-10,Coahoma,Mississippi,28027.0,141,4.0,0.0,,,,0.12800001
173776,2020-06-11,Coahoma,Mississippi,28027.0,141,4.0,0.0,,,,0.156
173777,2020-06-12,Coahoma,Mississippi,28027.0,145,4.0,4.0,,,,0.21100000000000002
173778,2020-06-13,Coahoma,Mississippi,28027.0,146,4.0,1.0,,,,0.182
173779,2020-06-14,Coahoma,Mississippi,28027.0,147,4.0,1.0,,,,0.204
173780,2020-06-15,Coahoma,Mississippi,28027.0,150,4.0,3.0,,,,0.193
173781,2020-06-16,Coahoma,Mississippi,28027.0,153,6.0,3.0,,,,0.17600000000000002
173782,2020-06-17,Coahoma,Mississippi,28027.0,156,6.0,3.0,,,,0.141
173783,2020-06-18,Coahoma,Mississippi,28027.0,156,6.0,0.0,,,,0.113
173784,2020-06-19,Coahoma,Mississippi,28027.0,156,6.0,0.0,,,,0.191
173785,2020-06-20,Coahoma,Mississippi,28027.0,156,6.0,0.0,,,,0.20999999
173786,2020-06-21,Coahoma,Mississippi,28027.0,156,6.0,0.0,,,,0.18899999999999997
173787,2020-06-22,Coahoma,Mississippi,28027.0,161,6.0,5.0,,,,0.19899999999999998
173788,2020-06-23,Coahoma,Mississippi,28027.0,160,6.0,-1.0,,,,0.25299999
173789,2020-06-24,Coahoma,Mississippi,28027.0,167,6.0,7.0,,,,0.29499999
173790,2020-06-25,Coahoma,Mississippi,28027.0,175,6.0,8.0,,,,0.22400001
173791,2020-06-26,Coahoma,Mississippi,28027.0,176,6.0,1.0,,,,-0.050099999000000006
173792,2020-06-27,Coahoma,Mississippi,28027.0,177,6.0,1.0,,,,-0.096100003
173793,2020-06-28,Coahoma,Mississippi,28027.0,178,6.0,1.0,,,,-0.146
173794,2020-06-29,Coahoma,Mississippi,28027.0,180,6.0,2.0,,,,-0.14
173795,2020-06-30,Coahoma,Mississippi,28027.0,183,6.0,3.0,,,,-0.16
173796,2020-07-01,Coahoma,Mississippi,28027.0,186,6.0,3.0,,,,-0.12899999
173797,2020-07-02,Coahoma,Mississippi,28027.0,190,6.0,4.0,,,,0.064099997
173798,2020-07-03,Coahoma,Mississippi,28027.0,191,6.0,1.0,,,,0.11699999999999999
173799,2020-07-04,Coahoma,Mississippi,28027.0,199,6.0,8.0,,,,0.16399999999999998
173800,2020-07-05,Coahoma,Mississippi,28027.0,201,6.0,2.0,,,,0.221
173801,2020-07-06,Coahoma,Mississippi,28027.0,201,6.0,0.0,,,,0.184
173802,2020-07-07,Coahoma,Mississippi,28027.0,205,6.0,4.0,,,,0.193
173803,2020-07-08,Coahoma,Mississippi,28027.0,213,6.0,8.0,,,,0.155
173804,2020-07-09,Coahoma,Mississippi,28027.0,215,6.0,2.0,,,,0.036899998999999996
173805,2020-07-10,Coahoma,Mississippi,28027.0,219,6.0,4.0,,,,0.19400001
173806,2020-07-11,Coahoma,Mississippi,28027.0,222,6.0,3.0,,,,0.141
173807,2020-07-12,Coahoma,Mississippi,28027.0,230,6.0,8.0,,,,0.183
173808,2020-07-13,Coahoma,Mississippi,28027.0,235,6.0,5.0,,,,0.168
173809,2020-07-14,Coahoma,Mississippi,28027.0,237,6.0,2.0,,,,0.11199999999999999
173810,2020-07-15,Coahoma,Mississippi,28027.0,251,6.0,14.0,,,,0.0766
173811,2020-07-16,Coahoma,Mississippi,28027.0,257,6.0,6.0,,,,0.0164
173812,2020-07-17,Coahoma,Mississippi,28027.0,276,7.0,19.0,,,,-0.032200001
173813,2020-07-18,Coahoma,Mississippi,28027.0,285,7.0,9.0,,,,-0.046
173814,2020-07-19,Coahoma,Mississippi,28027.0,410,7.0,125.0,,,,-0.0656
173815,2020-07-20,Coahoma,Mississippi,28027.0,422,7.0,12.0,,,,-0.102
173816,2020-07-21,Coahoma,Mississippi,28027.0,443,7.0,21.0,,,,-0.074699998
173817,2020-07-22,Coahoma,Mississippi,28027.0,465,7.0,22.0,,,,0.0381
173818,2020-07-23,Coahoma,Mississippi,28027.0,471,7.0,6.0,,,,0.0337
173819,2020-07-24,Coahoma,Mississippi,28027.0,492,7.0,21.0,,,,0.061700001
173820,2020-07-25,Coahoma,Mississippi,28027.0,508,7.0,16.0,,,,0.17299999
173821,2020-07-26,Coahoma,Mississippi,28027.0,535,7.0,27.0,,,,0.17600000000000002
173822,2020-07-27,Coahoma,Mississippi,28027.0,547,7.0,12.0,,,,0.19400001
173823,2020-07-28,Coahoma,Mississippi,28027.0,567,7.0,20.0,,,,0.155
173824,2020-07-29,Coahoma,Mississippi,28027.0,593,7.0,26.0,,,,0.18600000000000003
173825,2020-07-30,Coahoma,Mississippi,28027.0,626,7.0,33.0,,,,0.177
173826,2020-07-31,Coahoma,Mississippi,28027.0,632,10.0,6.0,,,,0.17399999
173827,2020-08-01,Coahoma,Mississippi,28027.0,648,10.0,16.0,,,,0.09790000300000001
173828,2020-08-02,Coahoma,Mississippi,28027.0,659,10.0,11.0,,,,0.041299999
173829,2020-08-03,Coahoma,Mississippi,28027.0,663,10.0,4.0,,,,0.084299996
173830,2020-08-04,Coahoma,Mississippi,28027.0,677,10.0,14.0,,,,0.12899999
173831,2020-08-05,Coahoma,Mississippi,28027.0,684,10.0,7.0,,,,0.14399999
173832,2020-08-06,Coahoma,Mississippi,28027.0,697,11.0,13.0,,,,0.149
173833,2020-08-07,Coahoma,Mississippi,28027.0,715,11.0,18.0,,,,0.156
173834,2020-08-08,Coahoma,Mississippi,28027.0,743,12.0,28.0,,,,0.184
173835,2020-08-09,Coahoma,Mississippi,28027.0,760,13.0,17.0,,,,0.27700001
173836,2020-08-10,Coahoma,Mississippi,28027.0,772,13.0,12.0,,,,0.24699999
173837,2020-08-11,Coahoma,Mississippi,28027.0,781,13.0,9.0,,,,0.21899999999999997
173838,2020-08-12,Coahoma,Mississippi,28027.0,789,13.0,8.0,,,,0.17600000000000002
173839,2020-08-13,Coahoma,Mississippi,28027.0,798,13.0,9.0,,,,0.185
173840,2020-08-14,Coahoma,Mississippi,28027.0,810,13.0,12.0,,,,0.153
173841,2020-08-15,Coahoma,Mississippi,28027.0,812,13.0,2.0,,,,0.145
173842,2020-08-16,Coahoma,Mississippi,28027.0,817,13.0,5.0,,,,0.11
173843,2020-08-17,Coahoma,Mississippi,28027.0,830,13.0,13.0,,,,0.087700002
173844,2020-08-18,Coahoma,Mississippi,28027.0,834,14.0,4.0,,,,0.121
173845,2020-08-19,Coahoma,Mississippi,28027.0,875,14.0,41.0,,,,0.152
173846,2020-08-20,Coahoma,Mississippi,28027.0,890,14.0,15.0,,,,0.146
173847,2020-08-21,Coahoma,Mississippi,28027.0,895,14.0,5.0,,,,0.16399999999999998
173848,2020-08-22,Coahoma,Mississippi,28027.0,899,14.0,4.0,,,,0.15899999
173849,2020-08-23,Coahoma,Mississippi,28027.0,903,14.0,4.0,,,,0.152
173850,2020-08-24,Coahoma,Mississippi,28027.0,910,14.0,7.0,,,,0.156
173851,2020-08-25,Coahoma,Mississippi,28027.0,923,16.0,13.0,,,,0.11800000000000001
173852,2020-08-26,Coahoma,Mississippi,28027.0,926,17.0,3.0,,,,0.08820000300000001
173853,2020-08-27,Coahoma,Mississippi,28027.0,946,17.0,20.0,,,,0.081799999
173854,2020-08-28,Coahoma,Mississippi,28027.0,959,17.0,13.0,,,,0.039299997999999996
173855,2020-08-29,Coahoma,Mississippi,28027.0,969,17.0,10.0,,,,0.0539
173856,2020-08-30,Coahoma,Mississippi,28027.0,975,18.0,6.0,,,,0.037300002
173857,2020-08-31,Coahoma,Mississippi,28027.0,984,19.0,9.0,,,,0.031500001
173858,2020-09-01,Coahoma,Mississippi,28027.0,987,19.0,3.0,,,,0.020300001
173859,2020-09-02,Coahoma,Mississippi,28027.0,1013,20.0,26.0,,,,0.08560000400000001
173860,2020-09-03,Coahoma,Mississippi,28027.0,1022,20.0,9.0,,,,0.16500001
173861,2020-09-04,Coahoma,Mississippi,28027.0,1033,20.0,11.0,,,,0.17200001
173862,2020-09-05,Coahoma,Mississippi,28027.0,1041,21.0,8.0,,,,0.177
173863,2020-09-06,Coahoma,Mississippi,28027.0,1042,22.0,1.0,,,,0.34900001
173864,2020-09-07,Coahoma,Mississippi,28027.0,1044,22.0,2.0,,,,0.29800001
173865,2020-09-08,Coahoma,Mississippi,28027.0,1046,22.0,2.0,,,,0.15800001
173866,2020-09-09,Coahoma,Mississippi,28027.0,1055,22.0,9.0,,,,0.105
173867,2020-09-10,Coahoma,Mississippi,28027.0,1063,23.0,8.0,,,,0.09749999599999999
173868,2020-09-11,Coahoma,Mississippi,28027.0,1067,23.0,4.0,,,,0.051199999
173869,2020-09-12,Coahoma,Mississippi,28027.0,1070,24.0,3.0,,,,-0.0011099999999999999
173870,2020-09-13,Coahoma,Mississippi,28027.0,1072,24.0,2.0,,,,-0.0067599997999999994
173871,2020-09-14,Coahoma,Mississippi,28027.0,1073,24.0,1.0,,,,-0.051600002
173872,2020-09-15,Coahoma,Mississippi,28027.0,1079,24.0,6.0,,,,-0.0385
173873,2020-09-16,Coahoma,Mississippi,28027.0,1089,26.0,10.0,,,,-0.034299999
173874,2020-09-17,Coahoma,Mississippi,28027.0,1109,27.0,20.0,,,,-0.0414
173875,2020-09-18,Coahoma,Mississippi,28027.0,1112,27.0,3.0,,,,0.0209
173876,2020-09-19,Coahoma,Mississippi,28027.0,1123,27.0,11.0,,,,0.07289999700000001
173877,2020-09-20,Coahoma,Mississippi,28027.0,1123,27.0,0.0,,,,0.10800000000000001
173878,2020-09-21,Coahoma,Mississippi,28027.0,1128,27.0,5.0,,,,0.20600000000000002
173879,2020-09-22,Coahoma,Mississippi,28027.0,1136,27.0,8.0,,,,0.20999999
173880,2020-09-23,Coahoma,Mississippi,28027.0,1144,28.0,8.0,,,,0.243
173881,2020-09-24,Coahoma,Mississippi,28027.0,1150,28.0,6.0,,,,0.257
173882,2020-09-25,Coahoma,Mississippi,28027.0,1155,28.0,5.0,,,,0.16
173883,2020-09-26,Coahoma,Mississippi,28027.0,1163,29.0,8.0,,,,0.0014
173884,2020-09-27,Coahoma,Mississippi,28027.0,1162,29.0,-1.0,,,,-0.0163
173885,2020-09-28,Coahoma,Mississippi,28027.0,1163,29.0,1.0,,,,-0.109
173886,2020-09-29,Coahoma,Mississippi,28027.0,1167,30.0,4.0,,,,-0.106
173887,2020-09-30,Coahoma,Mississippi,28027.0,1175,30.0,8.0,,,,-0.074199997
173888,2020-10-01,Coahoma,Mississippi,28027.0,1178,30.0,3.0,,,,-0.040199999
173889,2020-10-02,Coahoma,Mississippi,28027.0,1184,31.0,6.0,,,,0.0748
173890,2020-10-03,Coahoma,Mississippi,28027.0,1188,31.0,4.0,,,,0.33700001
173891,2020-10-04,Coahoma,Mississippi,28027.0,1189,31.0,1.0,,,,0.38699999
173892,2020-10-05,Coahoma,Mississippi,28027.0,1189,31.0,0.0,,,,0.36700001
173893,2020-10-06,Coahoma,Mississippi,28027.0,1195,31.0,6.0,,,,0.38699999
173894,2020-10-07,Coahoma,Mississippi,28027.0,1198,32.0,3.0,,,,0.38699999
173895,2020-10-08,Coahoma,Mississippi,28027.0,1202,34.0,4.0,,,,0.38699999
173896,2020-10-09,Coahoma,Mississippi,28027.0,1205,34.0,3.0,,,,0.249
173897,2020-10-10,Coahoma,Mississippi,28027.0,1207,34.0,2.0,,,,0.35299999
173898,2020-10-11,Coahoma,Mississippi,28027.0,1208,34.0,1.0,,,,0.19
173899,2020-10-12,Coahoma,Mississippi,28027.0,1208,34.0,0.0,,,,0.14800000000000002
173900,2020-10-13,Coahoma,Mississippi,28027.0,1211,34.0,3.0,,,,0.16500001
173901,2020-10-14,Coahoma,Mississippi,28027.0,1215,35.0,4.0,,,,0.154
173902,2020-10-15,Coahoma,Mississippi,28027.0,1219,35.0,4.0,,,,0.109
173903,2020-10-16,Coahoma,Mississippi,28027.0,1223,36.0,4.0,,,,0.152
173904,2020-10-17,Coahoma,Mississippi,28027.0,1228,36.0,5.0,,,,0.15099999
173905,2020-10-18,Coahoma,Mississippi,28027.0,1228,36.0,0.0,,,,0.134
173906,2020-10-19,Coahoma,Mississippi,28027.0,1231,36.0,3.0,,,,0.12800001
173907,2020-10-20,Coahoma,Mississippi,28027.0,1234,36.0,3.0,,,,0.15099999
173908,2020-10-21,Coahoma,Mississippi,28027.0,1240,36.0,6.0,,,,0.15800001
173909,2020-10-22,Coahoma,Mississippi,28027.0,1247,36.0,7.0,,,,0.19400001
173910,2020-10-23,Coahoma,Mississippi,28027.0,1249,36.0,2.0,,,,0.20200001
173911,2020-10-24,Coahoma,Mississippi,28027.0,1249,37.0,0.0,,,,0.214
173912,2020-10-25,Coahoma,Mississippi,28027.0,1249,37.0,0.0,,,,0.205
173913,2020-10-26,Coahoma,Mississippi,28027.0,1254,37.0,5.0,,,,0.21600001
173914,2020-10-27,Coahoma,Mississippi,28027.0,1255,37.0,1.0,,,,0.21100000000000002
173915,2020-10-28,Coahoma,Mississippi,28027.0,1258,37.0,3.0,,,,0.113
173916,2020-10-29,Coahoma,Mississippi,28027.0,1265,37.0,7.0,,,,0.054299999
173917,2020-10-30,Coahoma,Mississippi,28027.0,1270,37.0,5.0,,,,0.0973
173918,2020-10-31,Coahoma,Mississippi,28027.0,1281,37.0,11.0,,,,0.082000002
173919,2020-11-01,Coahoma,Mississippi,28027.0,1286,37.0,5.0,,,,0.028899999
173920,2020-11-02,Coahoma,Mississippi,28027.0,1288,37.0,2.0,,,,0.0264
173921,2020-11-03,Coahoma,Mississippi,28027.0,1293,37.0,5.0,,,,0.040600002
173922,2020-11-04,Coahoma,Mississippi,28027.0,1299,37.0,6.0,,,,0.14
173923,2020-11-05,Coahoma,Mississippi,28027.0,1305,37.0,6.0,,,,0.19400001
173924,2020-11-06,Coahoma,Mississippi,28027.0,1306,37.0,1.0,,,,0.27399999
173925,2020-11-07,Coahoma,Mississippi,28027.0,1308,37.0,2.0,,,,0.30500001
173926,2020-11-08,Coahoma,Mississippi,28027.0,1313,37.0,5.0,,,,0.31799999
173927,2020-11-09,Coahoma,Mississippi,28027.0,1317,37.0,4.0,,,,0.226
173928,2020-11-10,Coahoma,Mississippi,28027.0,1320,37.0,3.0,,,,0.198
173929,2020-11-11,Coahoma,Mississippi,28027.0,1326,37.0,6.0,,,,0.19400001
173930,2020-11-12,Coahoma,Mississippi,28027.0,1332,37.0,6.0,,,,0.114
173931,2020-11-13,Coahoma,Mississippi,28027.0,1347,37.0,15.0,,,,0.145
173932,2020-11-14,Coahoma,Mississippi,28027.0,1358,39.0,11.0,,,,0.153
173933,2020-11-15,Coahoma,Mississippi,28027.0,1377,40.0,19.0,,,,0.184
173934,2020-11-16,Coahoma,Mississippi,28027.0,1383,40.0,6.0,,,,0.207
173935,2020-11-17,Coahoma,Mississippi,28027.0,1402,40.0,19.0,,,,0.22499999
173936,2020-11-18,Coahoma,Mississippi,28027.0,1421,40.0,19.0,,,,0.26499999
173937,2020-11-19,Coahoma,Mississippi,28027.0,1429,40.0,8.0,,,,0.255
173938,2020-11-20,Coahoma,Mississippi,28027.0,1442,40.0,13.0,,,,0.23100001
173939,2020-11-21,Coahoma,Mississippi,28027.0,1460,40.0,18.0,,,,0.28099999
173940,2020-11-22,Coahoma,Mississippi,28027.0,1467,42.0,7.0,,,,0.294
