,date,county,state,fips,cases,deaths,new_cases,emp_combined,emp_combined_inclow,revenue_all,spend_all
175199,2020-03-17,Jackson,Mississippi,28059.0,1,0.0,0.0,,,,0.142
175200,2020-03-18,Jackson,Mississippi,28059.0,1,0.0,0.0,,,,0.0381
175201,2020-03-19,Jackson,Mississippi,28059.0,2,0.0,1.0,,,,-0.076800004
175202,2020-03-20,Jackson,Mississippi,28059.0,3,0.0,1.0,,,,-0.17200001
175203,2020-03-21,Jackson,Mississippi,28059.0,5,0.0,2.0,,,,-0.15899999
175204,2020-03-22,Jackson,Mississippi,28059.0,5,0.0,0.0,,,,-0.12
175205,2020-03-23,Jackson,Mississippi,28059.0,7,0.0,2.0,,,,-0.207
175206,2020-03-24,Jackson,Mississippi,28059.0,10,0.0,3.0,,,,-0.21899999999999997
175207,2020-03-25,Jackson,Mississippi,28059.0,12,0.0,2.0,,,,-0.19499999
175208,2020-03-26,Jackson,Mississippi,28059.0,16,0.0,4.0,,,,-0.171
175209,2020-03-27,Jackson,Mississippi,28059.0,24,0.0,8.0,,,,-0.125
175210,2020-03-28,Jackson,Mississippi,28059.0,33,0.0,9.0,,,,-0.19699999999999998
175211,2020-03-29,Jackson,Mississippi,28059.0,34,0.0,1.0,,,,-0.29800001
175212,2020-03-30,Jackson,Mississippi,28059.0,39,0.0,5.0,,,,-0.243
175213,2020-03-31,Jackson,Mississippi,28059.0,40,0.0,1.0,,,,-0.175
175214,2020-04-01,Jackson,Mississippi,28059.0,52,0.0,12.0,,,,-0.142
175215,2020-04-02,Jackson,Mississippi,28059.0,57,1.0,5.0,,,,-0.175
175216,2020-04-03,Jackson,Mississippi,28059.0,75,1.0,18.0,,,,-0.23100001
175217,2020-04-04,Jackson,Mississippi,28059.0,79,1.0,4.0,,,,-0.245
175218,2020-04-05,Jackson,Mississippi,28059.0,86,3.0,7.0,,,,-0.152
175219,2020-04-06,Jackson,Mississippi,28059.0,98,5.0,12.0,,,,-0.0788
175220,2020-04-07,Jackson,Mississippi,28059.0,108,5.0,10.0,,,,-0.153
175221,2020-04-08,Jackson,Mississippi,28059.0,111,5.0,3.0,,,,-0.23
175222,2020-04-09,Jackson,Mississippi,28059.0,122,5.0,11.0,,,,-0.19
175223,2020-04-10,Jackson,Mississippi,28059.0,135,5.0,13.0,,,,-0.17399999
175224,2020-04-11,Jackson,Mississippi,28059.0,139,5.0,4.0,,,,-0.185
175225,2020-04-12,Jackson,Mississippi,28059.0,140,5.0,1.0,,,,-0.23899999
175226,2020-04-13,Jackson,Mississippi,28059.0,147,5.0,7.0,,,,-0.359
175227,2020-04-14,Jackson,Mississippi,28059.0,157,5.0,10.0,,,,-0.29499999
175228,2020-04-15,Jackson,Mississippi,28059.0,182,5.0,25.0,,,,-0.30199999
175229,2020-04-16,Jackson,Mississippi,28059.0,189,5.0,7.0,,,,-0.31400001
175230,2020-04-17,Jackson,Mississippi,28059.0,196,6.0,7.0,,,,-0.31099999
175231,2020-04-18,Jackson,Mississippi,28059.0,201,6.0,5.0,,,,-0.303
175232,2020-04-19,Jackson,Mississippi,28059.0,205,6.0,4.0,,,,-0.29300001
175233,2020-04-20,Jackson,Mississippi,28059.0,209,6.0,4.0,,,,-0.26699999
175234,2020-04-21,Jackson,Mississippi,28059.0,211,6.0,2.0,,,,-0.28600001
175235,2020-04-22,Jackson,Mississippi,28059.0,221,6.0,10.0,,,,-0.228
175236,2020-04-23,Jackson,Mississippi,28059.0,228,6.0,7.0,,,,-0.25799999
175237,2020-04-24,Jackson,Mississippi,28059.0,235,6.0,7.0,,,,-0.25
175238,2020-04-25,Jackson,Mississippi,28059.0,237,6.0,2.0,,,,-0.252
175239,2020-04-26,Jackson,Mississippi,28059.0,238,6.0,1.0,,,,-0.245
175240,2020-04-27,Jackson,Mississippi,28059.0,240,6.0,2.0,,,,-0.16899999999999998
175241,2020-04-28,Jackson,Mississippi,28059.0,252,6.0,12.0,,,,-0.154
175242,2020-04-29,Jackson,Mississippi,28059.0,255,6.0,3.0,,,,-0.205
175243,2020-04-30,Jackson,Mississippi,28059.0,259,6.0,4.0,,,,-0.19699999999999998
175244,2020-05-01,Jackson,Mississippi,28059.0,267,6.0,8.0,,,,-0.18600000000000003
175245,2020-05-02,Jackson,Mississippi,28059.0,267,7.0,0.0,,,,-0.152
175246,2020-05-03,Jackson,Mississippi,28059.0,267,7.0,0.0,,,,-0.14300001
175247,2020-05-04,Jackson,Mississippi,28059.0,267,7.0,0.0,,,,-0.215
175248,2020-05-05,Jackson,Mississippi,28059.0,270,9.0,3.0,,,,-0.243
175249,2020-05-06,Jackson,Mississippi,28059.0,271,10.0,1.0,,,,-0.19400001
175250,2020-05-07,Jackson,Mississippi,28059.0,272,11.0,1.0,,,,-0.214
175251,2020-05-08,Jackson,Mississippi,28059.0,273,11.0,1.0,,,,-0.24600001
175252,2020-05-09,Jackson,Mississippi,28059.0,275,11.0,2.0,,,,-0.20100001
175253,2020-05-10,Jackson,Mississippi,28059.0,275,11.0,0.0,,,,-0.16500001
175254,2020-05-11,Jackson,Mississippi,28059.0,276,11.0,1.0,,,,-0.17800000000000002
175255,2020-05-12,Jackson,Mississippi,28059.0,276,13.0,0.0,,,,-0.20600000000000002
175256,2020-05-13,Jackson,Mississippi,28059.0,278,13.0,2.0,,,,-0.182
175257,2020-05-14,Jackson,Mississippi,28059.0,280,13.0,2.0,,,,-0.056699999
175258,2020-05-15,Jackson,Mississippi,28059.0,283,13.0,3.0,,,,0.0129
175259,2020-05-16,Jackson,Mississippi,28059.0,284,13.0,1.0,,,,-0.0858
175260,2020-05-17,Jackson,Mississippi,28059.0,286,13.0,2.0,,,,-0.124
175261,2020-05-18,Jackson,Mississippi,28059.0,287,13.0,1.0,,,,-0.063900001
175262,2020-05-19,Jackson,Mississippi,28059.0,287,13.0,0.0,,,,-0.0515
175263,2020-05-20,Jackson,Mississippi,28059.0,288,13.0,1.0,,,,-0.0682
175264,2020-05-21,Jackson,Mississippi,28059.0,291,13.0,3.0,,,,-0.106
175265,2020-05-22,Jackson,Mississippi,28059.0,291,13.0,0.0,,,,-0.16599999
175266,2020-05-23,Jackson,Mississippi,28059.0,296,13.0,5.0,,,,-0.13
175267,2020-05-24,Jackson,Mississippi,28059.0,296,13.0,0.0,,,,-0.065499999
175268,2020-05-25,Jackson,Mississippi,28059.0,296,13.0,0.0,,,,-0.125
175269,2020-05-26,Jackson,Mississippi,28059.0,296,13.0,0.0,,,,-0.10300000000000001
175270,2020-05-27,Jackson,Mississippi,28059.0,300,13.0,4.0,,,,-0.067900002
175271,2020-05-28,Jackson,Mississippi,28059.0,303,13.0,3.0,,,,-0.07090000099999999
175272,2020-05-29,Jackson,Mississippi,28059.0,302,13.0,-1.0,,,,-0.034499998999999996
175273,2020-05-30,Jackson,Mississippi,28059.0,305,13.0,3.0,,,,-0.039700001
175274,2020-05-31,Jackson,Mississippi,28059.0,308,13.0,3.0,,,,-0.214
175275,2020-06-01,Jackson,Mississippi,28059.0,307,13.0,-1.0,,,,-0.20299999
175276,2020-06-02,Jackson,Mississippi,28059.0,308,13.0,1.0,,,,-0.107
175277,2020-06-03,Jackson,Mississippi,28059.0,309,14.0,1.0,,,,-0.171
175278,2020-06-04,Jackson,Mississippi,28059.0,314,15.0,5.0,,,,-0.145
175279,2020-06-05,Jackson,Mississippi,28059.0,314,15.0,0.0,,,,-0.142
175280,2020-06-06,Jackson,Mississippi,28059.0,317,15.0,3.0,,,,-0.10099999999999999
175281,2020-06-07,Jackson,Mississippi,28059.0,321,15.0,4.0,,,,-0.054299999
175282,2020-06-08,Jackson,Mississippi,28059.0,329,16.0,8.0,,,,-0.15800001
175283,2020-06-09,Jackson,Mississippi,28059.0,338,16.0,9.0,,,,-0.07090000099999999
175284,2020-06-10,Jackson,Mississippi,28059.0,339,16.0,1.0,,,,0.0504
175285,2020-06-11,Jackson,Mississippi,28059.0,339,16.0,0.0,,,,-0.034299999
175286,2020-06-12,Jackson,Mississippi,28059.0,344,16.0,5.0,,,,-0.10300000000000001
175287,2020-06-13,Jackson,Mississippi,28059.0,350,16.0,6.0,,,,-0.19400001
175288,2020-06-14,Jackson,Mississippi,28059.0,356,16.0,6.0,,,,-0.11199999999999999
175289,2020-06-15,Jackson,Mississippi,28059.0,367,16.0,11.0,,,,0.0092599997
175290,2020-06-16,Jackson,Mississippi,28059.0,378,16.0,11.0,,,,-0.0889
175291,2020-06-17,Jackson,Mississippi,28059.0,385,16.0,7.0,,,,-0.19400001
175292,2020-06-18,Jackson,Mississippi,28059.0,385,16.0,0.0,,,,-0.12899999
175293,2020-06-19,Jackson,Mississippi,28059.0,385,16.0,0.0,,,,-0.09809999900000001
175294,2020-06-20,Jackson,Mississippi,28059.0,385,16.0,0.0,,,,-0.07540000200000001
175295,2020-06-21,Jackson,Mississippi,28059.0,385,16.0,0.0,,,,-0.030200001
175296,2020-06-22,Jackson,Mississippi,28059.0,402,16.0,17.0,,,,-0.029200001
175297,2020-06-23,Jackson,Mississippi,28059.0,425,16.0,23.0,,,,-0.11599999999999999
175298,2020-06-24,Jackson,Mississippi,28059.0,439,16.0,14.0,,,,-0.207
175299,2020-06-25,Jackson,Mississippi,28059.0,458,16.0,19.0,,,,-0.278
175300,2020-06-26,Jackson,Mississippi,28059.0,471,16.0,13.0,,,,-0.22899999999999998
175301,2020-06-27,Jackson,Mississippi,28059.0,473,16.0,2.0,,,,-0.153
175302,2020-06-28,Jackson,Mississippi,28059.0,475,16.0,2.0,,,,-0.153
175303,2020-06-29,Jackson,Mississippi,28059.0,493,16.0,18.0,,,,-0.17399999
175304,2020-06-30,Jackson,Mississippi,28059.0,505,16.0,12.0,,,,-0.13699999
175305,2020-07-01,Jackson,Mississippi,28059.0,533,16.0,28.0,,,,-0.080300003
175306,2020-07-02,Jackson,Mississippi,28059.0,557,16.0,24.0,,,,-0.044300001
175307,2020-07-03,Jackson,Mississippi,28059.0,584,16.0,27.0,,,,-0.139
175308,2020-07-04,Jackson,Mississippi,28059.0,616,16.0,32.0,,,,-0.12
175309,2020-07-05,Jackson,Mississippi,28059.0,622,16.0,6.0,,,,-0.1
175310,2020-07-06,Jackson,Mississippi,28059.0,638,16.0,16.0,,,,-0.066399999
175311,2020-07-07,Jackson,Mississippi,28059.0,689,17.0,51.0,,,,0.00026999999
175312,2020-07-08,Jackson,Mississippi,28059.0,704,17.0,15.0,,,,-0.0735
175313,2020-07-09,Jackson,Mississippi,28059.0,727,17.0,23.0,,,,-0.069600001
175314,2020-07-10,Jackson,Mississippi,28059.0,744,18.0,17.0,,,,-0.062399998
175315,2020-07-11,Jackson,Mississippi,28059.0,775,19.0,31.0,,,,-0.17800000000000002
175316,2020-07-12,Jackson,Mississippi,28059.0,798,19.0,23.0,,,,-0.16699999999999998
175317,2020-07-13,Jackson,Mississippi,28059.0,804,19.0,6.0,,,,-0.16399999999999998
175318,2020-07-14,Jackson,Mississippi,28059.0,809,19.0,5.0,,,,-0.29300001
175319,2020-07-15,Jackson,Mississippi,28059.0,828,20.0,19.0,,,,-0.20800000000000002
175320,2020-07-16,Jackson,Mississippi,28059.0,874,20.0,46.0,,,,-0.147
175321,2020-07-17,Jackson,Mississippi,28059.0,900,20.0,26.0,,,,-0.15099999
175322,2020-07-18,Jackson,Mississippi,28059.0,1018,20.0,118.0,,,,-0.040100001
175323,2020-07-19,Jackson,Mississippi,28059.0,1081,21.0,63.0,,,,-0.043299999000000006
175324,2020-07-20,Jackson,Mississippi,28059.0,1115,22.0,34.0,,,,-0.081699997
175325,2020-07-21,Jackson,Mississippi,28059.0,1183,23.0,68.0,,,,-0.037599999
175326,2020-07-22,Jackson,Mississippi,28059.0,1368,23.0,185.0,,,,-0.0678
175327,2020-07-23,Jackson,Mississippi,28059.0,1384,24.0,16.0,,,,-0.051600002
175328,2020-07-24,Jackson,Mississippi,28059.0,1481,24.0,97.0,,,,-0.0231
175329,2020-07-25,Jackson,Mississippi,28059.0,1552,26.0,71.0,,,,-0.017000001
175330,2020-07-26,Jackson,Mississippi,28059.0,1582,27.0,30.0,,,,-0.0381
175331,2020-07-27,Jackson,Mississippi,28059.0,1596,27.0,14.0,,,,-0.080499999
175332,2020-07-28,Jackson,Mississippi,28059.0,1638,29.0,42.0,,,,-0.0524
175333,2020-07-29,Jackson,Mississippi,28059.0,1772,30.0,134.0,,,,0.0089999996
175334,2020-07-30,Jackson,Mississippi,28059.0,1820,34.0,48.0,,,,-0.07020000400000001
175335,2020-07-31,Jackson,Mississippi,28059.0,1837,34.0,17.0,,,,-0.082599998
175336,2020-08-01,Jackson,Mississippi,28059.0,1874,34.0,37.0,,,,-0.084899999
175337,2020-08-02,Jackson,Mississippi,28059.0,1929,34.0,55.0,,,,-0.07150000299999999
175338,2020-08-03,Jackson,Mississippi,28059.0,1994,34.0,65.0,,,,-0.044500001
175339,2020-08-04,Jackson,Mississippi,28059.0,2063,38.0,69.0,,,,-0.049800000999999997
175340,2020-08-05,Jackson,Mississippi,28059.0,2156,41.0,93.0,,,,-0.05739999900000001
175341,2020-08-06,Jackson,Mississippi,28059.0,2201,42.0,45.0,,,,-0.058600001
175342,2020-08-07,Jackson,Mississippi,28059.0,2225,42.0,24.0,,,,-0.0243
175343,2020-08-08,Jackson,Mississippi,28059.0,2269,42.0,44.0,,,,0.025800001
175344,2020-08-09,Jackson,Mississippi,28059.0,2276,42.0,7.0,,,,0.0021800001
175345,2020-08-10,Jackson,Mississippi,28059.0,2288,43.0,12.0,,,,0.0066200001000000005
175346,2020-08-11,Jackson,Mississippi,28059.0,2314,44.0,26.0,,,,0.08519999699999999
175347,2020-08-12,Jackson,Mississippi,28059.0,2391,45.0,77.0,,,,0.086900003
175348,2020-08-13,Jackson,Mississippi,28059.0,2411,47.0,20.0,,,,0.0273
175349,2020-08-14,Jackson,Mississippi,28059.0,2430,47.0,19.0,,,,0.024499998999999998
175350,2020-08-15,Jackson,Mississippi,28059.0,2449,47.0,19.0,,,,0.00021100001
175351,2020-08-16,Jackson,Mississippi,28059.0,2462,47.0,13.0,,,,0.0242
175352,2020-08-17,Jackson,Mississippi,28059.0,2482,47.0,20.0,,,,0.10099999999999999
175353,2020-08-18,Jackson,Mississippi,28059.0,2518,48.0,36.0,,,,0.07010000200000001
175354,2020-08-19,Jackson,Mississippi,28059.0,2594,50.0,76.0,,,,0.0539
175355,2020-08-20,Jackson,Mississippi,28059.0,2650,52.0,56.0,,,,0.127
175356,2020-08-21,Jackson,Mississippi,28059.0,2696,53.0,46.0,,,,0.145
175357,2020-08-22,Jackson,Mississippi,28059.0,2720,54.0,24.0,,,,0.168
175358,2020-08-23,Jackson,Mississippi,28059.0,2753,54.0,33.0,,,,0.185
175359,2020-08-24,Jackson,Mississippi,28059.0,2775,54.0,22.0,,,,0.11199999999999999
175360,2020-08-25,Jackson,Mississippi,28059.0,2830,57.0,55.0,,,,0.0579
175361,2020-08-26,Jackson,Mississippi,28059.0,2879,59.0,49.0,,,,0.10800000000000001
175362,2020-08-27,Jackson,Mississippi,28059.0,2897,59.0,18.0,,,,0.15000001
175363,2020-08-28,Jackson,Mississippi,28059.0,2932,59.0,35.0,,,,0.081600003
175364,2020-08-29,Jackson,Mississippi,28059.0,2946,59.0,14.0,,,,0.078000002
175365,2020-08-30,Jackson,Mississippi,28059.0,2990,60.0,44.0,,,,0.067400001
175366,2020-08-31,Jackson,Mississippi,28059.0,3005,60.0,15.0,,,,0.06329999900000001
175367,2020-09-01,Jackson,Mississippi,28059.0,3052,60.0,47.0,,,,0.111
175368,2020-09-02,Jackson,Mississippi,28059.0,3073,60.0,21.0,,,,0.111
175369,2020-09-03,Jackson,Mississippi,28059.0,3095,60.0,22.0,,,,0.126
175370,2020-09-04,Jackson,Mississippi,28059.0,3126,60.0,31.0,,,,0.16
175371,2020-09-05,Jackson,Mississippi,28059.0,3147,60.0,21.0,,,,0.127
175372,2020-09-06,Jackson,Mississippi,28059.0,3158,60.0,11.0,,,,0.11800000000000001
175373,2020-09-07,Jackson,Mississippi,28059.0,3172,60.0,14.0,,,,0.113
175374,2020-09-08,Jackson,Mississippi,28059.0,3198,60.0,26.0,,,,0.082800001
175375,2020-09-09,Jackson,Mississippi,28059.0,3218,64.0,20.0,,,,0.124
175376,2020-09-10,Jackson,Mississippi,28059.0,3244,65.0,26.0,,,,0.0469
175377,2020-09-11,Jackson,Mississippi,28059.0,3270,65.0,26.0,,,,0.053100000999999994
175378,2020-09-12,Jackson,Mississippi,28059.0,3285,66.0,15.0,,,,0.067900002
175379,2020-09-13,Jackson,Mississippi,28059.0,3290,66.0,5.0,,,,0.0867
175380,2020-09-14,Jackson,Mississippi,28059.0,3297,66.0,7.0,,,,0.086300001
175381,2020-09-15,Jackson,Mississippi,28059.0,3301,66.0,4.0,,,,0.056699999
175382,2020-09-16,Jackson,Mississippi,28059.0,3326,66.0,25.0,,,,-0.139
175383,2020-09-17,Jackson,Mississippi,28059.0,3343,67.0,17.0,,,,0.026699999
175384,2020-09-18,Jackson,Mississippi,28059.0,3358,67.0,15.0,,,,0.0493
175385,2020-09-19,Jackson,Mississippi,28059.0,3378,67.0,20.0,,,,0.044599999
175386,2020-09-20,Jackson,Mississippi,28059.0,3388,67.0,10.0,,,,-0.018300001
175387,2020-09-21,Jackson,Mississippi,28059.0,3399,67.0,11.0,,,,-0.032299998999999996
175388,2020-09-22,Jackson,Mississippi,28059.0,3418,69.0,19.0,,,,0.0283
175389,2020-09-23,Jackson,Mississippi,28059.0,3430,69.0,12.0,,,,0.051600002
175390,2020-09-24,Jackson,Mississippi,28059.0,3456,70.0,26.0,,,,0.233
175391,2020-09-25,Jackson,Mississippi,28059.0,3486,70.0,30.0,,,,0.149
175392,2020-09-26,Jackson,Mississippi,28059.0,3505,70.0,19.0,,,,0.102
175393,2020-09-27,Jackson,Mississippi,28059.0,3521,70.0,16.0,,,,0.145
175394,2020-09-28,Jackson,Mississippi,28059.0,3527,70.0,6.0,,,,0.146
175395,2020-09-29,Jackson,Mississippi,28059.0,3553,70.0,26.0,,,,0.098899998
175396,2020-09-30,Jackson,Mississippi,28059.0,3585,70.0,32.0,,,,0.07289999700000001
175397,2020-10-01,Jackson,Mississippi,28059.0,3643,70.0,58.0,,,,0.027100001000000002
175398,2020-10-02,Jackson,Mississippi,28059.0,3709,70.0,66.0,,,,0.061700001
175399,2020-10-03,Jackson,Mississippi,28059.0,3737,70.0,28.0,,,,0.11599999999999999
175400,2020-10-04,Jackson,Mississippi,28059.0,3739,70.0,2.0,,,,0.124
175401,2020-10-05,Jackson,Mississippi,28059.0,3754,70.0,15.0,,,,0.16
175402,2020-10-06,Jackson,Mississippi,28059.0,3848,71.0,94.0,,,,0.18099999
175403,2020-10-07,Jackson,Mississippi,28059.0,3882,72.0,34.0,,,,0.16899999999999998
175404,2020-10-08,Jackson,Mississippi,28059.0,3917,74.0,35.0,,,,0.22699999999999998
175405,2020-10-09,Jackson,Mississippi,28059.0,3956,74.0,39.0,,,,0.27200001
175406,2020-10-10,Jackson,Mississippi,28059.0,4002,74.0,46.0,,,,0.273
175407,2020-10-11,Jackson,Mississippi,28059.0,4011,74.0,9.0,,,,0.24600001
175408,2020-10-12,Jackson,Mississippi,28059.0,4029,74.0,18.0,,,,0.25
175409,2020-10-13,Jackson,Mississippi,28059.0,4083,74.0,54.0,,,,0.192
175410,2020-10-14,Jackson,Mississippi,28059.0,4130,75.0,47.0,,,,0.153
175411,2020-10-15,Jackson,Mississippi,28059.0,4193,76.0,63.0,,,,0.191
175412,2020-10-16,Jackson,Mississippi,28059.0,4258,77.0,65.0,,,,0.182
175413,2020-10-17,Jackson,Mississippi,28059.0,4291,78.0,33.0,,,,0.161
175414,2020-10-18,Jackson,Mississippi,28059.0,4291,78.0,0.0,,,,0.17200001
175415,2020-10-19,Jackson,Mississippi,28059.0,4319,78.0,28.0,,,,0.161
175416,2020-10-20,Jackson,Mississippi,28059.0,4350,81.0,31.0,,,,0.19899999999999998
175417,2020-10-21,Jackson,Mississippi,28059.0,4393,83.0,43.0,,,,0.242
175418,2020-10-22,Jackson,Mississippi,28059.0,4450,84.0,57.0,,,,0.191
175419,2020-10-23,Jackson,Mississippi,28059.0,4503,84.0,53.0,,,,0.16699999999999998
175420,2020-10-24,Jackson,Mississippi,28059.0,4578,84.0,75.0,,,,0.207
175421,2020-10-25,Jackson,Mississippi,28059.0,4578,84.0,0.0,,,,0.20200001
175422,2020-10-26,Jackson,Mississippi,28059.0,4622,85.0,44.0,,,,0.183
175423,2020-10-27,Jackson,Mississippi,28059.0,4693,87.0,71.0,,,,0.15099999
175424,2020-10-28,Jackson,Mississippi,28059.0,4800,88.0,107.0,,,,0.084399998
175425,2020-10-29,Jackson,Mississippi,28059.0,4884,88.0,84.0,,,,0.04769999900000001
175426,2020-10-30,Jackson,Mississippi,28059.0,4917,90.0,33.0,,,,0.0122
175427,2020-10-31,Jackson,Mississippi,28059.0,4940,91.0,23.0,,,,-0.0019100000000000002
175428,2020-11-01,Jackson,Mississippi,28059.0,4952,91.0,12.0,,,,0.059099998
175429,2020-11-02,Jackson,Mississippi,28059.0,4978,91.0,26.0,,,,0.12899999
175430,2020-11-03,Jackson,Mississippi,28059.0,5024,99.0,46.0,,,,0.102
175431,2020-11-04,Jackson,Mississippi,28059.0,5077,100.0,53.0,,,,0.09650000199999999
175432,2020-11-05,Jackson,Mississippi,28059.0,5184,100.0,107.0,,,,0.154
175433,2020-11-06,Jackson,Mississippi,28059.0,5248,101.0,64.0,,,,0.182
175434,2020-11-07,Jackson,Mississippi,28059.0,5316,102.0,68.0,,,,0.191
175435,2020-11-08,Jackson,Mississippi,28059.0,5390,102.0,74.0,,,,0.138
175436,2020-11-09,Jackson,Mississippi,28059.0,5437,102.0,47.0,,,,0.073399998
175437,2020-11-10,Jackson,Mississippi,28059.0,5481,103.0,44.0,,,,0.127
175438,2020-11-11,Jackson,Mississippi,28059.0,5528,103.0,47.0,,,,0.192
175439,2020-11-12,Jackson,Mississippi,28059.0,5567,103.0,39.0,,,,0.114
175440,2020-11-13,Jackson,Mississippi,28059.0,5640,105.0,73.0,,,,0.10099999999999999
175441,2020-11-14,Jackson,Mississippi,28059.0,5713,105.0,73.0,,,,0.12899999
175442,2020-11-15,Jackson,Mississippi,28059.0,5746,105.0,33.0,,,,0.122
175443,2020-11-16,Jackson,Mississippi,28059.0,5763,105.0,17.0,,,,0.142
175444,2020-11-17,Jackson,Mississippi,28059.0,5786,111.0,23.0,,,,0.14300001
175445,2020-11-18,Jackson,Mississippi,28059.0,5830,111.0,44.0,,,,0.18700001
175446,2020-11-19,Jackson,Mississippi,28059.0,5892,112.0,62.0,,,,0.228
175447,2020-11-20,Jackson,Mississippi,28059.0,5947,113.0,55.0,,,,0.26199999
175448,2020-11-21,Jackson,Mississippi,28059.0,6019,116.0,72.0,,,,0.21600001
175449,2020-11-22,Jackson,Mississippi,28059.0,6043,116.0,24.0,,,,0.21600001
