,date,county,state,fips,cases,deaths,new_cases,emp_combined,emp_combined_inclow,revenue_all,spend_all
175686,2020-03-19,Jones,Mississippi,28067.0,1,0.0,0.0,,,,-0.134
175687,2020-03-20,Jones,Mississippi,28067.0,1,0.0,0.0,,,,-0.152
175688,2020-03-21,Jones,Mississippi,28067.0,1,0.0,0.0,,,,-0.155
175689,2020-03-22,Jones,Mississippi,28067.0,1,0.0,0.0,,,,-0.18600000000000003
175690,2020-03-23,Jones,Mississippi,28067.0,1,0.0,0.0,,,,-0.23800001
175691,2020-03-24,Jones,Mississippi,28067.0,1,0.0,0.0,,,,-0.28299999
175692,2020-03-25,Jones,Mississippi,28067.0,1,0.0,0.0,,,,-0.31200001
175693,2020-03-26,Jones,Mississippi,28067.0,1,0.0,0.0,,,,-0.317
175694,2020-03-27,Jones,Mississippi,28067.0,1,0.0,0.0,,,,-0.317
175695,2020-03-28,Jones,Mississippi,28067.0,3,0.0,2.0,,,,-0.32800001
175696,2020-03-29,Jones,Mississippi,28067.0,5,0.0,2.0,,,,-0.33700001
175697,2020-03-30,Jones,Mississippi,28067.0,6,0.0,1.0,,,,-0.30399999
175698,2020-03-31,Jones,Mississippi,28067.0,6,0.0,0.0,,,,-0.26699999
175699,2020-04-01,Jones,Mississippi,28067.0,6,0.0,0.0,,,,-0.249
175700,2020-04-02,Jones,Mississippi,28067.0,6,0.0,0.0,,,,-0.18099999
175701,2020-04-03,Jones,Mississippi,28067.0,8,0.0,2.0,,,,-0.168
175702,2020-04-04,Jones,Mississippi,28067.0,9,0.0,1.0,,,,-0.125
175703,2020-04-05,Jones,Mississippi,28067.0,11,0.0,2.0,,,,-0.127
175704,2020-04-06,Jones,Mississippi,28067.0,13,0.0,2.0,,,,-0.141
175705,2020-04-07,Jones,Mississippi,28067.0,14,0.0,1.0,,,,-0.145
175706,2020-04-08,Jones,Mississippi,28067.0,15,0.0,1.0,,,,-0.153
175707,2020-04-09,Jones,Mississippi,28067.0,19,0.0,4.0,,,,-0.20900001
175708,2020-04-10,Jones,Mississippi,28067.0,25,0.0,6.0,,,,-0.242
175709,2020-04-11,Jones,Mississippi,28067.0,30,0.0,5.0,,,,-0.294
175710,2020-04-12,Jones,Mississippi,28067.0,33,0.0,3.0,,,,-0.303
175711,2020-04-13,Jones,Mississippi,28067.0,37,0.0,4.0,,,,-0.25299999
175712,2020-04-14,Jones,Mississippi,28067.0,40,0.0,3.0,,,,-0.252
175713,2020-04-15,Jones,Mississippi,28067.0,42,0.0,2.0,,,,-0.213
175714,2020-04-16,Jones,Mississippi,28067.0,48,0.0,6.0,,,,-0.147
175715,2020-04-17,Jones,Mississippi,28067.0,56,0.0,8.0,,,,-0.106
175716,2020-04-18,Jones,Mississippi,28067.0,63,0.0,7.0,,,,-0.115
175717,2020-04-19,Jones,Mississippi,28067.0,70,0.0,7.0,,,,-0.115
175718,2020-04-20,Jones,Mississippi,28067.0,74,0.0,4.0,,,,-0.156
175719,2020-04-21,Jones,Mississippi,28067.0,80,0.0,6.0,,,,-0.121
175720,2020-04-22,Jones,Mississippi,28067.0,88,0.0,8.0,,,,-0.182
175721,2020-04-23,Jones,Mississippi,28067.0,94,0.0,6.0,,,,-0.249
175722,2020-04-24,Jones,Mississippi,28067.0,104,0.0,10.0,,,,-0.26499999
175723,2020-04-25,Jones,Mississippi,28067.0,116,0.0,12.0,,,,-0.25600001
175724,2020-04-26,Jones,Mississippi,28067.0,118,1.0,2.0,,,,-0.21899999999999997
175725,2020-04-27,Jones,Mississippi,28067.0,130,1.0,12.0,,,,-0.18099999
175726,2020-04-28,Jones,Mississippi,28067.0,132,1.0,2.0,,,,-0.19499999
175727,2020-04-29,Jones,Mississippi,28067.0,136,1.0,4.0,,,,-0.082900003
175728,2020-04-30,Jones,Mississippi,28067.0,143,1.0,7.0,,,,-0.046500001
175729,2020-05-01,Jones,Mississippi,28067.0,159,2.0,16.0,,,,-0.0339
175730,2020-05-02,Jones,Mississippi,28067.0,168,2.0,9.0,,,,-0.0372
175731,2020-05-03,Jones,Mississippi,28067.0,172,2.0,4.0,,,,-0.0276
175732,2020-05-04,Jones,Mississippi,28067.0,185,2.0,13.0,,,,-0.0034099999
175733,2020-05-05,Jones,Mississippi,28067.0,193,2.0,8.0,,,,0.078900002
175734,2020-05-06,Jones,Mississippi,28067.0,199,4.0,6.0,,,,0.061900000999999996
175735,2020-05-07,Jones,Mississippi,28067.0,209,4.0,10.0,,,,0.0524
175736,2020-05-08,Jones,Mississippi,28067.0,223,4.0,14.0,,,,0.065300003
175737,2020-05-09,Jones,Mississippi,28067.0,243,5.0,20.0,,,,0.13
175738,2020-05-10,Jones,Mississippi,28067.0,247,5.0,4.0,,,,0.0484
175739,2020-05-11,Jones,Mississippi,28067.0,249,5.0,2.0,,,,-0.008879999599999999
175740,2020-05-12,Jones,Mississippi,28067.0,260,6.0,11.0,,,,-0.055300000999999994
175741,2020-05-13,Jones,Mississippi,28067.0,264,6.0,4.0,,,,-0.11800000000000001
175742,2020-05-14,Jones,Mississippi,28067.0,287,7.0,23.0,,,,-0.141
175743,2020-05-15,Jones,Mississippi,28067.0,304,7.0,17.0,,,,-0.248
175744,2020-05-16,Jones,Mississippi,28067.0,319,8.0,15.0,,,,-0.29600000000000004
175745,2020-05-17,Jones,Mississippi,28067.0,337,9.0,18.0,,,,-0.26699999
175746,2020-05-18,Jones,Mississippi,28067.0,342,9.0,5.0,,,,-0.23600000000000002
175747,2020-05-19,Jones,Mississippi,28067.0,358,10.0,16.0,,,,-0.21600001
175748,2020-05-20,Jones,Mississippi,28067.0,366,12.0,8.0,,,,-0.23199999
175749,2020-05-21,Jones,Mississippi,28067.0,386,12.0,20.0,,,,-0.205
175750,2020-05-22,Jones,Mississippi,28067.0,422,12.0,36.0,,,,-0.069600001
175751,2020-05-23,Jones,Mississippi,28067.0,435,13.0,13.0,,,,0.025900001000000002
175752,2020-05-24,Jones,Mississippi,28067.0,467,13.0,32.0,,,,0.0093900003
175753,2020-05-25,Jones,Mississippi,28067.0,492,15.0,25.0,,,,-0.039799998999999996
175754,2020-05-26,Jones,Mississippi,28067.0,506,18.0,14.0,,,,-0.076399997
175755,2020-05-27,Jones,Mississippi,28067.0,525,19.0,19.0,,,,-0.0339
175756,2020-05-28,Jones,Mississippi,28067.0,566,22.0,41.0,,,,-0.030099999
175757,2020-05-29,Jones,Mississippi,28067.0,576,25.0,10.0,,,,-0.11599999999999999
175758,2020-05-30,Jones,Mississippi,28067.0,598,25.0,22.0,,,,-0.09920000300000001
175759,2020-05-31,Jones,Mississippi,28067.0,629,28.0,31.0,,,,-0.11599999999999999
175760,2020-06-01,Jones,Mississippi,28067.0,652,28.0,23.0,,,,-0.076399997
175761,2020-06-02,Jones,Mississippi,28067.0,663,31.0,11.0,,,,-0.048599999000000005
175762,2020-06-03,Jones,Mississippi,28067.0,686,32.0,23.0,,,,-0.092900001
175763,2020-06-04,Jones,Mississippi,28067.0,701,33.0,15.0,,,,-0.081699997
175764,2020-06-05,Jones,Mississippi,28067.0,709,33.0,8.0,,,,-0.09000000400000001
175765,2020-06-06,Jones,Mississippi,28067.0,715,34.0,6.0,,,,-0.08269999900000001
175766,2020-06-07,Jones,Mississippi,28067.0,729,34.0,14.0,,,,-0.056899998
175767,2020-06-08,Jones,Mississippi,28067.0,777,36.0,48.0,,,,-0.13
175768,2020-06-09,Jones,Mississippi,28067.0,792,36.0,15.0,,,,-0.107
175769,2020-06-10,Jones,Mississippi,28067.0,812,36.0,20.0,,,,-0.084299996
175770,2020-06-11,Jones,Mississippi,28067.0,812,36.0,0.0,,,,-0.0854
175771,2020-06-12,Jones,Mississippi,28067.0,845,37.0,33.0,,,,-0.131
175772,2020-06-13,Jones,Mississippi,28067.0,852,38.0,7.0,,,,-0.090400003
175773,2020-06-14,Jones,Mississippi,28067.0,868,38.0,16.0,,,,-0.082500003
175774,2020-06-15,Jones,Mississippi,28067.0,881,39.0,13.0,,,,-0.051800001
175775,2020-06-16,Jones,Mississippi,28067.0,899,43.0,18.0,,,,-0.050799999000000005
175776,2020-06-17,Jones,Mississippi,28067.0,910,44.0,11.0,,,,-0.018300001
175777,2020-06-18,Jones,Mississippi,28067.0,910,44.0,0.0,,,,0.00179
175778,2020-06-19,Jones,Mississippi,28067.0,910,44.0,0.0,,,,0.077
175779,2020-06-20,Jones,Mississippi,28067.0,910,44.0,0.0,,,,0.062799998
175780,2020-06-21,Jones,Mississippi,28067.0,910,44.0,0.0,,,,0.122
175781,2020-06-22,Jones,Mississippi,28067.0,928,47.0,18.0,,,,0.13
175782,2020-06-23,Jones,Mississippi,28067.0,952,47.0,24.0,,,,0.10099999999999999
175783,2020-06-24,Jones,Mississippi,28067.0,965,48.0,13.0,,,,0.15099999
175784,2020-06-25,Jones,Mississippi,28067.0,994,48.0,29.0,,,,0.097099997
175785,2020-06-26,Jones,Mississippi,28067.0,998,48.0,4.0,,,,-0.0132
175786,2020-06-27,Jones,Mississippi,28067.0,1014,48.0,16.0,,,,-0.059500001
175787,2020-06-28,Jones,Mississippi,28067.0,1027,48.0,13.0,,,,-0.105
175788,2020-06-29,Jones,Mississippi,28067.0,1033,49.0,6.0,,,,-0.0942
175789,2020-06-30,Jones,Mississippi,28067.0,1061,49.0,28.0,,,,0.0022499999
175790,2020-07-01,Jones,Mississippi,28067.0,1069,49.0,8.0,,,,-0.0076100002000000005
175791,2020-07-02,Jones,Mississippi,28067.0,1091,49.0,22.0,,,,0.036800001
175792,2020-07-03,Jones,Mississippi,28067.0,1104,49.0,13.0,,,,0.06459999799999999
175793,2020-07-04,Jones,Mississippi,28067.0,1120,49.0,16.0,,,,0.138
175794,2020-07-05,Jones,Mississippi,28067.0,1124,49.0,4.0,,,,0.132
175795,2020-07-06,Jones,Mississippi,28067.0,1128,49.0,4.0,,,,0.152
175796,2020-07-07,Jones,Mississippi,28067.0,1140,49.0,12.0,,,,0.08560000400000001
175797,2020-07-08,Jones,Mississippi,28067.0,1159,49.0,19.0,,,,0.0108
175798,2020-07-09,Jones,Mississippi,28067.0,1173,49.0,14.0,,,,0.00346
175799,2020-07-10,Jones,Mississippi,28067.0,1185,49.0,12.0,,,,0.155
175800,2020-07-11,Jones,Mississippi,28067.0,1203,49.0,18.0,,,,0.177
175801,2020-07-12,Jones,Mississippi,28067.0,1224,49.0,21.0,,,,0.16399999999999998
175802,2020-07-13,Jones,Mississippi,28067.0,1231,49.0,7.0,,,,0.10800000000000001
175803,2020-07-14,Jones,Mississippi,28067.0,1254,50.0,23.0,,,,0.075499997
175804,2020-07-15,Jones,Mississippi,28067.0,1266,51.0,12.0,,,,0.024
175805,2020-07-16,Jones,Mississippi,28067.0,1284,52.0,18.0,,,,-0.0175
175806,2020-07-17,Jones,Mississippi,28067.0,1302,52.0,18.0,,,,-0.08659999800000001
175807,2020-07-18,Jones,Mississippi,28067.0,1342,52.0,40.0,,,,-0.105
175808,2020-07-19,Jones,Mississippi,28067.0,1346,53.0,4.0,,,,-0.111
175809,2020-07-20,Jones,Mississippi,28067.0,1382,53.0,36.0,,,,-0.081600003
175810,2020-07-21,Jones,Mississippi,28067.0,1422,53.0,40.0,,,,-0.058600001
175811,2020-07-22,Jones,Mississippi,28067.0,1432,53.0,10.0,,,,0.0524
175812,2020-07-23,Jones,Mississippi,28067.0,1455,53.0,23.0,,,,0.08510000300000001
175813,2020-07-24,Jones,Mississippi,28067.0,1495,54.0,40.0,,,,0.149
175814,2020-07-25,Jones,Mississippi,28067.0,1522,54.0,27.0,,,,0.212
175815,2020-07-26,Jones,Mississippi,28067.0,1563,56.0,41.0,,,,0.17800000000000002
175816,2020-07-27,Jones,Mississippi,28067.0,1591,56.0,28.0,,,,0.17200001
175817,2020-07-28,Jones,Mississippi,28067.0,1621,56.0,30.0,,,,0.22699999999999998
175818,2020-07-29,Jones,Mississippi,28067.0,1635,56.0,14.0,,,,0.154
175819,2020-07-30,Jones,Mississippi,28067.0,1674,57.0,39.0,,,,0.14
175820,2020-07-31,Jones,Mississippi,28067.0,1705,57.0,31.0,,,,0.0425
175821,2020-08-01,Jones,Mississippi,28067.0,1740,57.0,35.0,,,,0.0086300001
175822,2020-08-02,Jones,Mississippi,28067.0,1765,57.0,25.0,,,,0.063100003
175823,2020-08-03,Jones,Mississippi,28067.0,1774,57.0,9.0,,,,0.029999999
175824,2020-08-04,Jones,Mississippi,28067.0,1804,57.0,30.0,,,,-0.0187
175825,2020-08-05,Jones,Mississippi,28067.0,1828,57.0,24.0,,,,-0.065499999
175826,2020-08-06,Jones,Mississippi,28067.0,1842,58.0,14.0,,,,-0.063900001
175827,2020-08-07,Jones,Mississippi,28067.0,1850,58.0,8.0,,,,-0.102
175828,2020-08-08,Jones,Mississippi,28067.0,1885,58.0,35.0,,,,-0.077799998
175829,2020-08-09,Jones,Mississippi,28067.0,1899,58.0,14.0,,,,-0.15000001
175830,2020-08-10,Jones,Mississippi,28067.0,1916,59.0,17.0,,,,-0.14800000000000002
175831,2020-08-11,Jones,Mississippi,28067.0,1931,59.0,15.0,,,,-0.16899999999999998
175832,2020-08-12,Jones,Mississippi,28067.0,1947,62.0,16.0,,,,-0.12300000000000001
175833,2020-08-13,Jones,Mississippi,28067.0,1945,62.0,-2.0,,,,-0.077
175834,2020-08-14,Jones,Mississippi,28067.0,1965,62.0,20.0,,,,-0.037300002
175835,2020-08-15,Jones,Mississippi,28067.0,1978,64.0,13.0,,,,-0.0288
175836,2020-08-16,Jones,Mississippi,28067.0,1987,65.0,9.0,,,,-0.0086000003
175837,2020-08-17,Jones,Mississippi,28067.0,2002,65.0,15.0,,,,-0.0283
175838,2020-08-18,Jones,Mississippi,28067.0,2007,66.0,5.0,,,,-0.013999999999999999
175839,2020-08-19,Jones,Mississippi,28067.0,2020,66.0,13.0,,,,0.0348
175840,2020-08-20,Jones,Mississippi,28067.0,2033,67.0,13.0,,,,0.024900001
175841,2020-08-21,Jones,Mississippi,28067.0,2041,68.0,8.0,,,,0.051199999
175842,2020-08-22,Jones,Mississippi,28067.0,2057,69.0,16.0,,,,0.00157
175843,2020-08-23,Jones,Mississippi,28067.0,2073,69.0,16.0,,,,0.052000001
175844,2020-08-24,Jones,Mississippi,28067.0,2080,69.0,7.0,,,,0.068099998
175845,2020-08-25,Jones,Mississippi,28067.0,2087,69.0,7.0,,,,0.057500000999999995
175846,2020-08-26,Jones,Mississippi,28067.0,2114,69.0,27.0,,,,0.077399999
175847,2020-08-27,Jones,Mississippi,28067.0,2111,71.0,-3.0,,,,0.0546
175848,2020-08-28,Jones,Mississippi,28067.0,2127,72.0,16.0,,,,0.0535
175849,2020-08-29,Jones,Mississippi,28067.0,2146,72.0,19.0,,,,0.083800003
175850,2020-08-30,Jones,Mississippi,28067.0,2153,72.0,7.0,,,,0.043499999000000004
175851,2020-08-31,Jones,Mississippi,28067.0,2159,72.0,6.0,,,,0.035799999
175852,2020-09-01,Jones,Mississippi,28067.0,2169,73.0,10.0,,,,0.127
175853,2020-09-02,Jones,Mississippi,28067.0,2178,74.0,9.0,,,,0.163
175854,2020-09-03,Jones,Mississippi,28067.0,2191,74.0,13.0,,,,0.20999999
175855,2020-09-04,Jones,Mississippi,28067.0,2212,75.0,21.0,,,,0.19
175856,2020-09-05,Jones,Mississippi,28067.0,2218,75.0,6.0,,,,0.16699999999999998
175857,2020-09-06,Jones,Mississippi,28067.0,2222,75.0,4.0,,,,0.303
175858,2020-09-07,Jones,Mississippi,28067.0,2234,75.0,12.0,,,,0.228
175859,2020-09-08,Jones,Mississippi,28067.0,2239,75.0,5.0,,,,0.20800000000000002
175860,2020-09-09,Jones,Mississippi,28067.0,2246,76.0,7.0,,,,0.198
175861,2020-09-10,Jones,Mississippi,28067.0,2253,76.0,7.0,,,,0.081200004
175862,2020-09-11,Jones,Mississippi,28067.0,2276,76.0,23.0,,,,0.11699999999999999
175863,2020-09-12,Jones,Mississippi,28067.0,2288,76.0,12.0,,,,0.076099999
175864,2020-09-13,Jones,Mississippi,28067.0,2293,76.0,5.0,,,,0.057599999000000006
175865,2020-09-14,Jones,Mississippi,28067.0,2298,76.0,5.0,,,,0.0266
175866,2020-09-15,Jones,Mississippi,28067.0,2315,77.0,17.0,,,,-0.036899998999999996
175867,2020-09-16,Jones,Mississippi,28067.0,2340,77.0,25.0,,,,0.0189
175868,2020-09-17,Jones,Mississippi,28067.0,2360,78.0,20.0,,,,-0.066699997
175869,2020-09-18,Jones,Mississippi,28067.0,2376,78.0,16.0,,,,-0.066799998
175870,2020-09-19,Jones,Mississippi,28067.0,2399,78.0,23.0,,,,0.0111
175871,2020-09-20,Jones,Mississippi,28067.0,2420,78.0,21.0,,,,-0.029999999
175872,2020-09-21,Jones,Mississippi,28067.0,2427,78.0,7.0,,,,0.064300001
175873,2020-09-22,Jones,Mississippi,28067.0,2438,78.0,11.0,,,,0.102
175874,2020-09-23,Jones,Mississippi,28067.0,2452,79.0,14.0,,,,0.053800002
175875,2020-09-24,Jones,Mississippi,28067.0,2468,79.0,16.0,,,,0.08659999800000001
175876,2020-09-25,Jones,Mississippi,28067.0,2475,79.0,7.0,,,,0.0473
175877,2020-09-26,Jones,Mississippi,28067.0,2487,79.0,12.0,,,,-0.00562
175878,2020-09-27,Jones,Mississippi,28067.0,2498,79.0,11.0,,,,0.053300001
175879,2020-09-28,Jones,Mississippi,28067.0,2504,79.0,6.0,,,,-0.038800001
175880,2020-09-29,Jones,Mississippi,28067.0,2515,80.0,11.0,,,,-0.057599999000000006
175881,2020-09-30,Jones,Mississippi,28067.0,2527,80.0,12.0,,,,0.0167
175882,2020-10-01,Jones,Mississippi,28067.0,2546,81.0,19.0,,,,0.08060000099999999
175883,2020-10-02,Jones,Mississippi,28067.0,2560,81.0,14.0,,,,0.125
175884,2020-10-03,Jones,Mississippi,28067.0,2570,81.0,10.0,,,,0.22899999999999998
175885,2020-10-04,Jones,Mississippi,28067.0,2583,81.0,13.0,,,,0.34
175886,2020-10-05,Jones,Mississippi,28067.0,2597,81.0,14.0,,,,0.38699999
175887,2020-10-06,Jones,Mississippi,28067.0,2609,81.0,12.0,,,,0.384
175888,2020-10-07,Jones,Mississippi,28067.0,2626,81.0,17.0,,,,0.30000001
175889,2020-10-08,Jones,Mississippi,28067.0,2636,81.0,10.0,,,,0.257
175890,2020-10-09,Jones,Mississippi,28067.0,2656,81.0,20.0,,,,0.16699999999999998
175891,2020-10-10,Jones,Mississippi,28067.0,2679,81.0,23.0,,,,-0.016100001
175892,2020-10-11,Jones,Mississippi,28067.0,2695,81.0,16.0,,,,-0.07540000200000001
175893,2020-10-12,Jones,Mississippi,28067.0,2708,81.0,13.0,,,,-0.056200001
175894,2020-10-13,Jones,Mississippi,28067.0,2720,81.0,12.0,,,,-0.033
175895,2020-10-14,Jones,Mississippi,28067.0,2739,81.0,19.0,,,,-0.069200002
175896,2020-10-15,Jones,Mississippi,28067.0,2779,81.0,40.0,,,,-0.074100003
175897,2020-10-16,Jones,Mississippi,28067.0,2799,81.0,20.0,,,,-0.0176
175898,2020-10-17,Jones,Mississippi,28067.0,2816,82.0,17.0,,,,0.0484
175899,2020-10-18,Jones,Mississippi,28067.0,2816,82.0,0.0,,,,0.074500002
175900,2020-10-19,Jones,Mississippi,28067.0,2831,82.0,15.0,,,,0.08550000199999999
175901,2020-10-20,Jones,Mississippi,28067.0,2837,82.0,6.0,,,,0.0133
175902,2020-10-21,Jones,Mississippi,28067.0,2853,84.0,16.0,,,,0.14300001
175903,2020-10-22,Jones,Mississippi,28067.0,2877,84.0,24.0,,,,0.191
175904,2020-10-23,Jones,Mississippi,28067.0,2891,84.0,14.0,,,,0.198
175905,2020-10-24,Jones,Mississippi,28067.0,2924,84.0,33.0,,,,0.25400001
175906,2020-10-25,Jones,Mississippi,28067.0,2924,84.0,0.0,,,,0.27000001
175907,2020-10-26,Jones,Mississippi,28067.0,2957,84.0,33.0,,,,0.183
175908,2020-10-27,Jones,Mississippi,28067.0,2961,84.0,4.0,,,,0.23999999
175909,2020-10-28,Jones,Mississippi,28067.0,2966,84.0,5.0,,,,0.162
175910,2020-10-29,Jones,Mississippi,28067.0,2984,84.0,18.0,,,,0.0995
175911,2020-10-30,Jones,Mississippi,28067.0,2999,84.0,15.0,,,,0.071400002
175912,2020-10-31,Jones,Mississippi,28067.0,3015,84.0,16.0,,,,-0.019300001
175913,2020-11-01,Jones,Mississippi,28067.0,3022,84.0,7.0,,,,-0.09309999599999999
175914,2020-11-02,Jones,Mississippi,28067.0,3032,84.0,10.0,,,,-0.026000001000000002
175915,2020-11-03,Jones,Mississippi,28067.0,3042,84.0,10.0,,,,0.074900001
175916,2020-11-04,Jones,Mississippi,28067.0,3054,84.0,12.0,,,,0.049899999
175917,2020-11-05,Jones,Mississippi,28067.0,3082,84.0,28.0,,,,0.139
175918,2020-11-06,Jones,Mississippi,28067.0,3104,84.0,22.0,,,,0.15800001
175919,2020-11-07,Jones,Mississippi,28067.0,3115,84.0,11.0,,,,0.156
175920,2020-11-08,Jones,Mississippi,28067.0,3122,84.0,7.0,,,,0.207
175921,2020-11-09,Jones,Mississippi,28067.0,3145,84.0,23.0,,,,0.20100001
175922,2020-11-10,Jones,Mississippi,28067.0,3169,85.0,24.0,,,,0.082599998
175923,2020-11-11,Jones,Mississippi,28067.0,3184,85.0,15.0,,,,0.132
175924,2020-11-12,Jones,Mississippi,28067.0,3198,85.0,14.0,,,,0.069399998
175925,2020-11-13,Jones,Mississippi,28067.0,3207,85.0,9.0,,,,0.07020000400000001
175926,2020-11-14,Jones,Mississippi,28067.0,3234,86.0,27.0,,,,0.105
175927,2020-11-15,Jones,Mississippi,28067.0,3253,86.0,19.0,,,,0.0572
175928,2020-11-16,Jones,Mississippi,28067.0,3263,86.0,10.0,,,,0.073299997
175929,2020-11-17,Jones,Mississippi,28067.0,3276,86.0,13.0,,,,0.0735
175930,2020-11-18,Jones,Mississippi,28067.0,3308,87.0,32.0,,,,0.11599999999999999
175931,2020-11-19,Jones,Mississippi,28067.0,3337,87.0,29.0,,,,0.19599999
175932,2020-11-20,Jones,Mississippi,28067.0,3371,87.0,34.0,,,,0.15700001
175933,2020-11-21,Jones,Mississippi,28067.0,3400,87.0,29.0,,,,0.17200001
175934,2020-11-22,Jones,Mississippi,28067.0,3416,87.0,16.0,,,,0.21799999
