,date,county,state,fips,cases,deaths,new_cases,emp_combined,emp_combined_inclow,revenue_all,spend_all
176428,2020-03-26,Lauderdale,Mississippi,28075.0,3,0.0,0.0,,,,0.018100001
176429,2020-03-27,Lauderdale,Mississippi,28075.0,10,0.0,7.0,,,,-0.09749999599999999
176430,2020-03-28,Lauderdale,Mississippi,28075.0,12,0.0,2.0,,,,-0.391
176431,2020-03-29,Lauderdale,Mississippi,28075.0,15,0.0,3.0,,,,-0.48699999
176432,2020-03-30,Lauderdale,Mississippi,28075.0,23,0.0,8.0,,,,-0.48800001
176433,2020-03-31,Lauderdale,Mississippi,28075.0,35,0.0,12.0,,,,-0.47999999
176434,2020-04-01,Lauderdale,Mississippi,28075.0,39,0.0,4.0,,,,-0.498
176435,2020-04-02,Lauderdale,Mississippi,28075.0,46,0.0,7.0,,,,-0.47400001
176436,2020-04-03,Lauderdale,Mississippi,28075.0,50,0.0,4.0,,,,-0.46700001
176437,2020-04-04,Lauderdale,Mississippi,28075.0,61,1.0,11.0,,,,-0.37
176438,2020-04-05,Lauderdale,Mississippi,28075.0,65,2.0,4.0,,,,-0.366
176439,2020-04-06,Lauderdale,Mississippi,28075.0,70,2.0,5.0,,,,-0.34
176440,2020-04-07,Lauderdale,Mississippi,28075.0,78,3.0,8.0,,,,-0.26699999
176441,2020-04-08,Lauderdale,Mississippi,28075.0,84,5.0,6.0,,,,-0.31900001
176442,2020-04-09,Lauderdale,Mississippi,28075.0,99,5.0,15.0,,,,-0.30000001
176443,2020-04-10,Lauderdale,Mississippi,28075.0,118,6.0,19.0,,,,-0.257
176444,2020-04-11,Lauderdale,Mississippi,28075.0,133,8.0,15.0,,,,-0.244
176445,2020-04-12,Lauderdale,Mississippi,28075.0,135,8.0,2.0,,,,-0.301
176446,2020-04-13,Lauderdale,Mississippi,28075.0,150,8.0,15.0,,,,-0.30899999
176447,2020-04-14,Lauderdale,Mississippi,28075.0,156,11.0,6.0,,,,-0.35800001
176448,2020-04-15,Lauderdale,Mississippi,28075.0,165,12.0,9.0,,,,-0.35699999
176449,2020-04-16,Lauderdale,Mississippi,28075.0,174,12.0,9.0,,,,-0.40200001
176450,2020-04-17,Lauderdale,Mississippi,28075.0,181,13.0,7.0,,,,-0.38999999
176451,2020-04-18,Lauderdale,Mississippi,28075.0,190,14.0,9.0,,,,-0.39500001
176452,2020-04-19,Lauderdale,Mississippi,28075.0,202,14.0,12.0,,,,-0.34299999
176453,2020-04-20,Lauderdale,Mississippi,28075.0,220,15.0,18.0,,,,-0.36399999
176454,2020-04-21,Lauderdale,Mississippi,28075.0,232,17.0,12.0,,,,-0.36700001
176455,2020-04-22,Lauderdale,Mississippi,28075.0,235,18.0,3.0,,,,-0.37599999
176456,2020-04-23,Lauderdale,Mississippi,28075.0,249,18.0,14.0,,,,-0.31900001
176457,2020-04-24,Lauderdale,Mississippi,28075.0,268,18.0,19.0,,,,-0.294
176458,2020-04-25,Lauderdale,Mississippi,28075.0,284,19.0,16.0,,,,-0.22899999999999998
176459,2020-04-26,Lauderdale,Mississippi,28075.0,295,19.0,11.0,,,,-0.19699999999999998
176460,2020-04-27,Lauderdale,Mississippi,28075.0,304,19.0,9.0,,,,-0.18799999
176461,2020-04-28,Lauderdale,Mississippi,28075.0,318,19.0,14.0,,,,-0.177
176462,2020-04-29,Lauderdale,Mississippi,28075.0,334,19.0,16.0,,,,-0.11199999999999999
176463,2020-04-30,Lauderdale,Mississippi,28075.0,349,20.0,15.0,,,,-0.13699999
176464,2020-05-01,Lauderdale,Mississippi,28075.0,365,23.0,16.0,,,,-0.257
176465,2020-05-02,Lauderdale,Mississippi,28075.0,378,25.0,13.0,,,,-0.175
176466,2020-05-03,Lauderdale,Mississippi,28075.0,380,26.0,2.0,,,,-0.212
176467,2020-05-04,Lauderdale,Mississippi,28075.0,432,27.0,52.0,,,,-0.18899999999999997
176468,2020-05-05,Lauderdale,Mississippi,28075.0,436,33.0,4.0,,,,-0.14399999
176469,2020-05-06,Lauderdale,Mississippi,28075.0,448,40.0,12.0,,,,-0.29100001
176470,2020-05-07,Lauderdale,Mississippi,28075.0,450,40.0,2.0,,,,-0.31200001
176471,2020-05-08,Lauderdale,Mississippi,28075.0,463,41.0,13.0,,,,-0.26800001
176472,2020-05-09,Lauderdale,Mississippi,28075.0,471,42.0,8.0,,,,-0.39399999
176473,2020-05-10,Lauderdale,Mississippi,28075.0,482,43.0,11.0,,,,-0.37799999
176474,2020-05-11,Lauderdale,Mississippi,28075.0,492,44.0,10.0,,,,-0.40400001
176475,2020-05-12,Lauderdale,Mississippi,28075.0,501,45.0,9.0,,,,-0.47700000000000004
176476,2020-05-13,Lauderdale,Mississippi,28075.0,523,45.0,22.0,,,,-0.315
176477,2020-05-14,Lauderdale,Mississippi,28075.0,557,45.0,34.0,,,,-0.33899999
176478,2020-05-15,Lauderdale,Mississippi,28075.0,566,45.0,9.0,,,,-0.18799999
176479,2020-05-16,Lauderdale,Mississippi,28075.0,578,45.0,12.0,,,,-0.155
176480,2020-05-17,Lauderdale,Mississippi,28075.0,585,46.0,7.0,,,,-0.13
176481,2020-05-18,Lauderdale,Mississippi,28075.0,589,46.0,4.0,,,,-0.09440000400000001
176482,2020-05-19,Lauderdale,Mississippi,28075.0,602,46.0,13.0,,,,-0.0876
176483,2020-05-20,Lauderdale,Mississippi,28075.0,616,46.0,14.0,,,,-0.04769999900000001
176484,2020-05-21,Lauderdale,Mississippi,28075.0,637,47.0,21.0,,,,-0.04309999900000001
176485,2020-05-22,Lauderdale,Mississippi,28075.0,647,51.0,10.0,,,,-0.13
176486,2020-05-23,Lauderdale,Mississippi,28075.0,670,54.0,23.0,,,,-0.21699999
176487,2020-05-24,Lauderdale,Mississippi,28075.0,678,55.0,8.0,,,,-0.27599999
176488,2020-05-25,Lauderdale,Mississippi,28075.0,680,56.0,2.0,,,,-0.34400001
176489,2020-05-26,Lauderdale,Mississippi,28075.0,689,56.0,9.0,,,,-0.287
176490,2020-05-27,Lauderdale,Mississippi,28075.0,699,57.0,10.0,,,,-0.359
176491,2020-05-28,Lauderdale,Mississippi,28075.0,713,58.0,14.0,,,,-0.32100001
176492,2020-05-29,Lauderdale,Mississippi,28075.0,730,59.0,17.0,,,,-0.33000001
176493,2020-05-30,Lauderdale,Mississippi,28075.0,735,61.0,5.0,,,,-0.31200001
176494,2020-05-31,Lauderdale,Mississippi,28075.0,738,62.0,3.0,,,,-0.27900001
176495,2020-06-01,Lauderdale,Mississippi,28075.0,741,62.0,3.0,,,,-0.28600001
176496,2020-06-02,Lauderdale,Mississippi,28075.0,745,68.0,4.0,,,,-0.26699999
176497,2020-06-03,Lauderdale,Mississippi,28075.0,760,68.0,15.0,,,,-0.28999999
176498,2020-06-04,Lauderdale,Mississippi,28075.0,759,68.0,-1.0,,,,-0.285
176499,2020-06-05,Lauderdale,Mississippi,28075.0,765,69.0,6.0,,,,-0.35600001
176500,2020-06-06,Lauderdale,Mississippi,28075.0,775,70.0,10.0,,,,-0.38600001
176501,2020-06-07,Lauderdale,Mississippi,28075.0,779,70.0,4.0,,,,-0.38100001
176502,2020-06-08,Lauderdale,Mississippi,28075.0,785,70.0,6.0,,,,-0.39700001
176503,2020-06-09,Lauderdale,Mississippi,28075.0,793,71.0,8.0,,,,-0.31999999
176504,2020-06-10,Lauderdale,Mississippi,28075.0,795,74.0,2.0,,,,-0.27700001
176505,2020-06-11,Lauderdale,Mississippi,28075.0,795,74.0,0.0,,,,-0.244
176506,2020-06-12,Lauderdale,Mississippi,28075.0,801,75.0,6.0,,,,-0.132
176507,2020-06-13,Lauderdale,Mississippi,28075.0,801,75.0,0.0,,,,-0.062799998
176508,2020-06-14,Lauderdale,Mississippi,28075.0,805,75.0,4.0,,,,-0.031599998
176509,2020-06-15,Lauderdale,Mississippi,28075.0,811,75.0,6.0,,,,0.046100002
176510,2020-06-16,Lauderdale,Mississippi,28075.0,816,75.0,5.0,,,,-0.049400002
176511,2020-06-17,Lauderdale,Mississippi,28075.0,818,75.0,2.0,,,,-0.0125
176512,2020-06-18,Lauderdale,Mississippi,28075.0,818,75.0,0.0,,,,0.0084600002
176513,2020-06-19,Lauderdale,Mississippi,28075.0,818,75.0,0.0,,,,0.0209
176514,2020-06-20,Lauderdale,Mississippi,28075.0,818,75.0,0.0,,,,0.081299998
176515,2020-06-21,Lauderdale,Mississippi,28075.0,818,75.0,0.0,,,,0.052900000999999995
176516,2020-06-22,Lauderdale,Mississippi,28075.0,847,77.0,29.0,,,,0.074100003
176517,2020-06-23,Lauderdale,Mississippi,28075.0,850,77.0,3.0,,,,0.026000001000000002
176518,2020-06-24,Lauderdale,Mississippi,28075.0,856,78.0,6.0,,,,-0.09279999900000001
176519,2020-06-25,Lauderdale,Mississippi,28075.0,864,78.0,8.0,,,,-0.14399999
176520,2020-06-26,Lauderdale,Mississippi,28075.0,867,78.0,3.0,,,,-0.22699999999999998
176521,2020-06-27,Lauderdale,Mississippi,28075.0,869,78.0,2.0,,,,-0.29600000000000004
176522,2020-06-28,Lauderdale,Mississippi,28075.0,869,78.0,0.0,,,,-0.257
176523,2020-06-29,Lauderdale,Mississippi,28075.0,872,78.0,3.0,,,,-0.278
176524,2020-06-30,Lauderdale,Mississippi,28075.0,879,78.0,7.0,,,,-0.154
176525,2020-07-01,Lauderdale,Mississippi,28075.0,882,78.0,3.0,,,,-0.15000001
176526,2020-07-02,Lauderdale,Mississippi,28075.0,894,79.0,12.0,,,,-0.115
176527,2020-07-03,Lauderdale,Mississippi,28075.0,900,79.0,6.0,,,,-0.204
176528,2020-07-04,Lauderdale,Mississippi,28075.0,908,79.0,8.0,,,,-0.102
176529,2020-07-05,Lauderdale,Mississippi,28075.0,909,79.0,1.0,,,,-0.204
176530,2020-07-06,Lauderdale,Mississippi,28075.0,910,79.0,1.0,,,,-0.184
176531,2020-07-07,Lauderdale,Mississippi,28075.0,922,80.0,12.0,,,,-0.16500001
176532,2020-07-08,Lauderdale,Mississippi,28075.0,937,81.0,15.0,,,,-0.292
176533,2020-07-09,Lauderdale,Mississippi,28075.0,942,81.0,5.0,,,,-0.35499999
176534,2020-07-10,Lauderdale,Mississippi,28075.0,954,81.0,12.0,,,,-0.273
176535,2020-07-11,Lauderdale,Mississippi,28075.0,963,81.0,9.0,,,,-0.35800001
176536,2020-07-12,Lauderdale,Mississippi,28075.0,966,81.0,3.0,,,,-0.41800001
176537,2020-07-13,Lauderdale,Mississippi,28075.0,972,81.0,6.0,,,,-0.44400001
176538,2020-07-14,Lauderdale,Mississippi,28075.0,975,81.0,3.0,,,,-0.40599999
176539,2020-07-15,Lauderdale,Mississippi,28075.0,983,83.0,8.0,,,,-0.26499999
176540,2020-07-16,Lauderdale,Mississippi,28075.0,1016,83.0,33.0,,,,-0.18799999
176541,2020-07-17,Lauderdale,Mississippi,28075.0,1024,83.0,8.0,,,,-0.237
176542,2020-07-18,Lauderdale,Mississippi,28075.0,1054,83.0,30.0,,,,-0.121
176543,2020-07-19,Lauderdale,Mississippi,28075.0,1075,83.0,21.0,,,,-0.00233
176544,2020-07-20,Lauderdale,Mississippi,28075.0,1090,83.0,15.0,,,,0.11900000000000001
176545,2020-07-21,Lauderdale,Mississippi,28075.0,1115,83.0,25.0,,,,0.037300002
176546,2020-07-22,Lauderdale,Mississippi,28075.0,1154,83.0,39.0,,,,0.019300001
176547,2020-07-23,Lauderdale,Mississippi,28075.0,1155,83.0,1.0,,,,0.017100001
176548,2020-07-24,Lauderdale,Mississippi,28075.0,1159,84.0,4.0,,,,0.070699997
176549,2020-07-25,Lauderdale,Mississippi,28075.0,1199,84.0,40.0,,,,0.069700003
176550,2020-07-26,Lauderdale,Mississippi,28075.0,1218,84.0,19.0,,,,0.0148
176551,2020-07-27,Lauderdale,Mississippi,28075.0,1222,84.0,4.0,,,,0.0012000001
176552,2020-07-28,Lauderdale,Mississippi,28075.0,1254,85.0,32.0,,,,-0.0458
176553,2020-07-29,Lauderdale,Mississippi,28075.0,1259,86.0,5.0,,,,-0.11800000000000001
176554,2020-07-30,Lauderdale,Mississippi,28075.0,1281,88.0,22.0,,,,-0.15800001
176555,2020-07-31,Lauderdale,Mississippi,28075.0,1316,88.0,35.0,,,,-0.066699997
176556,2020-08-01,Lauderdale,Mississippi,28075.0,1321,88.0,5.0,,,,-0.091499999
176557,2020-08-02,Lauderdale,Mississippi,28075.0,1323,88.0,2.0,,,,-0.11
176558,2020-08-03,Lauderdale,Mississippi,28075.0,1329,88.0,6.0,,,,-0.18899999999999997
176559,2020-08-04,Lauderdale,Mississippi,28075.0,1354,88.0,25.0,,,,-0.07299999900000001
176560,2020-08-05,Lauderdale,Mississippi,28075.0,1379,90.0,25.0,,,,-0.040899999
176561,2020-08-06,Lauderdale,Mississippi,28075.0,1390,90.0,11.0,,,,-0.054499999
176562,2020-08-07,Lauderdale,Mississippi,28075.0,1397,90.0,7.0,,,,-0.14
176563,2020-08-08,Lauderdale,Mississippi,28075.0,1407,92.0,10.0,,,,-0.10099999999999999
176564,2020-08-09,Lauderdale,Mississippi,28075.0,1412,92.0,5.0,,,,-0.074600004
176565,2020-08-10,Lauderdale,Mississippi,28075.0,1411,92.0,-1.0,,,,0.030200001
176566,2020-08-11,Lauderdale,Mississippi,28075.0,1415,92.0,4.0,,,,-0.121
176567,2020-08-12,Lauderdale,Mississippi,28075.0,1439,93.0,24.0,,,,-0.182
176568,2020-08-13,Lauderdale,Mississippi,28075.0,1458,94.0,19.0,,,,-0.244
176569,2020-08-14,Lauderdale,Mississippi,28075.0,1481,96.0,23.0,,,,-0.228
176570,2020-08-15,Lauderdale,Mississippi,28075.0,1488,98.0,7.0,,,,-0.271
176571,2020-08-16,Lauderdale,Mississippi,28075.0,1493,98.0,5.0,,,,-0.34400001
176572,2020-08-17,Lauderdale,Mississippi,28075.0,1497,98.0,4.0,,,,-0.38
176573,2020-08-18,Lauderdale,Mississippi,28075.0,1509,99.0,12.0,,,,-0.301
176574,2020-08-19,Lauderdale,Mississippi,28075.0,1544,100.0,35.0,,,,-0.193
176575,2020-08-20,Lauderdale,Mississippi,28075.0,1578,101.0,34.0,,,,-0.1
176576,2020-08-21,Lauderdale,Mississippi,28075.0,1588,101.0,10.0,,,,-0.11800000000000001
176577,2020-08-22,Lauderdale,Mississippi,28075.0,1615,102.0,27.0,,,,-0.064000003
176578,2020-08-23,Lauderdale,Mississippi,28075.0,1630,102.0,15.0,,,,0.016899999
176579,2020-08-24,Lauderdale,Mississippi,28075.0,1634,102.0,4.0,,,,-0.0155
176580,2020-08-25,Lauderdale,Mississippi,28075.0,1672,103.0,38.0,,,,0.0036599999
176581,2020-08-26,Lauderdale,Mississippi,28075.0,1688,103.0,16.0,,,,-0.105
176582,2020-08-27,Lauderdale,Mississippi,28075.0,1709,106.0,21.0,,,,-0.06199999900000001
176583,2020-08-28,Lauderdale,Mississippi,28075.0,1732,106.0,23.0,,,,0.046700001
176584,2020-08-29,Lauderdale,Mississippi,28075.0,1737,106.0,5.0,,,,-0.031099999
176585,2020-08-30,Lauderdale,Mississippi,28075.0,1755,106.0,18.0,,,,-0.0263
176586,2020-08-31,Lauderdale,Mississippi,28075.0,1756,106.0,1.0,,,,-0.0273
176587,2020-09-01,Lauderdale,Mississippi,28075.0,1782,108.0,26.0,,,,-0.141
176588,2020-09-02,Lauderdale,Mississippi,28075.0,1817,108.0,35.0,,,,-0.13600001
176589,2020-09-03,Lauderdale,Mississippi,28075.0,1826,109.0,9.0,,,,-0.17900001
176590,2020-09-04,Lauderdale,Mississippi,28075.0,1841,110.0,15.0,,,,-0.32899999999999996
176591,2020-09-05,Lauderdale,Mississippi,28075.0,1861,113.0,20.0,,,,-0.26699999
176592,2020-09-06,Lauderdale,Mississippi,28075.0,1863,113.0,2.0,,,,-0.025699998999999998
176593,2020-09-07,Lauderdale,Mississippi,28075.0,1867,113.0,4.0,,,,-0.016000001
176594,2020-09-08,Lauderdale,Mississippi,28075.0,1873,113.0,6.0,,,,-0.07980000200000001
176595,2020-09-09,Lauderdale,Mississippi,28075.0,1889,115.0,16.0,,,,-0.242
176596,2020-09-10,Lauderdale,Mississippi,28075.0,1894,117.0,5.0,,,,-0.13699999
176597,2020-09-11,Lauderdale,Mississippi,28075.0,1931,119.0,37.0,,,,-0.177
176598,2020-09-12,Lauderdale,Mississippi,28075.0,1944,119.0,13.0,,,,-0.20800000000000002
176599,2020-09-13,Lauderdale,Mississippi,28075.0,1948,119.0,4.0,,,,-0.215
176600,2020-09-14,Lauderdale,Mississippi,28075.0,1952,119.0,4.0,,,,-0.20200001
176601,2020-09-15,Lauderdale,Mississippi,28075.0,1965,122.0,13.0,,,,-0.191
176602,2020-09-16,Lauderdale,Mississippi,28075.0,1977,122.0,12.0,,,,-0.10400000000000001
176603,2020-09-17,Lauderdale,Mississippi,28075.0,1984,123.0,7.0,,,,-0.0876
176604,2020-09-18,Lauderdale,Mississippi,28075.0,1990,124.0,6.0,,,,-0.082400002
176605,2020-09-19,Lauderdale,Mississippi,28075.0,1994,124.0,4.0,,,,-0.079099998
176606,2020-09-20,Lauderdale,Mississippi,28075.0,1999,124.0,5.0,,,,-0.127
176607,2020-09-21,Lauderdale,Mississippi,28075.0,2007,124.0,8.0,,,,-0.23899999
176608,2020-09-22,Lauderdale,Mississippi,28075.0,2015,124.0,8.0,,,,-0.27700001
176609,2020-09-23,Lauderdale,Mississippi,28075.0,2038,125.0,23.0,,,,-0.28400001
176610,2020-09-24,Lauderdale,Mississippi,28075.0,2044,125.0,6.0,,,,-0.19599999
176611,2020-09-25,Lauderdale,Mississippi,28075.0,2049,125.0,5.0,,,,-0.28099999
176612,2020-09-26,Lauderdale,Mississippi,28075.0,2059,125.0,10.0,,,,-0.308
176613,2020-09-27,Lauderdale,Mississippi,28075.0,2064,125.0,5.0,,,,-0.31299999
176614,2020-09-28,Lauderdale,Mississippi,28075.0,2065,125.0,1.0,,,,-0.285
176615,2020-09-29,Lauderdale,Mississippi,28075.0,2077,126.0,12.0,,,,-0.32100001
176616,2020-09-30,Lauderdale,Mississippi,28075.0,2078,126.0,1.0,,,,-0.36899999
176617,2020-10-01,Lauderdale,Mississippi,28075.0,2090,126.0,12.0,,,,-0.33799999999999997
176618,2020-10-02,Lauderdale,Mississippi,28075.0,2101,127.0,11.0,,,,-0.31900001
176619,2020-10-03,Lauderdale,Mississippi,28075.0,2106,127.0,5.0,,,,-0.273
176620,2020-10-04,Lauderdale,Mississippi,28075.0,2123,127.0,17.0,,,,-0.14300001
176621,2020-10-05,Lauderdale,Mississippi,28075.0,2123,127.0,0.0,,,,-0.033799998
176622,2020-10-06,Lauderdale,Mississippi,28075.0,2134,127.0,11.0,,,,-0.047200002000000005
176623,2020-10-07,Lauderdale,Mississippi,28075.0,2146,127.0,12.0,,,,-0.034299999
176624,2020-10-08,Lauderdale,Mississippi,28075.0,2157,128.0,11.0,,,,-0.11800000000000001
176625,2020-10-09,Lauderdale,Mississippi,28075.0,2199,128.0,42.0,,,,-0.047499999
176626,2020-10-10,Lauderdale,Mississippi,28075.0,2223,128.0,24.0,,,,-0.072400004
176627,2020-10-11,Lauderdale,Mississippi,28075.0,2228,128.0,5.0,,,,-0.125
176628,2020-10-12,Lauderdale,Mississippi,28075.0,2228,128.0,0.0,,,,-0.132
176629,2020-10-13,Lauderdale,Mississippi,28075.0,2255,128.0,27.0,,,,-0.193
176630,2020-10-14,Lauderdale,Mississippi,28075.0,2278,129.0,23.0,,,,-0.214
176631,2020-10-15,Lauderdale,Mississippi,28075.0,2305,129.0,27.0,,,,-0.212
176632,2020-10-16,Lauderdale,Mississippi,28075.0,2311,130.0,6.0,,,,-0.20299999
176633,2020-10-17,Lauderdale,Mississippi,28075.0,2329,130.0,18.0,,,,-0.18600000000000003
176634,2020-10-18,Lauderdale,Mississippi,28075.0,2329,130.0,0.0,,,,-0.177
176635,2020-10-19,Lauderdale,Mississippi,28075.0,2344,130.0,15.0,,,,-0.10400000000000001
176636,2020-10-20,Lauderdale,Mississippi,28075.0,2376,131.0,32.0,,,,-0.052000001
176637,2020-10-21,Lauderdale,Mississippi,28075.0,2398,134.0,22.0,,,,0.027899998999999998
176638,2020-10-22,Lauderdale,Mississippi,28075.0,2418,134.0,20.0,,,,0.198
176639,2020-10-23,Lauderdale,Mississippi,28075.0,2437,134.0,19.0,,,,0.102
176640,2020-10-24,Lauderdale,Mississippi,28075.0,2478,135.0,41.0,,,,0.105
176641,2020-10-25,Lauderdale,Mississippi,28075.0,2478,135.0,0.0,,,,0.214
176642,2020-10-26,Lauderdale,Mississippi,28075.0,2485,135.0,7.0,,,,0.212
176643,2020-10-27,Lauderdale,Mississippi,28075.0,2499,135.0,14.0,,,,0.23600000000000002
176644,2020-10-28,Lauderdale,Mississippi,28075.0,2546,135.0,47.0,,,,0.38699999
176645,2020-10-29,Lauderdale,Mississippi,28075.0,2611,135.0,65.0,,,,0.31299999
176646,2020-10-30,Lauderdale,Mississippi,28075.0,2639,135.0,28.0,,,,0.26899999
176647,2020-10-31,Lauderdale,Mississippi,28075.0,2653,135.0,14.0,,,,0.38699999
176648,2020-11-01,Lauderdale,Mississippi,28075.0,2658,135.0,5.0,,,,0.29100001
176649,2020-11-02,Lauderdale,Mississippi,28075.0,2666,135.0,8.0,,,,0.25
176650,2020-11-03,Lauderdale,Mississippi,28075.0,2679,135.0,13.0,,,,0.17399999
176651,2020-11-04,Lauderdale,Mississippi,28075.0,2713,135.0,34.0,,,,-0.0999
176652,2020-11-05,Lauderdale,Mississippi,28075.0,2749,135.0,36.0,,,,-0.0209
176653,2020-11-06,Lauderdale,Mississippi,28075.0,2773,136.0,24.0,,,,-0.109
176654,2020-11-07,Lauderdale,Mississippi,28075.0,2789,138.0,16.0,,,,-0.109
176655,2020-11-08,Lauderdale,Mississippi,28075.0,2817,138.0,28.0,,,,-0.11699999999999999
176656,2020-11-09,Lauderdale,Mississippi,28075.0,2824,138.0,7.0,,,,-0.081799999
176657,2020-11-10,Lauderdale,Mississippi,28075.0,2864,141.0,40.0,,,,-0.096799999
176658,2020-11-11,Lauderdale,Mississippi,28075.0,2894,141.0,30.0,,,,-0.0154
176659,2020-11-12,Lauderdale,Mississippi,28075.0,2929,141.0,35.0,,,,-0.074900001
176660,2020-11-13,Lauderdale,Mississippi,28075.0,2978,141.0,49.0,,,,0.054400000999999996
176661,2020-11-14,Lauderdale,Mississippi,28075.0,3017,141.0,39.0,,,,-0.0155
176662,2020-11-15,Lauderdale,Mississippi,28075.0,3042,141.0,25.0,,,,0.09269999699999999
176663,2020-11-16,Lauderdale,Mississippi,28075.0,3065,141.0,23.0,,,,0.0506
176664,2020-11-17,Lauderdale,Mississippi,28075.0,3084,141.0,19.0,,,,0.055100000999999996
176665,2020-11-18,Lauderdale,Mississippi,28075.0,3120,141.0,36.0,,,,0.106
176666,2020-11-19,Lauderdale,Mississippi,28075.0,3164,142.0,44.0,,,,0.11599999999999999
176667,2020-11-20,Lauderdale,Mississippi,28075.0,3224,142.0,60.0,,,,0.10400000000000001
176668,2020-11-21,Lauderdale,Mississippi,28075.0,3312,142.0,88.0,,,,0.11800000000000001
176669,2020-11-22,Lauderdale,Mississippi,28075.0,3340,142.0,28.0,,,,0.0184
