,date,county,state,fips,cases,deaths,new_cases,emp_combined,emp_combined_inclow,revenue_all,spend_all
175935,2020-03-20,Lafayette,Mississippi,28071.0,1,0.0,0.0,,,,-0.13
175936,2020-03-21,Lafayette,Mississippi,28071.0,2,0.0,1.0,,,,-0.163
175937,2020-03-22,Lafayette,Mississippi,28071.0,5,0.0,3.0,,,,-0.212
175938,2020-03-23,Lafayette,Mississippi,28071.0,5,0.0,0.0,,,,-0.26800001
175939,2020-03-24,Lafayette,Mississippi,28071.0,8,0.0,3.0,,,,-0.26499999
175940,2020-03-25,Lafayette,Mississippi,28071.0,8,0.0,0.0,,,,-0.28999999
175941,2020-03-26,Lafayette,Mississippi,28071.0,10,0.0,2.0,,,,-0.35299999
175942,2020-03-27,Lafayette,Mississippi,28071.0,11,0.0,1.0,,,,-0.33000001
175943,2020-03-28,Lafayette,Mississippi,28071.0,11,0.0,0.0,,,,-0.34799999
175944,2020-03-29,Lafayette,Mississippi,28071.0,13,0.0,2.0,,,,-0.30700001
175945,2020-03-30,Lafayette,Mississippi,28071.0,14,0.0,1.0,,,,-0.31600001
175946,2020-03-31,Lafayette,Mississippi,28071.0,15,1.0,1.0,,,,-0.32699999
175947,2020-04-01,Lafayette,Mississippi,28071.0,15,1.0,0.0,,,,-0.315
175948,2020-04-02,Lafayette,Mississippi,28071.0,16,1.0,1.0,,,,-0.28299999
175949,2020-04-03,Lafayette,Mississippi,28071.0,21,1.0,5.0,,,,-0.28999999
175950,2020-04-04,Lafayette,Mississippi,28071.0,21,1.0,0.0,,,,-0.317
175951,2020-04-05,Lafayette,Mississippi,28071.0,22,1.0,1.0,,,,-0.35499999
175952,2020-04-06,Lafayette,Mississippi,28071.0,22,1.0,0.0,,,,-0.33899999
175953,2020-04-07,Lafayette,Mississippi,28071.0,25,1.0,3.0,,,,-0.317
175954,2020-04-08,Lafayette,Mississippi,28071.0,26,1.0,1.0,,,,-0.317
175955,2020-04-09,Lafayette,Mississippi,28071.0,26,1.0,0.0,,,,-0.361
175956,2020-04-10,Lafayette,Mississippi,28071.0,28,1.0,2.0,,,,-0.375
175957,2020-04-11,Lafayette,Mississippi,28071.0,29,1.0,1.0,,,,-0.336
175958,2020-04-12,Lafayette,Mississippi,28071.0,29,1.0,0.0,,,,-0.35299999
175959,2020-04-13,Lafayette,Mississippi,28071.0,30,1.0,1.0,,,,-0.27399999
175960,2020-04-14,Lafayette,Mississippi,28071.0,33,2.0,3.0,,,,-0.31099999
175961,2020-04-15,Lafayette,Mississippi,28071.0,36,2.0,3.0,,,,-0.31900001
175962,2020-04-16,Lafayette,Mississippi,28071.0,39,2.0,3.0,,,,-0.233
175963,2020-04-17,Lafayette,Mississippi,28071.0,39,2.0,0.0,,,,-0.221
175964,2020-04-18,Lafayette,Mississippi,28071.0,40,3.0,1.0,,,,-0.205
175965,2020-04-19,Lafayette,Mississippi,28071.0,64,3.0,24.0,,,,-0.163
175966,2020-04-20,Lafayette,Mississippi,28071.0,67,3.0,3.0,,,,-0.25999999
175967,2020-04-21,Lafayette,Mississippi,28071.0,68,3.0,1.0,,,,-0.233
175968,2020-04-22,Lafayette,Mississippi,28071.0,70,3.0,2.0,,,,-0.193
175969,2020-04-23,Lafayette,Mississippi,28071.0,81,3.0,11.0,,,,-0.23899999
175970,2020-04-24,Lafayette,Mississippi,28071.0,83,3.0,2.0,,,,-0.308
175971,2020-04-25,Lafayette,Mississippi,28071.0,87,3.0,4.0,,,,-0.31299999
175972,2020-04-26,Lafayette,Mississippi,28071.0,88,3.0,1.0,,,,-0.29699999
175973,2020-04-27,Lafayette,Mississippi,28071.0,88,3.0,0.0,,,,-0.26100001
175974,2020-04-28,Lafayette,Mississippi,28071.0,88,3.0,0.0,,,,-0.24600001
175975,2020-04-29,Lafayette,Mississippi,28071.0,88,3.0,0.0,,,,-0.252
175976,2020-04-30,Lafayette,Mississippi,28071.0,89,3.0,1.0,,,,-0.226
175977,2020-05-01,Lafayette,Mississippi,28071.0,89,3.0,0.0,,,,-0.215
175978,2020-05-02,Lafayette,Mississippi,28071.0,89,3.0,0.0,,,,-0.23100001
175979,2020-05-03,Lafayette,Mississippi,28071.0,91,3.0,2.0,,,,-0.21799999
175980,2020-05-04,Lafayette,Mississippi,28071.0,93,3.0,2.0,,,,-0.223
175981,2020-05-05,Lafayette,Mississippi,28071.0,96,3.0,3.0,,,,-0.23800001
175982,2020-05-06,Lafayette,Mississippi,28071.0,96,3.0,0.0,,,,-0.25
175983,2020-05-07,Lafayette,Mississippi,28071.0,96,3.0,0.0,,,,-0.20200001
175984,2020-05-08,Lafayette,Mississippi,28071.0,98,3.0,2.0,,,,-0.212
175985,2020-05-09,Lafayette,Mississippi,28071.0,98,3.0,0.0,,,,-0.193
175986,2020-05-10,Lafayette,Mississippi,28071.0,98,3.0,0.0,,,,-0.16899999999999998
175987,2020-05-11,Lafayette,Mississippi,28071.0,101,3.0,3.0,,,,-0.198
175988,2020-05-12,Lafayette,Mississippi,28071.0,101,3.0,0.0,,,,-0.16599999
175989,2020-05-13,Lafayette,Mississippi,28071.0,102,3.0,1.0,,,,-0.161
175990,2020-05-14,Lafayette,Mississippi,28071.0,106,3.0,4.0,,,,-0.12800001
175991,2020-05-15,Lafayette,Mississippi,28071.0,107,3.0,1.0,,,,-0.146
175992,2020-05-16,Lafayette,Mississippi,28071.0,107,3.0,0.0,,,,-0.193
175993,2020-05-17,Lafayette,Mississippi,28071.0,109,3.0,2.0,,,,-0.264
175994,2020-05-18,Lafayette,Mississippi,28071.0,109,3.0,0.0,,,,-0.22499999
175995,2020-05-19,Lafayette,Mississippi,28071.0,109,3.0,0.0,,,,-0.26199999
175996,2020-05-20,Lafayette,Mississippi,28071.0,110,3.0,1.0,,,,-0.271
175997,2020-05-21,Lafayette,Mississippi,28071.0,110,3.0,0.0,,,,-0.315
175998,2020-05-22,Lafayette,Mississippi,28071.0,116,3.0,6.0,,,,-0.26800001
175999,2020-05-23,Lafayette,Mississippi,28071.0,118,3.0,2.0,,,,-0.242
176000,2020-05-24,Lafayette,Mississippi,28071.0,123,3.0,5.0,,,,-0.27000001
176001,2020-05-25,Lafayette,Mississippi,28071.0,124,3.0,1.0,,,,-0.25400001
176002,2020-05-26,Lafayette,Mississippi,28071.0,126,4.0,2.0,,,,-0.18799999
176003,2020-05-27,Lafayette,Mississippi,28071.0,125,4.0,-1.0,,,,-0.20100001
176004,2020-05-28,Lafayette,Mississippi,28071.0,127,4.0,2.0,,,,-0.185
176005,2020-05-29,Lafayette,Mississippi,28071.0,130,4.0,3.0,,,,-0.28999999
176006,2020-05-30,Lafayette,Mississippi,28071.0,131,4.0,1.0,,,,-0.111
176007,2020-05-31,Lafayette,Mississippi,28071.0,136,4.0,5.0,,,,-0.084899999
176008,2020-06-01,Lafayette,Mississippi,28071.0,137,4.0,1.0,,,,-0.050999999000000004
176009,2020-06-02,Lafayette,Mississippi,28071.0,141,4.0,4.0,,,,-0.13600001
176010,2020-06-03,Lafayette,Mississippi,28071.0,150,4.0,9.0,,,,-0.139
176011,2020-06-04,Lafayette,Mississippi,28071.0,154,4.0,4.0,,,,-0.146
176012,2020-06-05,Lafayette,Mississippi,28071.0,156,4.0,2.0,,,,-0.146
176013,2020-06-06,Lafayette,Mississippi,28071.0,155,4.0,-1.0,,,,-0.14
176014,2020-06-07,Lafayette,Mississippi,28071.0,156,4.0,1.0,,,,-0.124
176015,2020-06-08,Lafayette,Mississippi,28071.0,157,4.0,1.0,,,,-0.14300001
176016,2020-06-09,Lafayette,Mississippi,28071.0,156,4.0,-1.0,,,,-0.163
176017,2020-06-10,Lafayette,Mississippi,28071.0,161,4.0,5.0,,,,-0.099100001
176018,2020-06-11,Lafayette,Mississippi,28071.0,161,4.0,0.0,,,,-0.096000001
176019,2020-06-12,Lafayette,Mississippi,28071.0,169,4.0,8.0,,,,-0.09440000400000001
176020,2020-06-13,Lafayette,Mississippi,28071.0,171,4.0,2.0,,,,-0.11699999999999999
176021,2020-06-14,Lafayette,Mississippi,28071.0,175,4.0,4.0,,,,-0.233
176022,2020-06-15,Lafayette,Mississippi,28071.0,181,4.0,6.0,,,,-0.21899999999999997
176023,2020-06-16,Lafayette,Mississippi,28071.0,195,4.0,14.0,,,,-0.15700001
176024,2020-06-17,Lafayette,Mississippi,28071.0,209,4.0,14.0,,,,-0.072300002
176025,2020-06-18,Lafayette,Mississippi,28071.0,209,4.0,0.0,,,,-0.067000002
176026,2020-06-19,Lafayette,Mississippi,28071.0,209,4.0,0.0,,,,-0.066500001
176027,2020-06-20,Lafayette,Mississippi,28071.0,209,4.0,0.0,,,,-0.0625
176028,2020-06-21,Lafayette,Mississippi,28071.0,209,4.0,0.0,,,,0.035100002000000005
176029,2020-06-22,Lafayette,Mississippi,28071.0,254,4.0,45.0,,,,0.057999998
176030,2020-06-23,Lafayette,Mississippi,28071.0,269,4.0,15.0,,,,-0.0309
176031,2020-06-24,Lafayette,Mississippi,28071.0,289,4.0,20.0,,,,-0.0055399998
176032,2020-06-25,Lafayette,Mississippi,28071.0,303,4.0,14.0,,,,-0.0061400002000000006
176033,2020-06-26,Lafayette,Mississippi,28071.0,310,4.0,7.0,,,,-0.0074399997999999995
176034,2020-06-27,Lafayette,Mississippi,28071.0,320,4.0,10.0,,,,-0.0241
176035,2020-06-28,Lafayette,Mississippi,28071.0,323,4.0,3.0,,,,-0.096900001
176036,2020-06-29,Lafayette,Mississippi,28071.0,330,4.0,7.0,,,,-0.11699999999999999
176037,2020-06-30,Lafayette,Mississippi,28071.0,339,4.0,9.0,,,,-0.139
176038,2020-07-01,Lafayette,Mississippi,28071.0,352,4.0,13.0,,,,-0.228
176039,2020-07-02,Lafayette,Mississippi,28071.0,368,4.0,16.0,,,,-0.222
176040,2020-07-03,Lafayette,Mississippi,28071.0,377,4.0,9.0,,,,-0.226
176041,2020-07-04,Lafayette,Mississippi,28071.0,389,4.0,12.0,,,,-0.18600000000000003
176042,2020-07-05,Lafayette,Mississippi,28071.0,391,4.0,2.0,,,,-0.149
176043,2020-07-06,Lafayette,Mississippi,28071.0,393,4.0,2.0,,,,-0.19599999
176044,2020-07-07,Lafayette,Mississippi,28071.0,409,4.0,16.0,,,,-0.15700001
176045,2020-07-08,Lafayette,Mississippi,28071.0,419,4.0,10.0,,,,-0.145
176046,2020-07-09,Lafayette,Mississippi,28071.0,437,4.0,18.0,,,,-0.08820000300000001
176047,2020-07-10,Lafayette,Mississippi,28071.0,464,4.0,27.0,,,,0.013999999999999999
176048,2020-07-11,Lafayette,Mississippi,28071.0,497,4.0,33.0,,,,0.036200002
176049,2020-07-12,Lafayette,Mississippi,28071.0,506,4.0,9.0,,,,0.093000002
176050,2020-07-13,Lafayette,Mississippi,28071.0,509,4.0,3.0,,,,0.0164
176051,2020-07-14,Lafayette,Mississippi,28071.0,527,4.0,18.0,,,,0.0208
176052,2020-07-15,Lafayette,Mississippi,28071.0,536,4.0,9.0,,,,0.020500001
176053,2020-07-16,Lafayette,Mississippi,28071.0,548,4.0,12.0,,,,-0.048999999
176054,2020-07-17,Lafayette,Mississippi,28071.0,560,4.0,12.0,,,,-0.142
176055,2020-07-18,Lafayette,Mississippi,28071.0,577,4.0,17.0,,,,-0.11599999999999999
176056,2020-07-19,Lafayette,Mississippi,28071.0,586,4.0,9.0,,,,-0.126
176057,2020-07-20,Lafayette,Mississippi,28071.0,596,4.0,10.0,,,,-0.08070000299999999
176058,2020-07-21,Lafayette,Mississippi,28071.0,613,4.0,17.0,,,,-0.156
176059,2020-07-22,Lafayette,Mississippi,28071.0,633,4.0,20.0,,,,-0.13699999
176060,2020-07-23,Lafayette,Mississippi,28071.0,653,4.0,20.0,,,,-0.115
176061,2020-07-24,Lafayette,Mississippi,28071.0,669,4.0,16.0,,,,-0.086199999
176062,2020-07-25,Lafayette,Mississippi,28071.0,700,4.0,31.0,,,,-0.13
176063,2020-07-26,Lafayette,Mississippi,28071.0,723,4.0,23.0,,,,-0.11599999999999999
176064,2020-07-27,Lafayette,Mississippi,28071.0,739,4.0,16.0,,,,-0.133
176065,2020-07-28,Lafayette,Mississippi,28071.0,758,4.0,19.0,,,,-0.088500001
176066,2020-07-29,Lafayette,Mississippi,28071.0,787,5.0,29.0,,,,-0.07620000099999999
176067,2020-07-30,Lafayette,Mississippi,28071.0,821,6.0,34.0,,,,-0.121
176068,2020-07-31,Lafayette,Mississippi,28071.0,837,7.0,16.0,,,,-0.15000001
176069,2020-08-01,Lafayette,Mississippi,28071.0,861,9.0,24.0,,,,-0.126
176070,2020-08-02,Lafayette,Mississippi,28071.0,869,9.0,8.0,,,,-0.16699999999999998
176071,2020-08-03,Lafayette,Mississippi,28071.0,881,11.0,12.0,,,,-0.145
176072,2020-08-04,Lafayette,Mississippi,28071.0,885,12.0,4.0,,,,-0.059000000000000004
176073,2020-08-05,Lafayette,Mississippi,28071.0,907,14.0,22.0,,,,-0.068400003
176074,2020-08-06,Lafayette,Mississippi,28071.0,937,14.0,30.0,,,,-0.093199998
176075,2020-08-07,Lafayette,Mississippi,28071.0,956,15.0,19.0,,,,-0.071999997
176076,2020-08-08,Lafayette,Mississippi,28071.0,964,16.0,8.0,,,,-0.072499998
176077,2020-08-09,Lafayette,Mississippi,28071.0,973,16.0,9.0,,,,0.00471
176078,2020-08-10,Lafayette,Mississippi,28071.0,983,17.0,10.0,,,,0.0218
176079,2020-08-11,Lafayette,Mississippi,28071.0,987,19.0,4.0,,,,-0.053399999000000004
176080,2020-08-12,Lafayette,Mississippi,28071.0,1018,20.0,31.0,,,,-0.0726
176081,2020-08-13,Lafayette,Mississippi,28071.0,1025,20.0,7.0,,,,-0.031099999
176082,2020-08-14,Lafayette,Mississippi,28071.0,1043,21.0,18.0,,,,-0.023600001000000002
176083,2020-08-15,Lafayette,Mississippi,28071.0,1062,21.0,19.0,,,,-0.050000000999999995
176084,2020-08-16,Lafayette,Mississippi,28071.0,1065,21.0,3.0,,,,-0.062600002
176085,2020-08-17,Lafayette,Mississippi,28071.0,1072,21.0,7.0,,,,-0.0451
176086,2020-08-18,Lafayette,Mississippi,28071.0,1084,23.0,12.0,,,,-0.0056099999
176087,2020-08-19,Lafayette,Mississippi,28071.0,1105,26.0,21.0,,,,-0.00398
176088,2020-08-20,Lafayette,Mississippi,28071.0,1122,27.0,17.0,,,,0.043699998
176089,2020-08-21,Lafayette,Mississippi,28071.0,1133,27.0,11.0,,,,0.09629999800000001
176090,2020-08-22,Lafayette,Mississippi,28071.0,1152,30.0,19.0,,,,0.125
176091,2020-08-23,Lafayette,Mississippi,28071.0,1162,30.0,10.0,,,,0.16500001
176092,2020-08-24,Lafayette,Mississippi,28071.0,1178,32.0,16.0,,,,0.152
176093,2020-08-25,Lafayette,Mississippi,28071.0,1202,34.0,24.0,,,,0.10300000000000001
176094,2020-08-26,Lafayette,Mississippi,28071.0,1244,34.0,42.0,,,,0.146
176095,2020-08-27,Lafayette,Mississippi,28071.0,1288,34.0,44.0,,,,0.161
176096,2020-08-28,Lafayette,Mississippi,28071.0,1335,34.0,47.0,,,,0.090700001
176097,2020-08-29,Lafayette,Mississippi,28071.0,1377,34.0,42.0,,,,0.146
176098,2020-08-30,Lafayette,Mississippi,28071.0,1419,34.0,42.0,,,,0.111
176099,2020-08-31,Lafayette,Mississippi,28071.0,1436,35.0,17.0,,,,0.056200001
176100,2020-09-01,Lafayette,Mississippi,28071.0,1470,36.0,34.0,,,,0.0107
176101,2020-09-02,Lafayette,Mississippi,28071.0,1527,38.0,57.0,,,,-0.00018800001
176102,2020-09-03,Lafayette,Mississippi,28071.0,1590,38.0,63.0,,,,-0.0502
176103,2020-09-04,Lafayette,Mississippi,28071.0,1664,38.0,74.0,,,,-0.084799998
176104,2020-09-05,Lafayette,Mississippi,28071.0,1707,38.0,43.0,,,,-0.15899999
176105,2020-09-06,Lafayette,Mississippi,28071.0,1750,38.0,43.0,,,,-0.064499997
176106,2020-09-07,Lafayette,Mississippi,28071.0,1778,38.0,28.0,,,,-0.10800000000000001
176107,2020-09-08,Lafayette,Mississippi,28071.0,1791,38.0,13.0,,,,-0.15099999
176108,2020-09-09,Lafayette,Mississippi,28071.0,1813,39.0,22.0,,,,-0.20600000000000002
176109,2020-09-10,Lafayette,Mississippi,28071.0,1847,39.0,34.0,,,,-0.161
176110,2020-09-11,Lafayette,Mississippi,28071.0,1896,39.0,49.0,,,,-0.185
176111,2020-09-12,Lafayette,Mississippi,28071.0,1921,39.0,25.0,,,,-0.142
176112,2020-09-13,Lafayette,Mississippi,28071.0,1939,39.0,18.0,,,,-0.132
176113,2020-09-14,Lafayette,Mississippi,28071.0,1958,39.0,19.0,,,,-0.082400002
176114,2020-09-15,Lafayette,Mississippi,28071.0,1975,39.0,17.0,,,,-0.0473
176115,2020-09-16,Lafayette,Mississippi,28071.0,1993,39.0,18.0,,,,-0.0462
176116,2020-09-17,Lafayette,Mississippi,28071.0,2030,39.0,37.0,,,,-0.029899999
176117,2020-09-18,Lafayette,Mississippi,28071.0,2050,39.0,20.0,,,,0.032200001
176118,2020-09-19,Lafayette,Mississippi,28071.0,2072,39.0,22.0,,,,0.051600002
176119,2020-09-20,Lafayette,Mississippi,28071.0,2084,39.0,12.0,,,,0.09399999699999999
176120,2020-09-21,Lafayette,Mississippi,28071.0,2092,39.0,8.0,,,,0.075999998
176121,2020-09-22,Lafayette,Mississippi,28071.0,2116,39.0,24.0,,,,0.08749999900000001
176122,2020-09-23,Lafayette,Mississippi,28071.0,2137,39.0,21.0,,,,0.082599998
176123,2020-09-24,Lafayette,Mississippi,28071.0,2154,39.0,17.0,,,,0.0014900001
176124,2020-09-25,Lafayette,Mississippi,28071.0,2173,39.0,19.0,,,,-0.017000001
176125,2020-09-26,Lafayette,Mississippi,28071.0,2191,39.0,18.0,,,,-0.0801
176126,2020-09-27,Lafayette,Mississippi,28071.0,2193,40.0,2.0,,,,-0.15800001
176127,2020-09-28,Lafayette,Mississippi,28071.0,2198,40.0,5.0,,,,-0.11900000000000001
176128,2020-09-29,Lafayette,Mississippi,28071.0,2208,40.0,10.0,,,,-0.14
176129,2020-09-30,Lafayette,Mississippi,28071.0,2212,40.0,4.0,,,,-0.09790000300000001
176130,2020-10-01,Lafayette,Mississippi,28071.0,2228,40.0,16.0,,,,-0.06710000299999999
176131,2020-10-02,Lafayette,Mississippi,28071.0,2248,40.0,20.0,,,,-0.09790000300000001
176132,2020-10-03,Lafayette,Mississippi,28071.0,2258,41.0,10.0,,,,-0.14399999
176133,2020-10-04,Lafayette,Mississippi,28071.0,2266,41.0,8.0,,,,-0.073700003
176134,2020-10-05,Lafayette,Mississippi,28071.0,2269,41.0,3.0,,,,-0.084399998
176135,2020-10-06,Lafayette,Mississippi,28071.0,2294,41.0,25.0,,,,-0.0502
176136,2020-10-07,Lafayette,Mississippi,28071.0,2303,41.0,9.0,,,,-0.0063499999
176137,2020-10-08,Lafayette,Mississippi,28071.0,2309,41.0,6.0,,,,0.009220000400000001
176138,2020-10-09,Lafayette,Mississippi,28071.0,2324,41.0,15.0,,,,0.15899999
176139,2020-10-10,Lafayette,Mississippi,28071.0,2341,41.0,17.0,,,,0.26199999
176140,2020-10-11,Lafayette,Mississippi,28071.0,2345,42.0,4.0,,,,0.252
176141,2020-10-12,Lafayette,Mississippi,28071.0,2350,42.0,5.0,,,,0.27599999
176142,2020-10-13,Lafayette,Mississippi,28071.0,2362,42.0,12.0,,,,0.31400001
176143,2020-10-14,Lafayette,Mississippi,28071.0,2376,42.0,14.0,,,,0.271
176144,2020-10-15,Lafayette,Mississippi,28071.0,2395,42.0,19.0,,,,0.31200001
176145,2020-10-16,Lafayette,Mississippi,28071.0,2405,42.0,10.0,,,,0.31099999
176146,2020-10-17,Lafayette,Mississippi,28071.0,2413,42.0,8.0,,,,0.252
176147,2020-10-18,Lafayette,Mississippi,28071.0,2413,42.0,0.0,,,,0.22899999999999998
176148,2020-10-19,Lafayette,Mississippi,28071.0,2417,42.0,4.0,,,,0.20600000000000002
176149,2020-10-20,Lafayette,Mississippi,28071.0,2426,42.0,9.0,,,,0.109
176150,2020-10-21,Lafayette,Mississippi,28071.0,2440,42.0,14.0,,,,0.056699999
176151,2020-10-22,Lafayette,Mississippi,28071.0,2459,43.0,19.0,,,,-0.08070000299999999
176152,2020-10-23,Lafayette,Mississippi,28071.0,2483,43.0,24.0,,,,-0.145
176153,2020-10-24,Lafayette,Mississippi,28071.0,2504,43.0,21.0,,,,-0.15700001
176154,2020-10-25,Lafayette,Mississippi,28071.0,2504,43.0,0.0,,,,-0.17299999
176155,2020-10-26,Lafayette,Mississippi,28071.0,2513,43.0,9.0,,,,-0.183
176156,2020-10-27,Lafayette,Mississippi,28071.0,2531,43.0,18.0,,,,-0.18700001
176157,2020-10-28,Lafayette,Mississippi,28071.0,2550,43.0,19.0,,,,-0.080399998
176158,2020-10-29,Lafayette,Mississippi,28071.0,2560,43.0,10.0,,,,-0.082400002
176159,2020-10-30,Lafayette,Mississippi,28071.0,2591,43.0,31.0,,,,-0.0405
176160,2020-10-31,Lafayette,Mississippi,28071.0,2602,43.0,11.0,,,,-0.0162
176161,2020-11-01,Lafayette,Mississippi,28071.0,2607,43.0,5.0,,,,-0.04630000099999999
176162,2020-11-02,Lafayette,Mississippi,28071.0,2614,43.0,7.0,,,,-0.133
176163,2020-11-03,Lafayette,Mississippi,28071.0,2628,43.0,14.0,,,,-0.0858
176164,2020-11-04,Lafayette,Mississippi,28071.0,2640,43.0,12.0,,,,-0.147
176165,2020-11-05,Lafayette,Mississippi,28071.0,2658,43.0,18.0,,,,-0.17200001
176166,2020-11-06,Lafayette,Mississippi,28071.0,2674,43.0,16.0,,,,-0.192
176167,2020-11-07,Lafayette,Mississippi,28071.0,2693,43.0,19.0,,,,-0.183
176168,2020-11-08,Lafayette,Mississippi,28071.0,2713,43.0,20.0,,,,-0.18899999999999997
176169,2020-11-09,Lafayette,Mississippi,28071.0,2717,43.0,4.0,,,,-0.11900000000000001
176170,2020-11-10,Lafayette,Mississippi,28071.0,2730,43.0,13.0,,,,-0.15099999
176171,2020-11-11,Lafayette,Mississippi,28071.0,2764,43.0,34.0,,,,-0.078599997
176172,2020-11-12,Lafayette,Mississippi,28071.0,2790,45.0,26.0,,,,0.0162
176173,2020-11-13,Lafayette,Mississippi,28071.0,2817,45.0,27.0,,,,0.019300001
176174,2020-11-14,Lafayette,Mississippi,28071.0,2847,45.0,30.0,,,,0.0058400002
176175,2020-11-15,Lafayette,Mississippi,28071.0,2867,45.0,20.0,,,,0.09030000099999999
176176,2020-11-16,Lafayette,Mississippi,28071.0,2897,45.0,30.0,,,,0.082400002
176177,2020-11-17,Lafayette,Mississippi,28071.0,2912,45.0,15.0,,,,0.068899997
176178,2020-11-18,Lafayette,Mississippi,28071.0,2946,45.0,34.0,,,,0.171
176179,2020-11-19,Lafayette,Mississippi,28071.0,2968,46.0,22.0,,,,0.015799999
176180,2020-11-20,Lafayette,Mississippi,28071.0,3061,46.0,93.0,,,,0.0348
176181,2020-11-21,Lafayette,Mississippi,28071.0,3107,47.0,46.0,,,,0.067299999
176182,2020-11-22,Lafayette,Mississippi,28071.0,3120,47.0,13.0,,,,-0.040100001
