,date,county,state,fips,cases,deaths,new_cases,emp_combined,emp_combined_inclow,revenue_all,spend_all
178164,2020-03-21,Panola,Mississippi,28107.0,1,0.0,0.0,,,,-0.147
178165,2020-03-22,Panola,Mississippi,28107.0,2,0.0,1.0,,,,-0.14
178166,2020-03-23,Panola,Mississippi,28107.0,2,0.0,0.0,,,,-0.244
178167,2020-03-24,Panola,Mississippi,28107.0,2,0.0,0.0,,,,-0.257
178168,2020-03-25,Panola,Mississippi,28107.0,2,0.0,0.0,,,,-0.31099999
178169,2020-03-26,Panola,Mississippi,28107.0,4,0.0,2.0,,,,-0.32899999999999996
178170,2020-03-27,Panola,Mississippi,28107.0,4,0.0,0.0,,,,-0.33000001
178171,2020-03-28,Panola,Mississippi,28107.0,4,0.0,0.0,,,,-0.28999999
178172,2020-03-29,Panola,Mississippi,28107.0,5,0.0,1.0,,,,-0.29699999
178173,2020-03-30,Panola,Mississippi,28107.0,6,0.0,1.0,,,,-0.30500001
178174,2020-03-31,Panola,Mississippi,28107.0,7,1.0,1.0,,,,-0.29100001
178175,2020-04-01,Panola,Mississippi,28107.0,8,1.0,1.0,,,,-0.26899999
178176,2020-04-02,Panola,Mississippi,28107.0,8,1.0,0.0,,,,-0.25400001
178177,2020-04-03,Panola,Mississippi,28107.0,8,1.0,0.0,,,,-0.204
178178,2020-04-04,Panola,Mississippi,28107.0,10,1.0,2.0,,,,-0.243
178179,2020-04-05,Panola,Mississippi,28107.0,17,1.0,7.0,,,,-0.221
178180,2020-04-06,Panola,Mississippi,28107.0,17,1.0,0.0,,,,-0.17600000000000002
178181,2020-04-07,Panola,Mississippi,28107.0,19,1.0,2.0,,,,-0.205
178182,2020-04-08,Panola,Mississippi,28107.0,19,1.0,0.0,,,,-0.16699999999999998
178183,2020-04-09,Panola,Mississippi,28107.0,21,1.0,2.0,,,,-0.17399999
178184,2020-04-10,Panola,Mississippi,28107.0,22,1.0,1.0,,,,-0.22899999999999998
178185,2020-04-11,Panola,Mississippi,28107.0,22,2.0,0.0,,,,-0.23
178186,2020-04-12,Panola,Mississippi,28107.0,22,2.0,0.0,,,,-0.26800001
178187,2020-04-13,Panola,Mississippi,28107.0,23,2.0,1.0,,,,-0.27000001
178188,2020-04-14,Panola,Mississippi,28107.0,26,2.0,3.0,,,,-0.25299999
178189,2020-04-15,Panola,Mississippi,28107.0,26,2.0,0.0,,,,-0.139
178190,2020-04-16,Panola,Mississippi,28107.0,27,2.0,1.0,,,,-0.0823
178191,2020-04-17,Panola,Mississippi,28107.0,27,2.0,0.0,,,,0.0218
178192,2020-04-18,Panola,Mississippi,28107.0,30,2.0,3.0,,,,0.094999999
178193,2020-04-19,Panola,Mississippi,28107.0,35,2.0,5.0,,,,0.147
178194,2020-04-20,Panola,Mississippi,28107.0,36,2.0,1.0,,,,0.18099999
178195,2020-04-21,Panola,Mississippi,28107.0,37,2.0,1.0,,,,0.28099999
178196,2020-04-22,Panola,Mississippi,28107.0,37,2.0,0.0,,,,0.27399999
178197,2020-04-23,Panola,Mississippi,28107.0,38,2.0,1.0,,,,0.23399999999999999
178198,2020-04-24,Panola,Mississippi,28107.0,38,2.0,0.0,,,,0.15899999
178199,2020-04-25,Panola,Mississippi,28107.0,36,2.0,-2.0,,,,0.183
178200,2020-04-26,Panola,Mississippi,28107.0,37,2.0,1.0,,,,0.124
178201,2020-04-27,Panola,Mississippi,28107.0,38,2.0,1.0,,,,0.11599999999999999
178202,2020-04-28,Panola,Mississippi,28107.0,38,2.0,0.0,,,,0.072099999
178203,2020-04-29,Panola,Mississippi,28107.0,38,2.0,0.0,,,,0.046399999000000004
178204,2020-04-30,Panola,Mississippi,28107.0,39,2.0,1.0,,,,-0.0028399999999999996
178205,2020-05-01,Panola,Mississippi,28107.0,39,2.0,0.0,,,,0.032400001
178206,2020-05-02,Panola,Mississippi,28107.0,39,2.0,0.0,,,,0.021299999
178207,2020-05-03,Panola,Mississippi,28107.0,40,2.0,1.0,,,,0.034600001
178208,2020-05-04,Panola,Mississippi,28107.0,40,2.0,0.0,,,,0.050099999000000006
178209,2020-05-05,Panola,Mississippi,28107.0,40,2.0,0.0,,,,0.106
178210,2020-05-06,Panola,Mississippi,28107.0,42,2.0,2.0,,,,0.0757
178211,2020-05-07,Panola,Mississippi,28107.0,43,2.0,1.0,,,,0.11599999999999999
178212,2020-05-08,Panola,Mississippi,28107.0,43,2.0,0.0,,,,0.12
178213,2020-05-09,Panola,Mississippi,28107.0,43,2.0,0.0,,,,0.099699996
178214,2020-05-10,Panola,Mississippi,28107.0,43,2.0,0.0,,,,0.152
178215,2020-05-11,Panola,Mississippi,28107.0,43,2.0,0.0,,,,0.13600001
178216,2020-05-12,Panola,Mississippi,28107.0,45,2.0,2.0,,,,0.1
178217,2020-05-13,Panola,Mississippi,28107.0,45,2.0,0.0,,,,0.081100002
178218,2020-05-14,Panola,Mississippi,28107.0,46,2.0,1.0,,,,0.096199997
178219,2020-05-15,Panola,Mississippi,28107.0,47,2.0,1.0,,,,-0.048700001
178220,2020-05-16,Panola,Mississippi,28107.0,50,2.0,3.0,,,,-0.131
178221,2020-05-17,Panola,Mississippi,28107.0,50,2.0,0.0,,,,-0.12899999
178222,2020-05-18,Panola,Mississippi,28107.0,50,2.0,0.0,,,,-0.115
178223,2020-05-19,Panola,Mississippi,28107.0,52,2.0,2.0,,,,-0.139
178224,2020-05-20,Panola,Mississippi,28107.0,54,2.0,2.0,,,,-0.122
178225,2020-05-21,Panola,Mississippi,28107.0,58,2.0,4.0,,,,-0.18799999
178226,2020-05-22,Panola,Mississippi,28107.0,59,2.0,1.0,,,,-0.0276
178227,2020-05-23,Panola,Mississippi,28107.0,61,2.0,2.0,,,,0.039700001
178228,2020-05-24,Panola,Mississippi,28107.0,62,2.0,1.0,,,,0.013000000000000001
178229,2020-05-25,Panola,Mississippi,28107.0,62,2.0,0.0,,,,-0.044799998
178230,2020-05-26,Panola,Mississippi,28107.0,64,2.0,2.0,,,,0.0165
178231,2020-05-27,Panola,Mississippi,28107.0,64,3.0,0.0,,,,0.0133
178232,2020-05-28,Panola,Mississippi,28107.0,64,3.0,0.0,,,,0.114
178233,2020-05-29,Panola,Mississippi,28107.0,66,3.0,2.0,,,,0.12300000000000001
178234,2020-05-30,Panola,Mississippi,28107.0,70,3.0,4.0,,,,0.161
178235,2020-05-31,Panola,Mississippi,28107.0,71,3.0,1.0,,,,0.11
178236,2020-06-01,Panola,Mississippi,28107.0,71,3.0,0.0,,,,0.127
178237,2020-06-02,Panola,Mississippi,28107.0,84,3.0,13.0,,,,0.09809999900000001
178238,2020-06-03,Panola,Mississippi,28107.0,85,3.0,1.0,,,,0.15000001
178239,2020-06-04,Panola,Mississippi,28107.0,84,3.0,-1.0,,,,0.073600002
178240,2020-06-05,Panola,Mississippi,28107.0,87,3.0,3.0,,,,0.16
178241,2020-06-06,Panola,Mississippi,28107.0,93,3.0,6.0,,,,0.147
178242,2020-06-07,Panola,Mississippi,28107.0,96,3.0,3.0,,,,0.18099999
178243,2020-06-08,Panola,Mississippi,28107.0,102,3.0,6.0,,,,0.138
178244,2020-06-09,Panola,Mississippi,28107.0,105,3.0,3.0,,,,0.13
178245,2020-06-10,Panola,Mississippi,28107.0,110,3.0,5.0,,,,0.07630000299999999
178246,2020-06-11,Panola,Mississippi,28107.0,110,3.0,0.0,,,,0.15800001
178247,2020-06-12,Panola,Mississippi,28107.0,118,3.0,8.0,,,,0.11599999999999999
178248,2020-06-13,Panola,Mississippi,28107.0,121,3.0,3.0,,,,0.11900000000000001
178249,2020-06-14,Panola,Mississippi,28107.0,122,3.0,1.0,,,,0.161
178250,2020-06-15,Panola,Mississippi,28107.0,127,4.0,5.0,,,,0.222
178251,2020-06-16,Panola,Mississippi,28107.0,137,4.0,10.0,,,,0.23899999
178252,2020-06-17,Panola,Mississippi,28107.0,146,4.0,9.0,,,,0.259
178253,2020-06-18,Panola,Mississippi,28107.0,146,4.0,0.0,,,,0.285
178254,2020-06-19,Panola,Mississippi,28107.0,146,4.0,0.0,,,,0.25600001
178255,2020-06-20,Panola,Mississippi,28107.0,146,4.0,0.0,,,,0.26699999
178256,2020-06-21,Panola,Mississippi,28107.0,146,4.0,0.0,,,,0.20900001
178257,2020-06-22,Panola,Mississippi,28107.0,179,5.0,33.0,,,,0.149
178258,2020-06-23,Panola,Mississippi,28107.0,190,5.0,11.0,,,,0.124
178259,2020-06-24,Panola,Mississippi,28107.0,204,5.0,14.0,,,,0.0858
178260,2020-06-25,Panola,Mississippi,28107.0,221,5.0,17.0,,,,-0.0145
178261,2020-06-26,Panola,Mississippi,28107.0,227,5.0,6.0,,,,-0.106
178262,2020-06-27,Panola,Mississippi,28107.0,237,6.0,10.0,,,,-0.22400001
178263,2020-06-28,Panola,Mississippi,28107.0,240,6.0,3.0,,,,-0.23199999
178264,2020-06-29,Panola,Mississippi,28107.0,246,6.0,6.0,,,,-0.124
178265,2020-06-30,Panola,Mississippi,28107.0,254,6.0,8.0,,,,-0.0559
178266,2020-07-01,Panola,Mississippi,28107.0,270,6.0,16.0,,,,0.0080500003
178267,2020-07-02,Panola,Mississippi,28107.0,295,6.0,25.0,,,,0.077399999
178268,2020-07-03,Panola,Mississippi,28107.0,325,6.0,30.0,,,,0.131
178269,2020-07-04,Panola,Mississippi,28107.0,345,6.0,20.0,,,,0.192
178270,2020-07-05,Panola,Mississippi,28107.0,350,6.0,5.0,,,,0.27599999
178271,2020-07-06,Panola,Mississippi,28107.0,352,6.0,2.0,,,,0.163
178272,2020-07-07,Panola,Mississippi,28107.0,364,6.0,12.0,,,,0.115
178273,2020-07-08,Panola,Mississippi,28107.0,392,6.0,28.0,,,,0.11699999999999999
178274,2020-07-09,Panola,Mississippi,28107.0,399,6.0,7.0,,,,0.16399999999999998
178275,2020-07-10,Panola,Mississippi,28107.0,432,6.0,33.0,,,,0.25400001
178276,2020-07-11,Panola,Mississippi,28107.0,448,6.0,16.0,,,,0.23399999999999999
178277,2020-07-12,Panola,Mississippi,28107.0,454,6.0,6.0,,,,0.278
178278,2020-07-13,Panola,Mississippi,28107.0,461,6.0,7.0,,,,0.23600000000000002
178279,2020-07-14,Panola,Mississippi,28107.0,469,6.0,8.0,,,,0.31900001
178280,2020-07-15,Panola,Mississippi,28107.0,517,6.0,48.0,,,,0.146
178281,2020-07-16,Panola,Mississippi,28107.0,531,6.0,14.0,,,,0.075800002
178282,2020-07-17,Panola,Mississippi,28107.0,551,6.0,20.0,,,,-0.0108
178283,2020-07-18,Panola,Mississippi,28107.0,549,6.0,-2.0,,,,-0.0135
178284,2020-07-19,Panola,Mississippi,28107.0,565,6.0,16.0,,,,-0.0296
178285,2020-07-20,Panola,Mississippi,28107.0,576,6.0,11.0,,,,-0.0147
178286,2020-07-21,Panola,Mississippi,28107.0,596,7.0,20.0,,,,-0.048
178287,2020-07-22,Panola,Mississippi,28107.0,617,7.0,21.0,,,,0.057
178288,2020-07-23,Panola,Mississippi,28107.0,640,8.0,23.0,,,,0.066200003
178289,2020-07-24,Panola,Mississippi,28107.0,662,8.0,22.0,,,,0.14300001
178290,2020-07-25,Panola,Mississippi,28107.0,711,9.0,49.0,,,,0.17200001
178291,2020-07-26,Panola,Mississippi,28107.0,732,9.0,21.0,,,,0.17299999
178292,2020-07-27,Panola,Mississippi,28107.0,747,9.0,15.0,,,,0.14300001
178293,2020-07-28,Panola,Mississippi,28107.0,768,10.0,21.0,,,,0.126
178294,2020-07-29,Panola,Mississippi,28107.0,826,10.0,58.0,,,,0.15700001
178295,2020-07-30,Panola,Mississippi,28107.0,867,11.0,41.0,,,,0.20100001
178296,2020-07-31,Panola,Mississippi,28107.0,877,11.0,10.0,,,,0.23899999
178297,2020-08-01,Panola,Mississippi,28107.0,896,11.0,19.0,,,,0.215
178298,2020-08-02,Panola,Mississippi,28107.0,907,11.0,11.0,,,,0.15700001
178299,2020-08-03,Panola,Mississippi,28107.0,912,11.0,5.0,,,,0.21899999999999997
178300,2020-08-04,Panola,Mississippi,28107.0,936,11.0,24.0,,,,0.22400001
178301,2020-08-05,Panola,Mississippi,28107.0,960,12.0,24.0,,,,0.18099999
178302,2020-08-06,Panola,Mississippi,28107.0,980,12.0,20.0,,,,0.161
178303,2020-08-07,Panola,Mississippi,28107.0,1026,12.0,46.0,,,,0.20800000000000002
178304,2020-08-08,Panola,Mississippi,28107.0,1054,12.0,28.0,,,,0.215
178305,2020-08-09,Panola,Mississippi,28107.0,1059,13.0,5.0,,,,0.34400001
178306,2020-08-10,Panola,Mississippi,28107.0,1062,14.0,3.0,,,,0.27900001
178307,2020-08-11,Panola,Mississippi,28107.0,1068,16.0,6.0,,,,0.233
178308,2020-08-12,Panola,Mississippi,28107.0,1091,17.0,23.0,,,,0.28200001
178309,2020-08-13,Panola,Mississippi,28107.0,1096,18.0,5.0,,,,0.271
178310,2020-08-14,Panola,Mississippi,28107.0,1108,18.0,12.0,,,,0.24600001
178311,2020-08-15,Panola,Mississippi,28107.0,1139,18.0,31.0,,,,0.266
178312,2020-08-16,Panola,Mississippi,28107.0,1140,18.0,1.0,,,,0.1
178313,2020-08-17,Panola,Mississippi,28107.0,1143,18.0,3.0,,,,0.115
178314,2020-08-18,Panola,Mississippi,28107.0,1152,18.0,9.0,,,,0.12800001
178315,2020-08-19,Panola,Mississippi,28107.0,1175,19.0,23.0,,,,0.089299999
178316,2020-08-20,Panola,Mississippi,28107.0,1184,20.0,9.0,,,,0.113
178317,2020-08-21,Panola,Mississippi,28107.0,1200,20.0,16.0,,,,0.0341
178318,2020-08-22,Panola,Mississippi,28107.0,1229,20.0,29.0,,,,0.0057100002
178319,2020-08-23,Panola,Mississippi,28107.0,1246,20.0,17.0,,,,0.109
178320,2020-08-24,Panola,Mississippi,28107.0,1248,21.0,2.0,,,,0.114
178321,2020-08-25,Panola,Mississippi,28107.0,1257,21.0,9.0,,,,0.13500001
178322,2020-08-26,Panola,Mississippi,28107.0,1263,23.0,6.0,,,,0.17
178323,2020-08-27,Panola,Mississippi,28107.0,1269,23.0,6.0,,,,0.259
178324,2020-08-28,Panola,Mississippi,28107.0,1273,23.0,4.0,,,,0.29499999
178325,2020-08-29,Panola,Mississippi,28107.0,1288,23.0,15.0,,,,0.35100001
178326,2020-08-30,Panola,Mississippi,28107.0,1293,23.0,5.0,,,,0.17800000000000002
178327,2020-08-31,Panola,Mississippi,28107.0,1294,23.0,1.0,,,,0.17900001
178328,2020-09-01,Panola,Mississippi,28107.0,1295,23.0,1.0,,,,0.156
178329,2020-09-02,Panola,Mississippi,28107.0,1307,23.0,12.0,,,,0.16
178330,2020-09-03,Panola,Mississippi,28107.0,1315,23.0,8.0,,,,0.18000001
178331,2020-09-04,Panola,Mississippi,28107.0,1319,25.0,4.0,,,,0.138
178332,2020-09-05,Panola,Mississippi,28107.0,1328,25.0,9.0,,,,0.0942
178333,2020-09-06,Panola,Mississippi,28107.0,1329,25.0,1.0,,,,0.10300000000000001
178334,2020-09-07,Panola,Mississippi,28107.0,1333,25.0,4.0,,,,0.013999999999999999
178335,2020-09-08,Panola,Mississippi,28107.0,1336,25.0,3.0,,,,0.0084899999
178336,2020-09-09,Panola,Mississippi,28107.0,1339,25.0,3.0,,,,0.11699999999999999
178337,2020-09-10,Panola,Mississippi,28107.0,1344,26.0,5.0,,,,0.138
178338,2020-09-11,Panola,Mississippi,28107.0,1358,26.0,14.0,,,,0.11800000000000001
178339,2020-09-12,Panola,Mississippi,28107.0,1362,26.0,4.0,,,,0.127
178340,2020-09-13,Panola,Mississippi,28107.0,1365,26.0,3.0,,,,0.13600001
178341,2020-09-14,Panola,Mississippi,28107.0,1367,26.0,2.0,,,,0.109
178342,2020-09-15,Panola,Mississippi,28107.0,1379,26.0,12.0,,,,0.114
178343,2020-09-16,Panola,Mississippi,28107.0,1403,26.0,24.0,,,,0.17299999
178344,2020-09-17,Panola,Mississippi,28107.0,1409,26.0,6.0,,,,0.20299999
178345,2020-09-18,Panola,Mississippi,28107.0,1424,26.0,15.0,,,,0.14399999
178346,2020-09-19,Panola,Mississippi,28107.0,1440,27.0,16.0,,,,0.18099999
178347,2020-09-20,Panola,Mississippi,28107.0,1440,27.0,0.0,,,,0.15800001
178348,2020-09-21,Panola,Mississippi,28107.0,1445,27.0,5.0,,,,0.155
178349,2020-09-22,Panola,Mississippi,28107.0,1449,27.0,4.0,,,,0.077
178350,2020-09-23,Panola,Mississippi,28107.0,1455,27.0,6.0,,,,-0.0208
178351,2020-09-24,Panola,Mississippi,28107.0,1463,28.0,8.0,,,,-0.0447
178352,2020-09-25,Panola,Mississippi,28107.0,1471,29.0,8.0,,,,-0.0232
178353,2020-09-26,Panola,Mississippi,28107.0,1499,30.0,28.0,,,,-0.0062799998999999995
178354,2020-09-27,Panola,Mississippi,28107.0,1507,31.0,8.0,,,,0.0188
178355,2020-09-28,Panola,Mississippi,28107.0,1510,31.0,3.0,,,,-0.023399998999999998
178356,2020-09-29,Panola,Mississippi,28107.0,1512,31.0,2.0,,,,0.026799998999999998
178357,2020-09-30,Panola,Mississippi,28107.0,1516,31.0,4.0,,,,0.121
178358,2020-10-01,Panola,Mississippi,28107.0,1525,31.0,9.0,,,,0.15800001
178359,2020-10-02,Panola,Mississippi,28107.0,1532,31.0,7.0,,,,0.21600001
178360,2020-10-03,Panola,Mississippi,28107.0,1542,31.0,10.0,,,,0.15000001
178361,2020-10-04,Panola,Mississippi,28107.0,1546,31.0,4.0,,,,0.27599999
178362,2020-10-05,Panola,Mississippi,28107.0,1548,31.0,2.0,,,,0.38699999
178363,2020-10-06,Panola,Mississippi,28107.0,1558,32.0,10.0,,,,0.38699999
178364,2020-10-07,Panola,Mississippi,28107.0,1565,32.0,7.0,,,,0.35499999
178365,2020-10-08,Panola,Mississippi,28107.0,1575,33.0,10.0,,,,0.34999999
178366,2020-10-09,Panola,Mississippi,28107.0,1594,33.0,19.0,,,,0.35699999
178367,2020-10-10,Panola,Mississippi,28107.0,1599,35.0,5.0,,,,0.36199999
178368,2020-10-11,Panola,Mississippi,28107.0,1604,35.0,5.0,,,,0.252
178369,2020-10-12,Panola,Mississippi,28107.0,1605,35.0,1.0,,,,0.223
178370,2020-10-13,Panola,Mississippi,28107.0,1608,35.0,3.0,,,,0.20100001
178371,2020-10-14,Panola,Mississippi,28107.0,1612,36.0,4.0,,,,0.171
178372,2020-10-15,Panola,Mississippi,28107.0,1620,36.0,8.0,,,,0.15800001
178373,2020-10-16,Panola,Mississippi,28107.0,1642,36.0,22.0,,,,0.08820000300000001
178374,2020-10-17,Panola,Mississippi,28107.0,1647,36.0,5.0,,,,0.114
178375,2020-10-18,Panola,Mississippi,28107.0,1647,36.0,0.0,,,,0.043699998
178376,2020-10-19,Panola,Mississippi,28107.0,1651,36.0,4.0,,,,-0.037000000000000005
178377,2020-10-20,Panola,Mississippi,28107.0,1663,37.0,12.0,,,,0.037900001
178378,2020-10-21,Panola,Mississippi,28107.0,1676,38.0,13.0,,,,0.084899999
178379,2020-10-22,Panola,Mississippi,28107.0,1690,38.0,14.0,,,,0.051100001
178380,2020-10-23,Panola,Mississippi,28107.0,1691,39.0,1.0,,,,0.053399999000000004
178381,2020-10-24,Panola,Mississippi,28107.0,1700,40.0,9.0,,,,0.09229999800000001
178382,2020-10-25,Panola,Mississippi,28107.0,1700,40.0,0.0,,,,0.15700001
178383,2020-10-26,Panola,Mississippi,28107.0,1702,40.0,2.0,,,,0.22699999999999998
178384,2020-10-27,Panola,Mississippi,28107.0,1706,40.0,4.0,,,,0.17299999
178385,2020-10-28,Panola,Mississippi,28107.0,1720,40.0,14.0,,,,0.14
178386,2020-10-29,Panola,Mississippi,28107.0,1722,41.0,2.0,,,,0.23100001
178387,2020-10-30,Panola,Mississippi,28107.0,1734,41.0,12.0,,,,0.32699999
178388,2020-10-31,Panola,Mississippi,28107.0,1742,41.0,8.0,,,,0.285
178389,2020-11-01,Panola,Mississippi,28107.0,1742,41.0,0.0,,,,0.193
178390,2020-11-02,Panola,Mississippi,28107.0,1743,41.0,1.0,,,,0.109
178391,2020-11-03,Panola,Mississippi,28107.0,1754,41.0,11.0,,,,0.12300000000000001
178392,2020-11-04,Panola,Mississippi,28107.0,1770,41.0,16.0,,,,0.08070000299999999
178393,2020-11-05,Panola,Mississippi,28107.0,1789,41.0,19.0,,,,0.16699999999999998
178394,2020-11-06,Panola,Mississippi,28107.0,1802,41.0,13.0,,,,0.154
178395,2020-11-07,Panola,Mississippi,28107.0,1821,41.0,19.0,,,,0.16399999999999998
178396,2020-11-08,Panola,Mississippi,28107.0,1837,42.0,16.0,,,,0.2
178397,2020-11-09,Panola,Mississippi,28107.0,1841,42.0,4.0,,,,0.257
178398,2020-11-10,Panola,Mississippi,28107.0,1850,42.0,9.0,,,,0.31400001
178399,2020-11-11,Panola,Mississippi,28107.0,1889,43.0,39.0,,,,0.38299999
178400,2020-11-12,Panola,Mississippi,28107.0,1904,43.0,15.0,,,,0.20999999
178401,2020-11-13,Panola,Mississippi,28107.0,1928,43.0,24.0,,,,0.23
178402,2020-11-14,Panola,Mississippi,28107.0,1940,43.0,12.0,,,,0.233
178403,2020-11-15,Panola,Mississippi,28107.0,1954,43.0,14.0,,,,0.21699999
178404,2020-11-16,Panola,Mississippi,28107.0,1965,43.0,11.0,,,,0.22
178405,2020-11-17,Panola,Mississippi,28107.0,1984,46.0,19.0,,,,0.153
178406,2020-11-18,Panola,Mississippi,28107.0,2004,46.0,20.0,,,,0.255
178407,2020-11-19,Panola,Mississippi,28107.0,2020,47.0,16.0,,,,0.207
178408,2020-11-20,Panola,Mississippi,28107.0,2050,47.0,30.0,,,,0.127
178409,2020-11-21,Panola,Mississippi,28107.0,2094,47.0,44.0,,,,0.15000001
178410,2020-11-22,Panola,Mississippi,28107.0,2103,47.0,9.0,,,,0.156
