,date,county,state,fips,cases,deaths,new_cases,emp_combined,emp_combined_inclow,revenue_all,spend_all
179401,2020-03-21,Union,Mississippi,28145.0,1,0.0,0.0,,,,-0.242
179402,2020-03-22,Union,Mississippi,28145.0,1,0.0,0.0,,,,-0.266
179403,2020-03-23,Union,Mississippi,28145.0,1,0.0,0.0,,,,-0.30700001
179404,2020-03-24,Union,Mississippi,28145.0,1,0.0,0.0,,,,-0.322
179405,2020-03-25,Union,Mississippi,28145.0,2,0.0,1.0,,,,-0.31799999
179406,2020-03-26,Union,Mississippi,28145.0,2,0.0,0.0,,,,-0.41600001
179407,2020-03-27,Union,Mississippi,28145.0,3,0.0,1.0,,,,-0.44400001
179408,2020-03-28,Union,Mississippi,28145.0,3,0.0,0.0,,,,-0.43599999
179409,2020-03-29,Union,Mississippi,28145.0,3,0.0,0.0,,,,-0.50800002
179410,2020-03-30,Union,Mississippi,28145.0,3,0.0,0.0,,,,-0.53299999
179411,2020-03-31,Union,Mississippi,28145.0,3,0.0,0.0,,,,-0.55500001
179412,2020-04-01,Union,Mississippi,28145.0,3,0.0,0.0,,,,-0.58999997
179413,2020-04-02,Union,Mississippi,28145.0,4,0.0,1.0,,,,-0.49900001
179414,2020-04-03,Union,Mississippi,28145.0,5,0.0,1.0,,,,-0.5
179415,2020-04-04,Union,Mississippi,28145.0,6,0.0,1.0,,,,-0.50300002
179416,2020-04-05,Union,Mississippi,28145.0,6,0.0,0.0,,,,-0.47299999
179417,2020-04-06,Union,Mississippi,28145.0,6,0.0,0.0,,,,-0.48100001
179418,2020-04-07,Union,Mississippi,28145.0,6,0.0,0.0,,,,-0.44
179419,2020-04-08,Union,Mississippi,28145.0,6,0.0,0.0,,,,-0.37099999
179420,2020-04-09,Union,Mississippi,28145.0,6,0.0,0.0,,,,-0.43900001
179421,2020-04-10,Union,Mississippi,28145.0,7,0.0,1.0,,,,-0.45100001
179422,2020-04-11,Union,Mississippi,28145.0,7,1.0,0.0,,,,-0.48899999
179423,2020-04-12,Union,Mississippi,28145.0,7,1.0,0.0,,,,-0.46900001
179424,2020-04-13,Union,Mississippi,28145.0,7,1.0,0.0,,,,-0.465
179425,2020-04-14,Union,Mississippi,28145.0,8,1.0,1.0,,,,-0.47099999
179426,2020-04-15,Union,Mississippi,28145.0,9,1.0,1.0,,,,-0.53899997
179427,2020-04-16,Union,Mississippi,28145.0,9,1.0,0.0,,,,-0.551
179428,2020-04-17,Union,Mississippi,28145.0,9,1.0,0.0,,,,-0.53100002
179429,2020-04-18,Union,Mississippi,28145.0,9,1.0,0.0,,,,-0.484
179430,2020-04-19,Union,Mississippi,28145.0,11,1.0,2.0,,,,-0.49599999
179431,2020-04-20,Union,Mississippi,28145.0,11,1.0,0.0,,,,-0.50400001
179432,2020-04-21,Union,Mississippi,28145.0,12,1.0,1.0,,,,-0.491
179433,2020-04-22,Union,Mississippi,28145.0,12,1.0,0.0,,,,-0.46000001
179434,2020-04-23,Union,Mississippi,28145.0,14,1.0,2.0,,,,-0.44
179435,2020-04-24,Union,Mississippi,28145.0,14,1.0,0.0,,,,-0.43000001
179436,2020-04-25,Union,Mississippi,28145.0,14,1.0,0.0,,,,-0.46599999
179437,2020-04-26,Union,Mississippi,28145.0,15,1.0,1.0,,,,-0.44800001
179438,2020-04-27,Union,Mississippi,28145.0,15,1.0,0.0,,,,-0.40700001
179439,2020-04-28,Union,Mississippi,28145.0,16,1.0,1.0,,,,-0.36000001
179440,2020-04-29,Union,Mississippi,28145.0,16,1.0,0.0,,,,-0.34
179441,2020-04-30,Union,Mississippi,28145.0,17,1.0,1.0,,,,-0.29100001
179442,2020-05-01,Union,Mississippi,28145.0,19,1.0,2.0,,,,-0.26499999
179443,2020-05-02,Union,Mississippi,28145.0,25,2.0,6.0,,,,-0.22899999999999998
179444,2020-05-03,Union,Mississippi,28145.0,27,2.0,2.0,,,,-0.207
179445,2020-05-04,Union,Mississippi,28145.0,30,2.0,3.0,,,,-0.185
179446,2020-05-05,Union,Mississippi,28145.0,36,2.0,6.0,,,,-0.20900001
179447,2020-05-06,Union,Mississippi,28145.0,40,2.0,4.0,,,,-0.255
179448,2020-05-07,Union,Mississippi,28145.0,41,3.0,1.0,,,,-0.30700001
179449,2020-05-08,Union,Mississippi,28145.0,42,3.0,1.0,,,,-0.38600001
179450,2020-05-09,Union,Mississippi,28145.0,48,3.0,6.0,,,,-0.28299999
179451,2020-05-10,Union,Mississippi,28145.0,47,3.0,-1.0,,,,-0.27599999
179452,2020-05-11,Union,Mississippi,28145.0,50,3.0,3.0,,,,-0.289
179453,2020-05-12,Union,Mississippi,28145.0,54,4.0,4.0,,,,-0.289
179454,2020-05-13,Union,Mississippi,28145.0,55,4.0,1.0,,,,-0.21699999
179455,2020-05-14,Union,Mississippi,28145.0,57,4.0,2.0,,,,-0.26199999
179456,2020-05-15,Union,Mississippi,28145.0,59,4.0,2.0,,,,-0.25099999
179457,2020-05-16,Union,Mississippi,28145.0,60,4.0,1.0,,,,-0.32800001
179458,2020-05-17,Union,Mississippi,28145.0,60,4.0,0.0,,,,-0.324
179459,2020-05-18,Union,Mississippi,28145.0,62,4.0,2.0,,,,-0.324
179460,2020-05-19,Union,Mississippi,28145.0,65,4.0,3.0,,,,-0.35100001
179461,2020-05-20,Union,Mississippi,28145.0,65,4.0,0.0,,,,-0.31900001
179462,2020-05-21,Union,Mississippi,28145.0,66,4.0,1.0,,,,-0.266
179463,2020-05-22,Union,Mississippi,28145.0,68,4.0,2.0,,,,-0.162
179464,2020-05-23,Union,Mississippi,28145.0,70,5.0,2.0,,,,-0.16399999999999998
179465,2020-05-24,Union,Mississippi,28145.0,71,5.0,1.0,,,,-0.221
179466,2020-05-25,Union,Mississippi,28145.0,72,5.0,1.0,,,,-0.26499999
179467,2020-05-26,Union,Mississippi,28145.0,74,5.0,2.0,,,,-0.228
179468,2020-05-27,Union,Mississippi,28145.0,78,5.0,4.0,,,,-0.25099999
179469,2020-05-28,Union,Mississippi,28145.0,80,5.0,2.0,,,,-0.32300001
179470,2020-05-29,Union,Mississippi,28145.0,81,5.0,1.0,,,,-0.34599999
179471,2020-05-30,Union,Mississippi,28145.0,83,5.0,2.0,,,,-0.37400001
179472,2020-05-31,Union,Mississippi,28145.0,82,5.0,-1.0,,,,-0.36300001
179473,2020-06-01,Union,Mississippi,28145.0,84,5.0,2.0,,,,-0.375
179474,2020-06-02,Union,Mississippi,28145.0,85,7.0,1.0,,,,-0.366
179475,2020-06-03,Union,Mississippi,28145.0,86,7.0,1.0,,,,-0.33700001
179476,2020-06-04,Union,Mississippi,28145.0,89,7.0,3.0,,,,-0.34099999
179477,2020-06-05,Union,Mississippi,28145.0,89,7.0,0.0,,,,-0.264
179478,2020-06-06,Union,Mississippi,28145.0,91,7.0,2.0,,,,-0.29800001
179479,2020-06-07,Union,Mississippi,28145.0,91,7.0,0.0,,,,-0.278
179480,2020-06-08,Union,Mississippi,28145.0,92,7.0,1.0,,,,-0.237
179481,2020-06-09,Union,Mississippi,28145.0,90,7.0,-2.0,,,,-0.23100001
179482,2020-06-10,Union,Mississippi,28145.0,93,7.0,3.0,,,,-0.31900001
179483,2020-06-11,Union,Mississippi,28145.0,93,7.0,0.0,,,,-0.32499999
179484,2020-06-12,Union,Mississippi,28145.0,96,8.0,3.0,,,,-0.32499999
179485,2020-06-13,Union,Mississippi,28145.0,97,8.0,1.0,,,,-0.27700001
179486,2020-06-14,Union,Mississippi,28145.0,102,8.0,5.0,,,,-0.28799999
179487,2020-06-15,Union,Mississippi,28145.0,102,8.0,0.0,,,,-0.35800001
179488,2020-06-16,Union,Mississippi,28145.0,108,8.0,6.0,,,,-0.336
179489,2020-06-17,Union,Mississippi,28145.0,109,8.0,1.0,,,,-0.25600001
179490,2020-06-18,Union,Mississippi,28145.0,109,8.0,0.0,,,,-0.25799999
179491,2020-06-19,Union,Mississippi,28145.0,109,8.0,0.0,,,,-0.257
179492,2020-06-20,Union,Mississippi,28145.0,109,8.0,0.0,,,,-0.25999999
179493,2020-06-21,Union,Mississippi,28145.0,109,8.0,0.0,,,,-0.237
179494,2020-06-22,Union,Mississippi,28145.0,128,8.0,19.0,,,,-0.204
179495,2020-06-23,Union,Mississippi,28145.0,131,8.0,3.0,,,,-0.094300002
179496,2020-06-24,Union,Mississippi,28145.0,138,8.0,7.0,,,,-0.10400000000000001
179497,2020-06-25,Union,Mississippi,28145.0,150,8.0,12.0,,,,-0.057100002000000004
179498,2020-06-26,Union,Mississippi,28145.0,157,8.0,7.0,,,,-0.054699998
179499,2020-06-27,Union,Mississippi,28145.0,160,8.0,3.0,,,,-0.028100001
179500,2020-06-28,Union,Mississippi,28145.0,161,8.0,1.0,,,,-0.0052999998
179501,2020-06-29,Union,Mississippi,28145.0,166,9.0,5.0,,,,-0.046799999
179502,2020-06-30,Union,Mississippi,28145.0,172,9.0,6.0,,,,-0.0105
179503,2020-07-01,Union,Mississippi,28145.0,175,9.0,3.0,,,,-0.0339
179504,2020-07-02,Union,Mississippi,28145.0,181,9.0,6.0,,,,-0.037999999
179505,2020-07-03,Union,Mississippi,28145.0,191,9.0,10.0,,,,-0.064900003
179506,2020-07-04,Union,Mississippi,28145.0,207,9.0,16.0,,,,-0.076800004
179507,2020-07-05,Union,Mississippi,28145.0,207,9.0,0.0,,,,-0.088699996
179508,2020-07-06,Union,Mississippi,28145.0,210,9.0,3.0,,,,-0.094300002
179509,2020-07-07,Union,Mississippi,28145.0,218,10.0,8.0,,,,-0.20100001
179510,2020-07-08,Union,Mississippi,28145.0,233,11.0,15.0,,,,-0.23199999
179511,2020-07-09,Union,Mississippi,28145.0,238,11.0,5.0,,,,-0.23999999
179512,2020-07-10,Union,Mississippi,28145.0,246,11.0,8.0,,,,-0.198
179513,2020-07-11,Union,Mississippi,28145.0,252,11.0,6.0,,,,-0.15099999
179514,2020-07-12,Union,Mississippi,28145.0,254,12.0,2.0,,,,-0.12800001
179515,2020-07-13,Union,Mississippi,28145.0,256,12.0,2.0,,,,-0.147
179516,2020-07-14,Union,Mississippi,28145.0,258,11.0,2.0,,,,-0.163
179517,2020-07-15,Union,Mississippi,28145.0,266,11.0,8.0,,,,-0.091799997
179518,2020-07-16,Union,Mississippi,28145.0,282,11.0,16.0,,,,-0.043699998
179519,2020-07-17,Union,Mississippi,28145.0,307,11.0,25.0,,,,-0.131
179520,2020-07-18,Union,Mississippi,28145.0,319,11.0,12.0,,,,-0.16899999999999998
179521,2020-07-19,Union,Mississippi,28145.0,323,11.0,4.0,,,,-0.17800000000000002
179522,2020-07-20,Union,Mississippi,28145.0,325,11.0,2.0,,,,-0.11199999999999999
179523,2020-07-21,Union,Mississippi,28145.0,338,11.0,13.0,,,,-0.153
179524,2020-07-22,Union,Mississippi,28145.0,353,11.0,15.0,,,,-0.16699999999999998
179525,2020-07-23,Union,Mississippi,28145.0,374,11.0,21.0,,,,-0.16599999
179526,2020-07-24,Union,Mississippi,28145.0,391,12.0,17.0,,,,-0.12800001
179527,2020-07-25,Union,Mississippi,28145.0,402,12.0,11.0,,,,-0.091300003
179528,2020-07-26,Union,Mississippi,28145.0,408,12.0,6.0,,,,-0.10400000000000001
179529,2020-07-27,Union,Mississippi,28145.0,410,13.0,2.0,,,,-0.15099999
179530,2020-07-28,Union,Mississippi,28145.0,439,13.0,29.0,,,,-0.054000001
179531,2020-07-29,Union,Mississippi,28145.0,452,13.0,13.0,,,,-0.07970000099999999
179532,2020-07-30,Union,Mississippi,28145.0,467,13.0,15.0,,,,-0.138
179533,2020-07-31,Union,Mississippi,28145.0,503,13.0,36.0,,,,-0.044399999
179534,2020-08-01,Union,Mississippi,28145.0,513,13.0,10.0,,,,-0.015
179535,2020-08-02,Union,Mississippi,28145.0,519,13.0,6.0,,,,-0.0207
179536,2020-08-03,Union,Mississippi,28145.0,531,13.0,12.0,,,,-0.0091300001
179537,2020-08-04,Union,Mississippi,28145.0,538,14.0,7.0,,,,-0.049400002
179538,2020-08-05,Union,Mississippi,28145.0,552,15.0,14.0,,,,-0.075099997
179539,2020-08-06,Union,Mississippi,28145.0,562,15.0,10.0,,,,-0.047899999000000006
179540,2020-08-07,Union,Mississippi,28145.0,601,16.0,39.0,,,,-0.17800000000000002
179541,2020-08-08,Union,Mississippi,28145.0,627,16.0,26.0,,,,-0.233
179542,2020-08-09,Union,Mississippi,28145.0,636,16.0,9.0,,,,-0.24100000000000002
179543,2020-08-10,Union,Mississippi,28145.0,643,16.0,7.0,,,,-0.25
179544,2020-08-11,Union,Mississippi,28145.0,662,16.0,19.0,,,,-0.25299999
179545,2020-08-12,Union,Mississippi,28145.0,700,17.0,38.0,,,,-0.184
179546,2020-08-13,Union,Mississippi,28145.0,732,17.0,32.0,,,,-0.20600000000000002
179547,2020-08-14,Union,Mississippi,28145.0,750,17.0,18.0,,,,-0.20299999
179548,2020-08-15,Union,Mississippi,28145.0,761,19.0,11.0,,,,-0.22699999999999998
179549,2020-08-16,Union,Mississippi,28145.0,763,19.0,2.0,,,,-0.20299999
179550,2020-08-17,Union,Mississippi,28145.0,772,19.0,9.0,,,,-0.146
179551,2020-08-18,Union,Mississippi,28145.0,780,19.0,8.0,,,,-0.11800000000000001
179552,2020-08-19,Union,Mississippi,28145.0,796,19.0,16.0,,,,-0.155
179553,2020-08-20,Union,Mississippi,28145.0,802,19.0,6.0,,,,-0.142
179554,2020-08-21,Union,Mississippi,28145.0,813,19.0,11.0,,,,-0.10099999999999999
179555,2020-08-22,Union,Mississippi,28145.0,821,20.0,8.0,,,,-0.08349999799999999
179556,2020-08-23,Union,Mississippi,28145.0,823,20.0,2.0,,,,-0.075199999
179557,2020-08-24,Union,Mississippi,28145.0,826,20.0,3.0,,,,-0.105
179558,2020-08-25,Union,Mississippi,28145.0,838,20.0,12.0,,,,-0.077799998
179559,2020-08-26,Union,Mississippi,28145.0,849,21.0,11.0,,,,-0.064300001
179560,2020-08-27,Union,Mississippi,28145.0,857,21.0,8.0,,,,0.0055800001
179561,2020-08-28,Union,Mississippi,28145.0,867,21.0,10.0,,,,0.0162
179562,2020-08-29,Union,Mississippi,28145.0,876,21.0,9.0,,,,0.038199998
179563,2020-08-30,Union,Mississippi,28145.0,878,21.0,2.0,,,,0.0048500001
179564,2020-08-31,Union,Mississippi,28145.0,881,23.0,3.0,,,,-0.00899
179565,2020-09-01,Union,Mississippi,28145.0,887,23.0,6.0,,,,-0.06199999900000001
179566,2020-09-02,Union,Mississippi,28145.0,894,23.0,7.0,,,,-0.0255
179567,2020-09-03,Union,Mississippi,28145.0,899,23.0,5.0,,,,-0.047400001
179568,2020-09-04,Union,Mississippi,28145.0,903,23.0,4.0,,,,-0.06319999700000001
179569,2020-09-05,Union,Mississippi,28145.0,909,23.0,6.0,,,,-0.017000001
179570,2020-09-06,Union,Mississippi,28145.0,910,23.0,1.0,,,,-0.025599999
179571,2020-09-07,Union,Mississippi,28145.0,912,23.0,2.0,,,,-0.015900001
179572,2020-09-08,Union,Mississippi,28145.0,914,23.0,2.0,,,,0.059900000999999994
179573,2020-09-09,Union,Mississippi,28145.0,927,23.0,13.0,,,,0.092200004
179574,2020-09-10,Union,Mississippi,28145.0,938,23.0,11.0,,,,0.061000001
179575,2020-09-11,Union,Mississippi,28145.0,943,23.0,5.0,,,,0.059799999000000006
179576,2020-09-12,Union,Mississippi,28145.0,951,23.0,8.0,,,,0.0414
179577,2020-09-13,Union,Mississippi,28145.0,952,23.0,1.0,,,,0.0284
179578,2020-09-14,Union,Mississippi,28145.0,952,23.0,0.0,,,,9.280000099999999e-05
179579,2020-09-15,Union,Mississippi,28145.0,957,23.0,5.0,,,,-0.061799999
179580,2020-09-16,Union,Mississippi,28145.0,962,23.0,5.0,,,,-0.058499999000000004
179581,2020-09-17,Union,Mississippi,28145.0,965,24.0,3.0,,,,-0.222
179582,2020-09-18,Union,Mississippi,28145.0,977,24.0,12.0,,,,-0.17
179583,2020-09-19,Union,Mississippi,28145.0,978,24.0,1.0,,,,-0.20600000000000002
179584,2020-09-20,Union,Mississippi,28145.0,978,24.0,0.0,,,,-0.17399999
179585,2020-09-21,Union,Mississippi,28145.0,978,24.0,0.0,,,,-0.19499999
179586,2020-09-22,Union,Mississippi,28145.0,983,24.0,5.0,,,,-0.215
179587,2020-09-23,Union,Mississippi,28145.0,988,24.0,5.0,,,,-0.18700001
179588,2020-09-24,Union,Mississippi,28145.0,993,24.0,5.0,,,,-0.051600002
179589,2020-09-25,Union,Mississippi,28145.0,997,24.0,4.0,,,,-0.16
179590,2020-09-26,Union,Mississippi,28145.0,998,24.0,1.0,,,,-0.193
179591,2020-09-27,Union,Mississippi,28145.0,998,24.0,0.0,,,,-0.204
179592,2020-09-28,Union,Mississippi,28145.0,999,24.0,1.0,,,,-0.20299999
179593,2020-09-29,Union,Mississippi,28145.0,1002,24.0,3.0,,,,-0.152
179594,2020-09-30,Union,Mississippi,28145.0,1012,24.0,10.0,,,,-0.115
179595,2020-10-01,Union,Mississippi,28145.0,1013,24.0,1.0,,,,-0.107
179596,2020-10-02,Union,Mississippi,28145.0,1029,24.0,16.0,,,,-0.079499997
179597,2020-10-03,Union,Mississippi,28145.0,1043,24.0,14.0,,,,-0.0722
179598,2020-10-04,Union,Mississippi,28145.0,1046,24.0,3.0,,,,-0.019300001
179599,2020-10-05,Union,Mississippi,28145.0,1049,24.0,3.0,,,,0.031099999
179600,2020-10-06,Union,Mississippi,28145.0,1062,24.0,13.0,,,,0.017100001
179601,2020-10-07,Union,Mississippi,28145.0,1065,24.0,3.0,,,,-0.021299999
179602,2020-10-08,Union,Mississippi,28145.0,1068,24.0,3.0,,,,-0.0131
179603,2020-10-09,Union,Mississippi,28145.0,1073,24.0,5.0,,,,-0.047400001
179604,2020-10-10,Union,Mississippi,28145.0,1087,24.0,14.0,,,,0.05739999900000001
179605,2020-10-11,Union,Mississippi,28145.0,1087,24.0,0.0,,,,-0.0165
179606,2020-10-12,Union,Mississippi,28145.0,1089,24.0,2.0,,,,-0.016000001
179607,2020-10-13,Union,Mississippi,28145.0,1098,24.0,9.0,,,,-0.015900001
179608,2020-10-14,Union,Mississippi,28145.0,1102,24.0,4.0,,,,-0.0583
179609,2020-10-15,Union,Mississippi,28145.0,1106,25.0,4.0,,,,-0.080499999
179610,2020-10-16,Union,Mississippi,28145.0,1119,25.0,13.0,,,,-0.059000000000000004
179611,2020-10-17,Union,Mississippi,28145.0,1138,25.0,19.0,,,,-0.078699999
179612,2020-10-18,Union,Mississippi,28145.0,1138,25.0,0.0,,,,-0.09929999699999999
179613,2020-10-19,Union,Mississippi,28145.0,1139,25.0,1.0,,,,-0.131
179614,2020-10-20,Union,Mississippi,28145.0,1152,25.0,13.0,,,,-0.0876
179615,2020-10-21,Union,Mississippi,28145.0,1160,25.0,8.0,,,,-0.047400001
179616,2020-10-22,Union,Mississippi,28145.0,1165,25.0,5.0,,,,0.016000001
179617,2020-10-23,Union,Mississippi,28145.0,1174,25.0,9.0,,,,0.060600000999999994
179618,2020-10-24,Union,Mississippi,28145.0,1188,25.0,14.0,,,,0.11800000000000001
179619,2020-10-25,Union,Mississippi,28145.0,1188,25.0,0.0,,,,0.23899999
179620,2020-10-26,Union,Mississippi,28145.0,1192,25.0,4.0,,,,0.28999999
179621,2020-10-27,Union,Mississippi,28145.0,1197,25.0,5.0,,,,0.244
179622,2020-10-28,Union,Mississippi,28145.0,1258,25.0,61.0,,,,0.11699999999999999
179623,2020-10-29,Union,Mississippi,28145.0,1260,25.0,2.0,,,,0.083700001
179624,2020-10-30,Union,Mississippi,28145.0,1264,25.0,4.0,,,,0.038699999
179625,2020-10-31,Union,Mississippi,28145.0,1277,25.0,13.0,,,,-0.00148
179626,2020-11-01,Union,Mississippi,28145.0,1278,25.0,1.0,,,,-0.046500001
179627,2020-11-02,Union,Mississippi,28145.0,1279,25.0,1.0,,,,-0.10099999999999999
179628,2020-11-03,Union,Mississippi,28145.0,1287,25.0,8.0,,,,-0.09189999800000001
179629,2020-11-04,Union,Mississippi,28145.0,1302,25.0,15.0,,,,-0.09000000400000001
179630,2020-11-05,Union,Mississippi,28145.0,1325,25.0,23.0,,,,-0.146
179631,2020-11-06,Union,Mississippi,28145.0,1330,25.0,5.0,,,,-0.134
179632,2020-11-07,Union,Mississippi,28145.0,1351,25.0,21.0,,,,-0.17600000000000002
179633,2020-11-08,Union,Mississippi,28145.0,1362,25.0,11.0,,,,-0.18600000000000003
179634,2020-11-09,Union,Mississippi,28145.0,1364,25.0,2.0,,,,-0.146
179635,2020-11-10,Union,Mississippi,28145.0,1372,25.0,8.0,,,,-0.17600000000000002
179636,2020-11-11,Union,Mississippi,28145.0,1393,25.0,21.0,,,,-0.077200003
179637,2020-11-12,Union,Mississippi,28145.0,1422,25.0,29.0,,,,-0.044799998
179638,2020-11-13,Union,Mississippi,28145.0,1435,25.0,13.0,,,,-0.0407
179639,2020-11-14,Union,Mississippi,28145.0,1452,25.0,17.0,,,,0.0603
179640,2020-11-15,Union,Mississippi,28145.0,1464,25.0,12.0,,,,0.08309999900000001
179641,2020-11-16,Union,Mississippi,28145.0,1466,25.0,2.0,,,,0.0506
179642,2020-11-17,Union,Mississippi,28145.0,1500,25.0,34.0,,,,0.09359999699999999
179643,2020-11-18,Union,Mississippi,28145.0,1508,25.0,8.0,,,,0.133
179644,2020-11-19,Union,Mississippi,28145.0,1525,25.0,17.0,,,,0.081
179645,2020-11-20,Union,Mississippi,28145.0,1555,25.0,30.0,,,,0.047200002000000005
179646,2020-11-21,Union,Mississippi,28145.0,1586,25.0,31.0,,,,0.015
179647,2020-11-22,Union,Mississippi,28145.0,1590,25.0,4.0,,,,-0.0298
