,date,county,state,fips,cases,deaths,new_cases,emp_combined,emp_combined_inclow,revenue_all,spend_all
180372,2020-03-24,Cape Girardeau,Missouri,29031.0,1,0.0,0.0,,,,0.15000001
180373,2020-03-25,Cape Girardeau,Missouri,29031.0,3,0.0,2.0,,,,0.052700002
180374,2020-03-26,Cape Girardeau,Missouri,29031.0,6,0.0,3.0,,,,-0.11599999999999999
180375,2020-03-27,Cape Girardeau,Missouri,29031.0,6,0.0,0.0,,,,-0.185
180376,2020-03-28,Cape Girardeau,Missouri,29031.0,6,0.0,0.0,,,,-0.248
180377,2020-03-29,Cape Girardeau,Missouri,29031.0,6,0.0,0.0,,,,-0.37
180378,2020-03-30,Cape Girardeau,Missouri,29031.0,13,0.0,7.0,,,,-0.45199999
180379,2020-03-31,Cape Girardeau,Missouri,29031.0,15,0.0,2.0,,,,-0.53899997
180380,2020-04-01,Cape Girardeau,Missouri,29031.0,15,0.0,0.0,,,,-0.53899997
180381,2020-04-02,Cape Girardeau,Missouri,29031.0,15,0.0,0.0,,,,-0.61199999
180382,2020-04-03,Cape Girardeau,Missouri,29031.0,15,0.0,0.0,,,,-0.60699999
180383,2020-04-04,Cape Girardeau,Missouri,29031.0,16,0.0,1.0,,,,-0.62
180384,2020-04-05,Cape Girardeau,Missouri,29031.0,17,0.0,1.0,,,,-0.53299999
180385,2020-04-06,Cape Girardeau,Missouri,29031.0,20,0.0,3.0,,,,-0.51999998
180386,2020-04-07,Cape Girardeau,Missouri,29031.0,20,1.0,0.0,,,,-0.47799999
180387,2020-04-08,Cape Girardeau,Missouri,29031.0,23,1.0,3.0,,,,-0.45199999
180388,2020-04-09,Cape Girardeau,Missouri,29031.0,24,1.0,1.0,,,,-0.41200000000000003
180389,2020-04-10,Cape Girardeau,Missouri,29031.0,26,1.0,2.0,,,,-0.435
180390,2020-04-11,Cape Girardeau,Missouri,29031.0,28,1.0,2.0,,,,-0.389
180391,2020-04-12,Cape Girardeau,Missouri,29031.0,28,1.0,0.0,,,,-0.38600001
180392,2020-04-13,Cape Girardeau,Missouri,29031.0,30,1.0,2.0,,,,-0.38699999
180393,2020-04-14,Cape Girardeau,Missouri,29031.0,30,1.0,0.0,,,,-0.39700001
180394,2020-04-15,Cape Girardeau,Missouri,29031.0,31,1.0,1.0,,,,-0.36300001
180395,2020-04-16,Cape Girardeau,Missouri,29031.0,33,1.0,2.0,,,,-0.28400001
180396,2020-04-17,Cape Girardeau,Missouri,29031.0,35,1.0,2.0,,,,-0.223
180397,2020-04-18,Cape Girardeau,Missouri,29031.0,36,1.0,1.0,,,,-0.23800001
180398,2020-04-19,Cape Girardeau,Missouri,29031.0,36,1.0,0.0,,,,-0.233
180399,2020-04-20,Cape Girardeau,Missouri,29031.0,36,1.0,0.0,,,,-0.23100001
180400,2020-04-21,Cape Girardeau,Missouri,29031.0,37,1.0,1.0,,,,-0.12
180401,2020-04-22,Cape Girardeau,Missouri,29031.0,40,1.0,3.0,,,,-0.14800000000000002
180402,2020-04-23,Cape Girardeau,Missouri,29031.0,42,1.0,2.0,,,,-0.21600001
180403,2020-04-24,Cape Girardeau,Missouri,29031.0,43,1.0,1.0,,,,-0.245
180404,2020-04-25,Cape Girardeau,Missouri,29031.0,43,1.0,0.0,,,,-0.273
180405,2020-04-26,Cape Girardeau,Missouri,29031.0,47,1.0,4.0,,,,-0.259
180406,2020-04-27,Cape Girardeau,Missouri,29031.0,48,1.0,1.0,,,,-0.17
180407,2020-04-28,Cape Girardeau,Missouri,29031.0,48,1.0,0.0,,,,-0.18600000000000003
180408,2020-04-29,Cape Girardeau,Missouri,29031.0,49,1.0,1.0,,,,-0.213
180409,2020-04-30,Cape Girardeau,Missouri,29031.0,49,1.0,0.0,,,,-0.1
180410,2020-05-01,Cape Girardeau,Missouri,29031.0,49,1.0,0.0,,,,-0.024499998999999998
180411,2020-05-02,Cape Girardeau,Missouri,29031.0,49,1.0,0.0,,,,0.044199999000000004
180412,2020-05-03,Cape Girardeau,Missouri,29031.0,49,1.0,0.0,,,,-0.0277
180413,2020-05-04,Cape Girardeau,Missouri,29031.0,49,1.0,0.0,,,,-0.00185
180414,2020-05-05,Cape Girardeau,Missouri,29031.0,49,1.0,0.0,,,,0.0095800003
180415,2020-05-06,Cape Girardeau,Missouri,29031.0,49,1.0,0.0,,,,0.05840000099999999
180416,2020-05-07,Cape Girardeau,Missouri,29031.0,49,1.0,0.0,,,,0.083999999
180417,2020-05-08,Cape Girardeau,Missouri,29031.0,49,1.0,0.0,,,,0.042199999
180418,2020-05-09,Cape Girardeau,Missouri,29031.0,49,1.0,0.0,,,,0.063500002
180419,2020-05-10,Cape Girardeau,Missouri,29031.0,51,1.0,2.0,,,,0.13
180420,2020-05-11,Cape Girardeau,Missouri,29031.0,51,1.0,0.0,,,,0.045000002000000004
180421,2020-05-12,Cape Girardeau,Missouri,29031.0,50,1.0,-1.0,,,,-0.035300002000000004
180422,2020-05-13,Cape Girardeau,Missouri,29031.0,51,1.0,1.0,,,,-0.07299999900000001
180423,2020-05-14,Cape Girardeau,Missouri,29031.0,51,1.0,0.0,,,,-0.11800000000000001
180424,2020-05-15,Cape Girardeau,Missouri,29031.0,51,1.0,0.0,,,,-0.153
180425,2020-05-16,Cape Girardeau,Missouri,29031.0,54,2.0,3.0,,,,-0.191
180426,2020-05-17,Cape Girardeau,Missouri,29031.0,53,2.0,-1.0,,,,-0.20200001
180427,2020-05-18,Cape Girardeau,Missouri,29031.0,54,2.0,1.0,,,,-0.127
180428,2020-05-19,Cape Girardeau,Missouri,29031.0,54,2.0,0.0,,,,-0.068300001
180429,2020-05-20,Cape Girardeau,Missouri,29031.0,55,2.0,1.0,,,,0.0211
180430,2020-05-21,Cape Girardeau,Missouri,29031.0,56,2.0,1.0,,,,-0.012
180431,2020-05-22,Cape Girardeau,Missouri,29031.0,57,2.0,1.0,,,,-0.000275
180432,2020-05-23,Cape Girardeau,Missouri,29031.0,58,2.0,1.0,,,,-0.024499998999999998
180433,2020-05-24,Cape Girardeau,Missouri,29031.0,59,2.0,1.0,,,,-0.076899998
180434,2020-05-25,Cape Girardeau,Missouri,29031.0,62,2.0,3.0,,,,-0.22
180435,2020-05-26,Cape Girardeau,Missouri,29031.0,64,2.0,2.0,,,,-0.141
180436,2020-05-27,Cape Girardeau,Missouri,29031.0,68,2.0,4.0,,,,-0.183
180437,2020-05-28,Cape Girardeau,Missouri,29031.0,70,2.0,2.0,,,,-0.18099999
180438,2020-05-29,Cape Girardeau,Missouri,29031.0,73,2.0,3.0,,,,-0.134
180439,2020-05-30,Cape Girardeau,Missouri,29031.0,73,2.0,0.0,,,,-0.17
180440,2020-05-31,Cape Girardeau,Missouri,29031.0,73,2.0,0.0,,,,-0.147
180441,2020-06-01,Cape Girardeau,Missouri,29031.0,74,2.0,1.0,,,,-0.124
180442,2020-06-02,Cape Girardeau,Missouri,29031.0,76,2.0,2.0,,,,-0.113
180443,2020-06-03,Cape Girardeau,Missouri,29031.0,76,2.0,0.0,,,,-0.142
180444,2020-06-04,Cape Girardeau,Missouri,29031.0,77,2.0,1.0,,,,-0.088399999
180445,2020-06-05,Cape Girardeau,Missouri,29031.0,83,3.0,6.0,,,,-0.0176
180446,2020-06-06,Cape Girardeau,Missouri,29031.0,85,3.0,2.0,,,,0.0502
180447,2020-06-07,Cape Girardeau,Missouri,29031.0,85,3.0,0.0,,,,0.055300000999999994
180448,2020-06-08,Cape Girardeau,Missouri,29031.0,87,3.0,2.0,,,,0.046799999
180449,2020-06-09,Cape Girardeau,Missouri,29031.0,86,3.0,-1.0,,,,0.0029500001
180450,2020-06-10,Cape Girardeau,Missouri,29031.0,88,3.0,2.0,,,,-0.052000001
180451,2020-06-11,Cape Girardeau,Missouri,29031.0,98,3.0,10.0,,,,-0.055399999000000005
180452,2020-06-12,Cape Girardeau,Missouri,29031.0,101,3.0,3.0,,,,-0.076899998
180453,2020-06-13,Cape Girardeau,Missouri,29031.0,104,3.0,3.0,,,,-0.0832
180454,2020-06-14,Cape Girardeau,Missouri,29031.0,104,3.0,0.0,,,,-0.039500002
180455,2020-06-15,Cape Girardeau,Missouri,29031.0,108,3.0,4.0,,,,-0.0097599998
180456,2020-06-16,Cape Girardeau,Missouri,29031.0,110,3.0,2.0,,,,0.0231
180457,2020-06-17,Cape Girardeau,Missouri,29031.0,111,3.0,1.0,,,,0.184
180458,2020-06-18,Cape Girardeau,Missouri,29031.0,114,3.0,3.0,,,,0.153
180459,2020-06-19,Cape Girardeau,Missouri,29031.0,117,3.0,3.0,,,,0.14
180460,2020-06-20,Cape Girardeau,Missouri,29031.0,119,3.0,2.0,,,,0.17
180461,2020-06-21,Cape Girardeau,Missouri,29031.0,120,3.0,1.0,,,,0.125
180462,2020-06-22,Cape Girardeau,Missouri,29031.0,121,3.0,1.0,,,,0.0218
180463,2020-06-23,Cape Girardeau,Missouri,29031.0,123,3.0,2.0,,,,0.083400004
180464,2020-06-24,Cape Girardeau,Missouri,29031.0,123,3.0,0.0,,,,0.095299996
180465,2020-06-25,Cape Girardeau,Missouri,29031.0,126,3.0,3.0,,,,0.0502
180466,2020-06-26,Cape Girardeau,Missouri,29031.0,133,3.0,7.0,,,,-0.022700001
180467,2020-06-27,Cape Girardeau,Missouri,29031.0,141,3.0,8.0,,,,-0.09929999699999999
180468,2020-06-28,Cape Girardeau,Missouri,29031.0,145,3.0,4.0,,,,-0.07819999799999999
180469,2020-06-29,Cape Girardeau,Missouri,29031.0,153,3.0,8.0,,,,-0.0254
180470,2020-06-30,Cape Girardeau,Missouri,29031.0,161,3.0,8.0,,,,0.053100000999999994
180471,2020-07-01,Cape Girardeau,Missouri,29031.0,171,3.0,10.0,,,,0.10099999999999999
180472,2020-07-02,Cape Girardeau,Missouri,29031.0,182,3.0,11.0,,,,0.23199999
180473,2020-07-03,Cape Girardeau,Missouri,29031.0,193,3.0,11.0,,,,0.30000001
180474,2020-07-04,Cape Girardeau,Missouri,29031.0,210,3.0,17.0,,,,0.38699999
180475,2020-07-05,Cape Girardeau,Missouri,29031.0,214,3.0,4.0,,,,0.264
180476,2020-07-06,Cape Girardeau,Missouri,29031.0,221,3.0,7.0,,,,0.30700001
180477,2020-07-07,Cape Girardeau,Missouri,29031.0,252,3.0,31.0,,,,0.18899999999999997
180478,2020-07-08,Cape Girardeau,Missouri,29031.0,271,3.0,19.0,,,,0.034400001
180479,2020-07-09,Cape Girardeau,Missouri,29031.0,292,3.0,21.0,,,,-0.06859999900000001
180480,2020-07-10,Cape Girardeau,Missouri,29031.0,314,3.0,22.0,,,,-0.024800001000000002
180481,2020-07-11,Cape Girardeau,Missouri,29031.0,329,3.0,15.0,,,,0.034699999
180482,2020-07-12,Cape Girardeau,Missouri,29031.0,328,3.0,-1.0,,,,0.0039300001
180483,2020-07-13,Cape Girardeau,Missouri,29031.0,330,3.0,2.0,,,,-0.034699999
180484,2020-07-14,Cape Girardeau,Missouri,29031.0,361,3.0,31.0,,,,0.125
180485,2020-07-15,Cape Girardeau,Missouri,29031.0,375,3.0,14.0,,,,0.066799998
180486,2020-07-16,Cape Girardeau,Missouri,29031.0,400,3.0,25.0,,,,0.091300003
180487,2020-07-17,Cape Girardeau,Missouri,29031.0,407,3.0,7.0,,,,0.029100001
180488,2020-07-18,Cape Girardeau,Missouri,29031.0,428,3.0,21.0,,,,-0.021199999
180489,2020-07-19,Cape Girardeau,Missouri,29031.0,429,3.0,1.0,,,,-0.088600002
180490,2020-07-20,Cape Girardeau,Missouri,29031.0,445,3.0,16.0,,,,0.00059800001
180491,2020-07-21,Cape Girardeau,Missouri,29031.0,473,3.0,28.0,,,,-0.11900000000000001
180492,2020-07-22,Cape Girardeau,Missouri,29031.0,496,3.0,23.0,,,,-0.09260000300000001
180493,2020-07-23,Cape Girardeau,Missouri,29031.0,509,3.0,13.0,,,,-0.08550000199999999
180494,2020-07-24,Cape Girardeau,Missouri,29031.0,512,3.0,3.0,,,,-0.11199999999999999
180495,2020-07-25,Cape Girardeau,Missouri,29031.0,520,3.0,8.0,,,,-0.115
180496,2020-07-26,Cape Girardeau,Missouri,29031.0,521,3.0,1.0,,,,-0.045299999
180497,2020-07-27,Cape Girardeau,Missouri,29031.0,540,3.0,19.0,,,,-0.18899999999999997
180498,2020-07-28,Cape Girardeau,Missouri,29031.0,560,3.0,20.0,,,,-0.141
180499,2020-07-29,Cape Girardeau,Missouri,29031.0,565,3.0,5.0,,,,-0.15099999
180500,2020-07-30,Cape Girardeau,Missouri,29031.0,578,3.0,13.0,,,,-0.163
180501,2020-07-31,Cape Girardeau,Missouri,29031.0,594,3.0,16.0,,,,-0.041900001
180502,2020-08-01,Cape Girardeau,Missouri,29031.0,596,3.0,2.0,,,,0.0137
180503,2020-08-02,Cape Girardeau,Missouri,29031.0,597,3.0,1.0,,,,-0.026799998999999998
180504,2020-08-03,Cape Girardeau,Missouri,29031.0,607,3.0,10.0,,,,-0.022399999
180505,2020-08-04,Cape Girardeau,Missouri,29031.0,613,4.0,6.0,,,,0.14
180506,2020-08-05,Cape Girardeau,Missouri,29031.0,614,5.0,1.0,,,,0.161
180507,2020-08-06,Cape Girardeau,Missouri,29031.0,627,5.0,13.0,,,,0.16599999
180508,2020-08-07,Cape Girardeau,Missouri,29031.0,636,5.0,9.0,,,,0.052000001
180509,2020-08-08,Cape Girardeau,Missouri,29031.0,636,5.0,0.0,,,,-0.032000002
180510,2020-08-09,Cape Girardeau,Missouri,29031.0,651,5.0,15.0,,,,0.0037100001000000002
180511,2020-08-10,Cape Girardeau,Missouri,29031.0,663,5.0,12.0,,,,-0.10400000000000001
180512,2020-08-11,Cape Girardeau,Missouri,29031.0,668,5.0,5.0,,,,-0.080499999
180513,2020-08-12,Cape Girardeau,Missouri,29031.0,689,5.0,21.0,,,,-0.09669999800000001
180514,2020-08-13,Cape Girardeau,Missouri,29031.0,705,5.0,16.0,,,,-0.107
180515,2020-08-14,Cape Girardeau,Missouri,29031.0,732,5.0,27.0,,,,-0.081200004
180516,2020-08-15,Cape Girardeau,Missouri,29031.0,735,5.0,3.0,,,,-0.081600003
180517,2020-08-16,Cape Girardeau,Missouri,29031.0,742,5.0,7.0,,,,-0.094099998
180518,2020-08-17,Cape Girardeau,Missouri,29031.0,770,6.0,28.0,,,,-0.15000001
180519,2020-08-18,Cape Girardeau,Missouri,29031.0,776,6.0,6.0,,,,-0.16
180520,2020-08-19,Cape Girardeau,Missouri,29031.0,800,6.0,24.0,,,,-0.10300000000000001
180521,2020-08-20,Cape Girardeau,Missouri,29031.0,810,6.0,10.0,,,,-0.047800000999999995
180522,2020-08-21,Cape Girardeau,Missouri,29031.0,836,6.0,26.0,,,,-0.078900002
180523,2020-08-22,Cape Girardeau,Missouri,29031.0,847,6.0,11.0,,,,0.012
180524,2020-08-23,Cape Girardeau,Missouri,29031.0,848,6.0,1.0,,,,0.043200000999999995
180525,2020-08-24,Cape Girardeau,Missouri,29031.0,893,6.0,45.0,,,,0.10800000000000001
180526,2020-08-25,Cape Girardeau,Missouri,29031.0,910,8.0,17.0,,,,0.045200001
180527,2020-08-26,Cape Girardeau,Missouri,29031.0,927,8.0,17.0,,,,0.0063399998
180528,2020-08-27,Cape Girardeau,Missouri,29031.0,950,8.0,23.0,,,,0.090499997
180529,2020-08-28,Cape Girardeau,Missouri,29031.0,978,8.0,28.0,,,,0.145
180530,2020-08-29,Cape Girardeau,Missouri,29031.0,978,8.0,0.0,,,,-0.0134
180531,2020-08-30,Cape Girardeau,Missouri,29031.0,1002,8.0,24.0,,,,-0.0328
180532,2020-08-31,Cape Girardeau,Missouri,29031.0,1002,8.0,0.0,,,,-0.048300002
180533,2020-09-01,Cape Girardeau,Missouri,29031.0,1028,11.0,26.0,,,,0.029200001
180534,2020-09-02,Cape Girardeau,Missouri,29031.0,1042,12.0,14.0,,,,0.087300003
180535,2020-09-03,Cape Girardeau,Missouri,29031.0,1063,12.0,21.0,,,,-0.052999999000000006
180536,2020-09-04,Cape Girardeau,Missouri,29031.0,1090,12.0,27.0,,,,0.049400002
180537,2020-09-05,Cape Girardeau,Missouri,29031.0,1112,12.0,22.0,,,,0.152
180538,2020-09-06,Cape Girardeau,Missouri,29031.0,1112,12.0,0.0,,,,0.0513
180539,2020-09-07,Cape Girardeau,Missouri,29031.0,1112,12.0,0.0,,,,0.051199999
180540,2020-09-08,Cape Girardeau,Missouri,29031.0,1157,13.0,45.0,,,,-0.034299999
180541,2020-09-09,Cape Girardeau,Missouri,29031.0,1182,13.0,25.0,,,,0.071099997
180542,2020-09-10,Cape Girardeau,Missouri,29031.0,1207,13.0,25.0,,,,0.115
180543,2020-09-11,Cape Girardeau,Missouri,29031.0,1207,13.0,0.0,,,,0.14
180544,2020-09-12,Cape Girardeau,Missouri,29031.0,1307,15.0,100.0,,,,0.13
180545,2020-09-13,Cape Girardeau,Missouri,29031.0,1337,15.0,30.0,,,,0.107
180546,2020-09-14,Cape Girardeau,Missouri,29031.0,1370,15.0,33.0,,,,0.10099999999999999
180547,2020-09-15,Cape Girardeau,Missouri,29031.0,1389,15.0,19.0,,,,0.124
180548,2020-09-16,Cape Girardeau,Missouri,29031.0,1389,15.0,0.0,,,,0.0173
180549,2020-09-17,Cape Girardeau,Missouri,29031.0,1419,15.0,30.0,,,,-0.0073199999
180550,2020-09-18,Cape Girardeau,Missouri,29031.0,1490,15.0,71.0,,,,-0.077699997
180551,2020-09-19,Cape Girardeau,Missouri,29031.0,1490,15.0,0.0,,,,-0.105
180552,2020-09-20,Cape Girardeau,Missouri,29031.0,1573,17.0,83.0,,,,-0.015799999
180553,2020-09-21,Cape Girardeau,Missouri,29031.0,1573,17.0,0.0,,,,-0.059999999000000005
180554,2020-09-22,Cape Girardeau,Missouri,29031.0,1632,18.0,59.0,,,,-0.057
180555,2020-09-23,Cape Girardeau,Missouri,29031.0,1632,18.0,0.0,,,,0.067199998
180556,2020-09-24,Cape Girardeau,Missouri,29031.0,1670,19.0,38.0,,,,0.088399999
180557,2020-09-25,Cape Girardeau,Missouri,29031.0,1801,26.0,131.0,,,,0.127
180558,2020-09-26,Cape Girardeau,Missouri,29031.0,1846,26.0,45.0,,,,0.106
180559,2020-09-27,Cape Girardeau,Missouri,29031.0,1867,26.0,21.0,,,,0.0447
180560,2020-09-28,Cape Girardeau,Missouri,29031.0,1907,26.0,40.0,,,,0.06610000099999999
180561,2020-09-29,Cape Girardeau,Missouri,29031.0,1952,28.0,45.0,,,,0.079300001
180562,2020-09-30,Cape Girardeau,Missouri,29031.0,1988,28.0,36.0,,,,0.0177
180563,2020-10-01,Cape Girardeau,Missouri,29031.0,2052,32.0,64.0,,,,0.0149
180564,2020-10-02,Cape Girardeau,Missouri,29031.0,2094,32.0,42.0,,,,-0.0451
180565,2020-10-03,Cape Girardeau,Missouri,29031.0,2151,32.0,57.0,,,,0.041499997999999996
180566,2020-10-04,Cape Girardeau,Missouri,29031.0,2159,32.0,8.0,,,,0.122
180567,2020-10-05,Cape Girardeau,Missouri,29031.0,2171,32.0,12.0,,,,0.191
180568,2020-10-06,Cape Girardeau,Missouri,29031.0,2200,32.0,29.0,,,,0.16899999999999998
180569,2020-10-07,Cape Girardeau,Missouri,29031.0,2254,34.0,54.0,,,,0.222
180570,2020-10-08,Cape Girardeau,Missouri,29031.0,2254,34.0,0.0,,,,0.114
180571,2020-10-09,Cape Girardeau,Missouri,29031.0,2369,34.0,115.0,,,,0.12800001
180572,2020-10-10,Cape Girardeau,Missouri,29031.0,2369,34.0,0.0,,,,0.07050000099999999
180573,2020-10-11,Cape Girardeau,Missouri,29031.0,2384,34.0,15.0,,,,0.050700000999999995
180574,2020-10-12,Cape Girardeau,Missouri,29031.0,2422,34.0,38.0,,,,-0.0146
180575,2020-10-13,Cape Girardeau,Missouri,29031.0,2467,40.0,45.0,,,,0.041900001
180576,2020-10-14,Cape Girardeau,Missouri,29031.0,2506,40.0,39.0,,,,0.0232
180577,2020-10-15,Cape Girardeau,Missouri,29031.0,2545,40.0,39.0,,,,0.0535
180578,2020-10-16,Cape Girardeau,Missouri,29031.0,2545,40.0,0.0,,,,0.055100000999999996
180579,2020-10-17,Cape Girardeau,Missouri,29031.0,2598,45.0,53.0,,,,0.106
180580,2020-10-18,Cape Girardeau,Missouri,29031.0,2607,45.0,9.0,,,,0.086199999
180581,2020-10-19,Cape Girardeau,Missouri,29031.0,2638,45.0,31.0,,,,0.13500001
180582,2020-10-20,Cape Girardeau,Missouri,29031.0,2638,45.0,0.0,,,,0.145
180583,2020-10-21,Cape Girardeau,Missouri,29031.0,2726,49.0,88.0,,,,0.20100001
180584,2020-10-22,Cape Girardeau,Missouri,29031.0,2739,49.0,13.0,,,,0.252
180585,2020-10-23,Cape Girardeau,Missouri,29031.0,2779,49.0,40.0,,,,0.23800001
180586,2020-10-24,Cape Girardeau,Missouri,29031.0,2779,49.0,0.0,,,,0.223
180587,2020-10-25,Cape Girardeau,Missouri,29031.0,2779,49.0,0.0,,,,0.205
180588,2020-10-26,Cape Girardeau,Missouri,29031.0,2779,49.0,0.0,,,,0.1
180589,2020-10-27,Cape Girardeau,Missouri,29031.0,2779,50.0,0.0,,,,0.154
180590,2020-10-28,Cape Girardeau,Missouri,29031.0,2902,50.0,123.0,,,,0.107
180591,2020-10-29,Cape Girardeau,Missouri,29031.0,3003,51.0,101.0,,,,0.19
180592,2020-10-30,Cape Girardeau,Missouri,29031.0,3041,53.0,38.0,,,,0.11900000000000001
180593,2020-10-31,Cape Girardeau,Missouri,29031.0,3041,55.0,0.0,,,,0.12300000000000001
180594,2020-11-01,Cape Girardeau,Missouri,29031.0,3081,55.0,40.0,,,,0.08749999900000001
180595,2020-11-02,Cape Girardeau,Missouri,29031.0,3112,55.0,31.0,,,,0.23600000000000002
180596,2020-11-03,Cape Girardeau,Missouri,29031.0,3210,55.0,98.0,,,,0.177
180597,2020-11-04,Cape Girardeau,Missouri,29031.0,3312,55.0,102.0,,,,0.255
180598,2020-11-05,Cape Girardeau,Missouri,29031.0,3312,55.0,0.0,,,,0.23100001
180599,2020-11-06,Cape Girardeau,Missouri,29031.0,3312,55.0,0.0,,,,0.31400001
180600,2020-11-07,Cape Girardeau,Missouri,29031.0,3312,55.0,0.0,,,,0.29300001
180601,2020-11-08,Cape Girardeau,Missouri,29031.0,3322,56.0,10.0,,,,0.37799999
180602,2020-11-09,Cape Girardeau,Missouri,29031.0,3758,56.0,436.0,,,,0.23199999
180603,2020-11-10,Cape Girardeau,Missouri,29031.0,3758,60.0,0.0,,,,0.24100000000000002
180604,2020-11-11,Cape Girardeau,Missouri,29031.0,3929,60.0,171.0,,,,0.20800000000000002
180605,2020-11-12,Cape Girardeau,Missouri,29031.0,3929,60.0,0.0,,,,0.24699999
180606,2020-11-13,Cape Girardeau,Missouri,29031.0,3929,60.0,0.0,,,,0.27500001
180607,2020-11-14,Cape Girardeau,Missouri,29031.0,3961,60.0,32.0,,,,0.248
180608,2020-11-15,Cape Girardeau,Missouri,29031.0,3961,60.0,0.0,,,,0.212
180609,2020-11-16,Cape Girardeau,Missouri,29031.0,4538,60.0,577.0,,,,0.16599999
180610,2020-11-17,Cape Girardeau,Missouri,29031.0,4620,61.0,82.0,,,,0.20200001
180611,2020-11-18,Cape Girardeau,Missouri,29031.0,4755,63.0,135.0,,,,0.12300000000000001
180612,2020-11-19,Cape Girardeau,Missouri,29031.0,4755,63.0,0.0,,,,0.0024100000000000002
180613,2020-11-20,Cape Girardeau,Missouri,29031.0,5002,63.0,247.0,,,,0.0177
180614,2020-11-21,Cape Girardeau,Missouri,29031.0,5111,63.0,109.0,,,,-0.086900003
180615,2020-11-22,Cape Girardeau,Missouri,29031.0,5157,63.0,46.0,,,,-0.10300000000000001
