,date,county,state,fips,cases,deaths,new_cases,emp_combined,emp_combined_inclow,revenue_all,spend_all
239497,2020-04-13,Churchill,Nevada,32001.0,1,0.0,0.0,,,,-0.356
239498,2020-04-14,Churchill,Nevada,32001.0,1,0.0,0.0,,,,-0.397
239499,2020-04-15,Churchill,Nevada,32001.0,1,0.0,0.0,,,,-0.376
239500,2020-04-16,Churchill,Nevada,32001.0,1,0.0,0.0,,,,-0.382
239501,2020-04-17,Churchill,Nevada,32001.0,3,0.0,2.0,,,,-0.358
239502,2020-04-18,Churchill,Nevada,32001.0,3,0.0,0.0,,,,-0.323
239503,2020-04-19,Churchill,Nevada,32001.0,3,0.0,0.0,,,,-0.314
239504,2020-04-20,Churchill,Nevada,32001.0,3,1.0,0.0,,,,-0.277
239505,2020-04-21,Churchill,Nevada,32001.0,3,1.0,0.0,,,,-0.257
239506,2020-04-22,Churchill,Nevada,32001.0,3,1.0,0.0,,,,-0.283
239507,2020-04-23,Churchill,Nevada,32001.0,3,1.0,0.0,,,,-0.25
239508,2020-04-24,Churchill,Nevada,32001.0,3,1.0,0.0,,,,-0.286
239509,2020-04-25,Churchill,Nevada,32001.0,3,1.0,0.0,,,,-0.285
239510,2020-04-26,Churchill,Nevada,32001.0,3,1.0,0.0,,,,-0.343
239511,2020-04-27,Churchill,Nevada,32001.0,3,1.0,0.0,,,,-0.342
239512,2020-04-28,Churchill,Nevada,32001.0,3,1.0,0.0,,,,-0.361
239513,2020-04-29,Churchill,Nevada,32001.0,3,1.0,0.0,,,,-0.326
239514,2020-04-30,Churchill,Nevada,32001.0,3,1.0,0.0,,,,-0.272
239515,2020-05-01,Churchill,Nevada,32001.0,3,1.0,0.0,,,,-0.187
239516,2020-05-02,Churchill,Nevada,32001.0,3,1.0,0.0,,,,-0.144
239517,2020-05-03,Churchill,Nevada,32001.0,3,1.0,0.0,,,,-0.0335
239518,2020-05-04,Churchill,Nevada,32001.0,3,1.0,0.0,,,,-0.0364
239519,2020-05-05,Churchill,Nevada,32001.0,5,1.0,2.0,,,,-0.0234
239520,2020-05-06,Churchill,Nevada,32001.0,5,1.0,0.0,,,,-0.00613
239521,2020-05-07,Churchill,Nevada,32001.0,5,1.0,0.0,,,,-0.0557
239522,2020-05-08,Churchill,Nevada,32001.0,5,1.0,0.0,,,,-0.0661
239523,2020-05-09,Churchill,Nevada,32001.0,5,1.0,0.0,,,,-0.083
239524,2020-05-10,Churchill,Nevada,32001.0,5,1.0,0.0,,,,-0.151
239525,2020-05-11,Churchill,Nevada,32001.0,5,1.0,0.0,,,,-0.165
239526,2020-05-12,Churchill,Nevada,32001.0,6,1.0,1.0,,,,-0.165
239527,2020-05-13,Churchill,Nevada,32001.0,6,1.0,0.0,,,,-0.243
239528,2020-05-14,Churchill,Nevada,32001.0,6,1.0,0.0,,,,-0.267
239529,2020-05-15,Churchill,Nevada,32001.0,6,1.0,0.0,,,,-0.285
239530,2020-05-16,Churchill,Nevada,32001.0,6,1.0,0.0,,,,-0.288
239531,2020-05-17,Churchill,Nevada,32001.0,6,1.0,0.0,,,,-0.263
239532,2020-05-18,Churchill,Nevada,32001.0,7,1.0,1.0,,,,-0.279
239533,2020-05-19,Churchill,Nevada,32001.0,7,1.0,0.0,,,,-0.285
239534,2020-05-20,Churchill,Nevada,32001.0,7,1.0,0.0,,,,-0.2
239535,2020-05-21,Churchill,Nevada,32001.0,7,1.0,0.0,,,,-0.164
239536,2020-05-22,Churchill,Nevada,32001.0,7,1.0,0.0,,,,-0.0789
239537,2020-05-23,Churchill,Nevada,32001.0,7,1.0,0.0,,,,-0.0817
239538,2020-05-24,Churchill,Nevada,32001.0,12,1.0,5.0,,,,-0.0826
239539,2020-05-25,Churchill,Nevada,32001.0,12,1.0,0.0,,,,-0.0393
239540,2020-05-26,Churchill,Nevada,32001.0,7,1.0,-5.0,,,,-0.0624
239541,2020-05-27,Churchill,Nevada,32001.0,7,1.0,0.0,,,,-0.024
239542,2020-05-28,Churchill,Nevada,32001.0,7,1.0,0.0,,,,-0.0416
239543,2020-05-29,Churchill,Nevada,32001.0,7,1.0,0.0,,,,-0.0629
239544,2020-05-30,Churchill,Nevada,32001.0,7,1.0,0.0,,,,-0.0881
239545,2020-05-31,Churchill,Nevada,32001.0,7,1.0,0.0,,,,-0.0952
239546,2020-06-01,Churchill,Nevada,32001.0,7,1.0,0.0,,,,-0.0296
239547,2020-06-02,Churchill,Nevada,32001.0,8,1.0,1.0,,,,-0.0617
239548,2020-06-03,Churchill,Nevada,32001.0,8,1.0,0.0,,,,-0.097
239549,2020-06-04,Churchill,Nevada,32001.0,10,1.0,2.0,,,,-0.138
239550,2020-06-05,Churchill,Nevada,32001.0,10,1.0,0.0,,,,-0.167
239551,2020-06-06,Churchill,Nevada,32001.0,10,1.0,0.0,,,,-0.111
239552,2020-06-07,Churchill,Nevada,32001.0,10,1.0,0.0,,,,-0.109
239553,2020-06-08,Churchill,Nevada,32001.0,10,1.0,0.0,,,,-0.119
239554,2020-06-09,Churchill,Nevada,32001.0,10,1.0,0.0,,,,-0.0938
239555,2020-06-10,Churchill,Nevada,32001.0,10,1.0,0.0,,,,-0.109
239556,2020-06-11,Churchill,Nevada,32001.0,10,1.0,0.0,,,,-0.0883
239557,2020-06-12,Churchill,Nevada,32001.0,10,1.0,0.0,,,,-0.114
239558,2020-06-13,Churchill,Nevada,32001.0,10,1.0,0.0,,,,-0.083
239559,2020-06-14,Churchill,Nevada,32001.0,10,1.0,0.0,,,,-0.0556
239560,2020-06-15,Churchill,Nevada,32001.0,10,1.0,0.0,,,,-0.0836
239561,2020-06-16,Churchill,Nevada,32001.0,10,1.0,0.0,,,,-0.0711
239562,2020-06-17,Churchill,Nevada,32001.0,10,1.0,0.0,,,,-0.0294
239563,2020-06-18,Churchill,Nevada,32001.0,10,1.0,0.0,,,,-0.025
239564,2020-06-19,Churchill,Nevada,32001.0,10,1.0,0.0,,,,-0.0153
239565,2020-06-20,Churchill,Nevada,32001.0,10,1.0,0.0,,,,-0.0589
239566,2020-06-21,Churchill,Nevada,32001.0,10,1.0,0.0,,,,-0.104
239567,2020-06-22,Churchill,Nevada,32001.0,10,1.0,0.0,,,,-0.103
239568,2020-06-23,Churchill,Nevada,32001.0,11,1.0,1.0,,,,-0.0656
239569,2020-06-24,Churchill,Nevada,32001.0,11,1.0,0.0,,,,-0.0834
239570,2020-06-25,Churchill,Nevada,32001.0,11,1.0,0.0,,,,-0.0776
239571,2020-06-26,Churchill,Nevada,32001.0,11,1.0,0.0,,,,-0.0989
239572,2020-06-27,Churchill,Nevada,32001.0,10,1.0,-1.0,,,,-0.0745
239573,2020-06-28,Churchill,Nevada,32001.0,10,1.0,0.0,,,,-0.0848
239574,2020-06-29,Churchill,Nevada,32001.0,11,1.0,1.0,,,,-0.0654
239575,2020-06-30,Churchill,Nevada,32001.0,11,1.0,0.0,,,,-0.118
239576,2020-07-01,Churchill,Nevada,32001.0,12,1.0,1.0,,,,-0.172
239577,2020-07-02,Churchill,Nevada,32001.0,13,1.0,1.0,,,,-0.131
239578,2020-07-03,Churchill,Nevada,32001.0,14,1.0,1.0,,,,-0.0932
239579,2020-07-04,Churchill,Nevada,32001.0,16,1.0,2.0,,,,-0.123
239580,2020-07-05,Churchill,Nevada,32001.0,18,1.0,2.0,,,,-0.0711
239581,2020-07-06,Churchill,Nevada,32001.0,18,1.0,0.0,,,,-0.0992
239582,2020-07-07,Churchill,Nevada,32001.0,20,1.0,2.0,,,,-0.0463
239583,2020-07-08,Churchill,Nevada,32001.0,20,1.0,0.0,,,,-0.0286
239584,2020-07-09,Churchill,Nevada,32001.0,26,1.0,6.0,,,,-0.0363
239585,2020-07-10,Churchill,Nevada,32001.0,26,1.0,0.0,,,,-0.0773
239586,2020-07-11,Churchill,Nevada,32001.0,27,1.0,1.0,,,,-0.0854
239587,2020-07-12,Churchill,Nevada,32001.0,27,1.0,0.0,,,,-0.028
239588,2020-07-13,Churchill,Nevada,32001.0,29,1.0,2.0,,,,0.00796
239589,2020-07-14,Churchill,Nevada,32001.0,29,1.0,0.0,,,,-0.088
239590,2020-07-15,Churchill,Nevada,32001.0,32,1.0,3.0,,,,-0.0336
239591,2020-07-16,Churchill,Nevada,32001.0,32,1.0,0.0,,,,-0.0696
239592,2020-07-17,Churchill,Nevada,32001.0,32,1.0,0.0,,,,-0.0449
239593,2020-07-18,Churchill,Nevada,32001.0,34,1.0,2.0,,,,-0.071
239594,2020-07-19,Churchill,Nevada,32001.0,33,1.0,-1.0,,,,-0.0764
239595,2020-07-20,Churchill,Nevada,32001.0,33,1.0,0.0,,,,-0.116
239596,2020-07-21,Churchill,Nevada,32001.0,35,1.0,2.0,,,,-0.0643
239597,2020-07-22,Churchill,Nevada,32001.0,36,1.0,1.0,,,,-0.11
239598,2020-07-23,Churchill,Nevada,32001.0,37,1.0,1.0,,,,-0.108
239599,2020-07-24,Churchill,Nevada,32001.0,39,1.0,2.0,,,,-0.126
239600,2020-07-25,Churchill,Nevada,32001.0,44,1.0,5.0,,,,-0.0827
239601,2020-07-26,Churchill,Nevada,32001.0,43,1.0,-1.0,,,,-0.0753
239602,2020-07-27,Churchill,Nevada,32001.0,44,1.0,1.0,,,,-0.0513
239603,2020-07-28,Churchill,Nevada,32001.0,46,1.0,2.0,,,,-0.00857
239604,2020-07-29,Churchill,Nevada,32001.0,46,1.0,0.0,,,,0.0116
239605,2020-07-30,Churchill,Nevada,32001.0,49,1.0,3.0,,,,0.0162
239606,2020-07-31,Churchill,Nevada,32001.0,49,1.0,0.0,,,,0.0585
239607,2020-08-01,Churchill,Nevada,32001.0,49,1.0,0.0,,,,0.0374
239608,2020-08-02,Churchill,Nevada,32001.0,49,1.0,0.0,,,,0.00937
239609,2020-08-03,Churchill,Nevada,32001.0,51,1.0,2.0,,,,0.0431
239610,2020-08-04,Churchill,Nevada,32001.0,51,1.0,0.0,,,,0.00095
239611,2020-08-05,Churchill,Nevada,32001.0,55,1.0,4.0,,,,-0.0129
239612,2020-08-06,Churchill,Nevada,32001.0,55,1.0,0.0,,,,-0.0467
239613,2020-08-07,Churchill,Nevada,32001.0,55,1.0,0.0,,,,-0.0758
239614,2020-08-08,Churchill,Nevada,32001.0,62,1.0,7.0,,,,-0.138
239615,2020-08-09,Churchill,Nevada,32001.0,69,1.0,7.0,,,,-0.162
239616,2020-08-10,Churchill,Nevada,32001.0,69,1.0,0.0,,,,-0.205
239617,2020-08-11,Churchill,Nevada,32001.0,78,1.0,9.0,,,,-0.222
239618,2020-08-12,Churchill,Nevada,32001.0,78,1.0,0.0,,,,-0.169
239619,2020-08-13,Churchill,Nevada,32001.0,82,1.0,4.0,,,,-0.21
239620,2020-08-14,Churchill,Nevada,32001.0,81,1.0,-1.0,,,,-0.121
239621,2020-08-15,Churchill,Nevada,32001.0,82,1.0,1.0,,,,-0.1
239622,2020-08-16,Churchill,Nevada,32001.0,82,1.0,0.0,,,,-0.0515
239623,2020-08-17,Churchill,Nevada,32001.0,86,1.0,4.0,,,,-0.0581
239624,2020-08-18,Churchill,Nevada,32001.0,87,1.0,1.0,,,,-0.00723
239625,2020-08-19,Churchill,Nevada,32001.0,86,1.0,-1.0,,,,0.0324
239626,2020-08-20,Churchill,Nevada,32001.0,86,1.0,0.0,,,,0.0131
239627,2020-08-21,Churchill,Nevada,32001.0,91,1.0,5.0,,,,0.0918
239628,2020-08-22,Churchill,Nevada,32001.0,91,1.0,0.0,,,,0.097
239629,2020-08-23,Churchill,Nevada,32001.0,91,1.0,0.0,,,,0.0614
239630,2020-08-24,Churchill,Nevada,32001.0,91,1.0,0.0,,,,0.0973
239631,2020-08-25,Churchill,Nevada,32001.0,91,1.0,0.0,,,,0.09
239632,2020-08-26,Churchill,Nevada,32001.0,91,1.0,0.0,,,,0.0161
239633,2020-08-27,Churchill,Nevada,32001.0,104,1.0,13.0,,,,-0.011
239634,2020-08-28,Churchill,Nevada,32001.0,110,1.0,6.0,,,,0.0595
239635,2020-08-29,Churchill,Nevada,32001.0,110,1.0,0.0,,,,0.0634
239636,2020-08-30,Churchill,Nevada,32001.0,110,1.0,0.0,,,,0.0471
239637,2020-08-31,Churchill,Nevada,32001.0,110,1.0,0.0,,,,0.0173
239638,2020-09-01,Churchill,Nevada,32001.0,113,1.0,3.0,,,,0.0315
239639,2020-09-02,Churchill,Nevada,32001.0,115,2.0,2.0,,,,0.0637
239640,2020-09-03,Churchill,Nevada,32001.0,115,2.0,0.0,,,,0.0702
239641,2020-09-04,Churchill,Nevada,32001.0,115,2.0,0.0,,,,-0.04
239642,2020-09-05,Churchill,Nevada,32001.0,115,2.0,0.0,,,,-0.0654
239643,2020-09-06,Churchill,Nevada,32001.0,115,2.0,0.0,,,,0.0802
239644,2020-09-07,Churchill,Nevada,32001.0,115,2.0,0.0,,,,0.0345
239645,2020-09-08,Churchill,Nevada,32001.0,115,2.0,0.0,,,,-0.013
239646,2020-09-09,Churchill,Nevada,32001.0,117,3.0,2.0,,,,-0.0161
239647,2020-09-10,Churchill,Nevada,32001.0,117,3.0,0.0,,,,-0.0623
239648,2020-09-11,Churchill,Nevada,32001.0,117,3.0,0.0,,,,-0.0234
239649,2020-09-12,Churchill,Nevada,32001.0,117,3.0,0.0,,,,-0.00606
239650,2020-09-13,Churchill,Nevada,32001.0,117,3.0,0.0,,,,-0.0532
239651,2020-09-14,Churchill,Nevada,32001.0,130,3.0,13.0,,,,-0.0969
239652,2020-09-15,Churchill,Nevada,32001.0,130,3.0,0.0,,,,-0.132
239653,2020-09-16,Churchill,Nevada,32001.0,131,3.0,1.0,,,,-0.16
239654,2020-09-17,Churchill,Nevada,32001.0,131,3.0,0.0,,,,-0.125
239655,2020-09-18,Churchill,Nevada,32001.0,136,3.0,5.0,,,,-0.165
239656,2020-09-19,Churchill,Nevada,32001.0,137,3.0,1.0,,,,-0.134
239657,2020-09-20,Churchill,Nevada,32001.0,137,3.0,0.0,,,,-0.168
239658,2020-09-21,Churchill,Nevada,32001.0,138,3.0,1.0,,,,-0.179
239659,2020-09-22,Churchill,Nevada,32001.0,139,3.0,1.0,,,,-0.13
239660,2020-09-23,Churchill,Nevada,32001.0,139,3.0,0.0,,,,-0.135
239661,2020-09-24,Churchill,Nevada,32001.0,139,3.0,0.0,,,,-0.139
239662,2020-09-25,Churchill,Nevada,32001.0,140,3.0,1.0,,,,-0.163
239663,2020-09-26,Churchill,Nevada,32001.0,141,3.0,1.0,,,,-0.153
239664,2020-09-27,Churchill,Nevada,32001.0,148,3.0,7.0,,,,-0.125
239665,2020-09-28,Churchill,Nevada,32001.0,149,3.0,1.0,,,,-0.124
239666,2020-09-29,Churchill,Nevada,32001.0,150,3.0,1.0,,,,-0.0997
239667,2020-09-30,Churchill,Nevada,32001.0,154,3.0,4.0,,,,-0.103
239668,2020-10-01,Churchill,Nevada,32001.0,154,3.0,0.0,,,,-0.0573
239669,2020-10-02,Churchill,Nevada,32001.0,154,3.0,0.0,,,,-0.029
239670,2020-10-03,Churchill,Nevada,32001.0,154,3.0,0.0,,,,0.0467
239671,2020-10-04,Churchill,Nevada,32001.0,154,3.0,0.0,,,,0.0754
239672,2020-10-05,Churchill,Nevada,32001.0,154,3.0,0.0,,,,0.108
239673,2020-10-06,Churchill,Nevada,32001.0,160,3.0,6.0,,,,0.0816
239674,2020-10-07,Churchill,Nevada,32001.0,167,4.0,7.0,,,,0.0614
239675,2020-10-08,Churchill,Nevada,32001.0,167,4.0,0.0,,,,0.0245
239676,2020-10-09,Churchill,Nevada,32001.0,169,4.0,2.0,,,,-0.0314
239677,2020-10-10,Churchill,Nevada,32001.0,169,4.0,0.0,,,,-0.0528
239678,2020-10-11,Churchill,Nevada,32001.0,173,4.0,4.0,,,,-0.0741
239679,2020-10-12,Churchill,Nevada,32001.0,177,4.0,4.0,,,,-0.136
239680,2020-10-13,Churchill,Nevada,32001.0,177,4.0,0.0,,,,-0.0498
239681,2020-10-14,Churchill,Nevada,32001.0,179,4.0,2.0,,,,0.00865
239682,2020-10-15,Churchill,Nevada,32001.0,182,4.0,3.0,,,,0.14
239683,2020-10-16,Churchill,Nevada,32001.0,184,4.0,2.0,,,,0.138
239684,2020-10-17,Churchill,Nevada,32001.0,184,4.0,0.0,,,,0.192
239685,2020-10-18,Churchill,Nevada,32001.0,188,4.0,4.0,,,,0.301
239686,2020-10-19,Churchill,Nevada,32001.0,188,4.0,0.0,,,,0.398
239687,2020-10-20,Churchill,Nevada,32001.0,189,4.0,1.0,,,,0.312
239688,2020-10-21,Churchill,Nevada,32001.0,195,4.0,6.0,,,,0.289
239689,2020-10-22,Churchill,Nevada,32001.0,198,4.0,3.0,,,,0.069
239690,2020-10-23,Churchill,Nevada,32001.0,200,4.0,2.0,,,,-0.00126
239691,2020-10-24,Churchill,Nevada,32001.0,203,4.0,3.0,,,,-0.067
239692,2020-10-25,Churchill,Nevada,32001.0,203,4.0,0.0,,,,-0.105
239693,2020-10-26,Churchill,Nevada,32001.0,206,4.0,3.0,,,,-0.179
239694,2020-10-27,Churchill,Nevada,32001.0,214,4.0,8.0,,,,-0.183
239695,2020-10-28,Churchill,Nevada,32001.0,223,4.0,9.0,,,,-0.211
239696,2020-10-29,Churchill,Nevada,32001.0,223,4.0,0.0,,,,-0.305
239697,2020-10-30,Churchill,Nevada,32001.0,228,4.0,5.0,,,,-0.311
239698,2020-10-31,Churchill,Nevada,32001.0,245,4.0,17.0,,,,-0.288
239699,2020-11-01,Churchill,Nevada,32001.0,245,4.0,0.0,,,,-0.247
239700,2020-11-02,Churchill,Nevada,32001.0,254,4.0,9.0,,,,-0.199
239701,2020-11-03,Churchill,Nevada,32001.0,271,4.0,17.0,,,,-0.205
239702,2020-11-04,Churchill,Nevada,32001.0,308,4.0,37.0,,,,-0.223
239703,2020-11-05,Churchill,Nevada,32001.0,313,4.0,5.0,,,,-0.198
239704,2020-11-06,Churchill,Nevada,32001.0,346,4.0,33.0,,,,-0.0491
239705,2020-11-07,Churchill,Nevada,32001.0,401,4.0,55.0,,,,-0.104
239706,2020-11-08,Churchill,Nevada,32001.0,390,4.0,-11.0,,,,-0.161
239707,2020-11-09,Churchill,Nevada,32001.0,396,4.0,6.0,,,,-0.137
239708,2020-11-10,Churchill,Nevada,32001.0,449,4.0,53.0,,,,-0.147
239709,2020-11-11,Churchill,Nevada,32001.0,449,4.0,0.0,,,,-0.0649
239710,2020-11-12,Churchill,Nevada,32001.0,459,4.0,10.0,,,,-0.0726
239711,2020-11-13,Churchill,Nevada,32001.0,517,4.0,58.0,,,,-0.0531
239712,2020-11-14,Churchill,Nevada,32001.0,517,4.0,0.0,,,,-0.00457
239713,2020-11-15,Churchill,Nevada,32001.0,517,4.0,0.0,,,,0.0338
239714,2020-11-16,Churchill,Nevada,32001.0,533,7.0,16.0,,,,0.00161
239715,2020-11-17,Churchill,Nevada,32001.0,568,8.0,35.0,,,,0.0279
239716,2020-11-18,Churchill,Nevada,32001.0,592,8.0,24.0,,,,0.0798
239717,2020-11-19,Churchill,Nevada,32001.0,619,8.0,27.0,,,,0.0432
239718,2020-11-20,Churchill,Nevada,32001.0,638,8.0,19.0,,,,0.025
239719,2020-11-21,Churchill,Nevada,32001.0,643,8.0,5.0,,,,-0.0217
239720,2020-11-22,Churchill,Nevada,32001.0,674,8.0,31.0,,,,-0.0606
239721,2020-11-23,Churchill,Nevada,32001.0,690,9.0,16.0,,,,-0.0433
239722,2020-11-24,Churchill,Nevada,32001.0,731,11.0,41.0,,,,-0.102
239723,2020-11-25,Churchill,Nevada,32001.0,741,12.0,10.0,,,,-0.213
239724,2020-11-26,Churchill,Nevada,32001.0,792,12.0,51.0,,,,-0.208
239725,2020-11-27,Churchill,Nevada,32001.0,804,12.0,12.0,,,,-0.172
239726,2020-11-28,Churchill,Nevada,32001.0,804,12.0,0.0,,,,-0.185
239727,2020-11-29,Churchill,Nevada,32001.0,832,12.0,28.0,,,,-0.217
239728,2020-11-30,Churchill,Nevada,32001.0,837,12.0,5.0,,,,-0.247
239729,2020-12-01,Churchill,Nevada,32001.0,864,14.0,27.0,,,,-0.15
239730,2020-12-02,Churchill,Nevada,32001.0,891,19.0,27.0,,,,-0.154
239731,2020-12-03,Churchill,Nevada,32001.0,900,21.0,9.0,,,,-0.125
239732,2020-12-04,Churchill,Nevada,32001.0,938,21.0,38.0,,,,-0.0654
239733,2020-12-05,Churchill,Nevada,32001.0,951,22.0,13.0,,,,-0.00631
239734,2020-12-06,Churchill,Nevada,32001.0,989,22.0,38.0,,,,-0.00409
239735,2020-12-07,Churchill,Nevada,32001.0,1023,23.0,34.0,,,,-0.0127
239736,2020-12-08,Churchill,Nevada,32001.0,1023,23.0,0.0,,,,-0.036
239737,2020-12-09,Churchill,Nevada,32001.0,1061,23.0,38.0,,,,-0.0607
239738,2020-12-10,Churchill,Nevada,32001.0,1061,23.0,0.0,,,,-0.0407
239739,2020-12-11,Churchill,Nevada,32001.0,1109,26.0,48.0,,,,-0.044
239740,2020-12-12,Churchill,Nevada,32001.0,1109,26.0,0.0,,,,-0.0682
239741,2020-12-13,Churchill,Nevada,32001.0,1134,29.0,25.0,,,,-0.0616
239742,2020-12-14,Churchill,Nevada,32001.0,1160,29.0,26.0,,,,-0.0473
239743,2020-12-15,Churchill,Nevada,32001.0,1180,29.0,20.0,,,,-0.0387
239744,2020-12-16,Churchill,Nevada,32001.0,1201,29.0,21.0,,,,-0.0204
239745,2020-12-17,Churchill,Nevada,32001.0,1213,29.0,12.0,,,,-0.0392
239746,2020-12-18,Churchill,Nevada,32001.0,1259,29.0,46.0,,,,0.0192
239747,2020-12-19,Churchill,Nevada,32001.0,1259,30.0,0.0,,,,0.0159
239748,2020-12-20,Churchill,Nevada,32001.0,1259,30.0,0.0,,,,0.0268
239749,2020-12-21,Churchill,Nevada,32001.0,1275,30.0,16.0,,,,0.0374
239750,2020-12-22,Churchill,Nevada,32001.0,1280,35.0,5.0,,,,0.0565
239751,2020-12-23,Churchill,Nevada,32001.0,1280,35.0,0.0,,,,0.0397
239752,2020-12-24,Churchill,Nevada,32001.0,1280,35.0,0.0,,,,0.0562
239753,2020-12-25,Churchill,Nevada,32001.0,1326,35.0,46.0,,,,-0.0385
239754,2020-12-26,Churchill,Nevada,32001.0,1326,35.0,0.0,,,,0.0303
