,date,county,state,fips,cases,deaths,new_cases,emp_combined,emp_combined_inclow,revenue_all,spend_all
196648,2020-03-25,Lyon,Nevada,32019.0,1,0.0,0.0,-0.00726,.,,-0.30599999
196649,2020-03-26,Lyon,Nevada,32019.0,1,0.0,0.0,-0.0147,.,,-0.27500001
196650,2020-03-27,Lyon,Nevada,32019.0,1,0.0,0.0,-0.0216,.,,-0.26100001
196651,2020-03-28,Lyon,Nevada,32019.0,1,0.0,0.0,-0.028,.,,-0.28799999
196652,2020-03-29,Lyon,Nevada,32019.0,1,0.0,0.0,-0.0336,.,,-0.27700001
196653,2020-03-30,Lyon,Nevada,32019.0,1,0.0,0.0,-0.0384,.,,-0.273
196654,2020-03-31,Lyon,Nevada,32019.0,1,0.0,0.0,-0.0424,.,,-0.19
196655,2020-04-01,Lyon,Nevada,32019.0,1,0.0,0.0,-0.046,.,,-0.20299999
196656,2020-04-02,Lyon,Nevada,32019.0,2,0.0,1.0,-0.0493,.,,-0.223
196657,2020-04-03,Lyon,Nevada,32019.0,2,0.0,0.0,-0.0527,.,,-0.25299999
196658,2020-04-04,Lyon,Nevada,32019.0,3,0.0,1.0,-0.0564,.,,-0.25400001
196659,2020-04-05,Lyon,Nevada,32019.0,3,0.0,0.0,-0.0603,.,,-0.26800001
196660,2020-04-06,Lyon,Nevada,32019.0,4,0.0,1.0,-0.0646,.,,-0.301
196661,2020-04-07,Lyon,Nevada,32019.0,4,0.0,0.0,-0.0695,.,,-0.34799999
196662,2020-04-08,Lyon,Nevada,32019.0,4,0.0,0.0,-0.0752,.,,-0.33000001
196663,2020-04-09,Lyon,Nevada,32019.0,4,0.0,0.0,-0.0821,.,,-0.34
196664,2020-04-10,Lyon,Nevada,32019.0,7,0.0,3.0,-0.0899,.,,-0.33899999
196665,2020-04-11,Lyon,Nevada,32019.0,7,0.0,0.0,-0.0987,.,,-0.31900001
196666,2020-04-12,Lyon,Nevada,32019.0,7,0.0,0.0,-0.109,.,,-0.31299999
196667,2020-04-13,Lyon,Nevada,32019.0,10,0.0,3.0,-0.12,.,,-0.331
196668,2020-04-14,Lyon,Nevada,32019.0,10,0.0,0.0,-0.131,.,,-0.34400001
196669,2020-04-15,Lyon,Nevada,32019.0,11,0.0,1.0,-0.142,.,,-0.34900001
196670,2020-04-16,Lyon,Nevada,32019.0,12,0.0,1.0,-0.152,.,,-0.38
196671,2020-04-17,Lyon,Nevada,32019.0,12,0.0,0.0,-0.16,.,,-0.38100001
196672,2020-04-18,Lyon,Nevada,32019.0,16,0.0,4.0,-0.166,.,,-0.37900001
196673,2020-04-19,Lyon,Nevada,32019.0,16,0.0,0.0,-0.169,.,,-0.37099999
196674,2020-04-20,Lyon,Nevada,32019.0,18,0.0,2.0,-0.17,.,,-0.36700001
196675,2020-04-21,Lyon,Nevada,32019.0,18,0.0,0.0,-0.168,.,,-0.32300001
196676,2020-04-22,Lyon,Nevada,32019.0,18,0.0,0.0,-0.164,.,,-0.29800001
196677,2020-04-23,Lyon,Nevada,32019.0,22,0.0,4.0,-0.159,.,,-0.257
196678,2020-04-24,Lyon,Nevada,32019.0,22,0.0,0.0,-0.153,.,,-0.266
196679,2020-04-25,Lyon,Nevada,32019.0,23,0.0,1.0,-0.148,.,,-0.26199999
196680,2020-04-26,Lyon,Nevada,32019.0,26,0.0,3.0,-0.142,.,,-0.242
196681,2020-04-27,Lyon,Nevada,32019.0,26,0.0,0.0,-0.138,.,,-0.183
196682,2020-04-28,Lyon,Nevada,32019.0,27,0.0,1.0,-0.134,.,,-0.207
196683,2020-04-29,Lyon,Nevada,32019.0,27,0.0,0.0,-0.131,.,,-0.19899999999999998
196684,2020-04-30,Lyon,Nevada,32019.0,28,0.0,1.0,-0.129,.,,-0.207
196685,2020-05-01,Lyon,Nevada,32019.0,29,0.0,1.0,-0.127,.,,-0.146
196686,2020-05-02,Lyon,Nevada,32019.0,33,0.0,4.0,-0.126,.,,-0.145
196687,2020-05-03,Lyon,Nevada,32019.0,34,0.0,1.0,-0.125,.,,-0.12899999
196688,2020-05-04,Lyon,Nevada,32019.0,34,0.0,0.0,-0.124,.,,-0.138
196689,2020-05-05,Lyon,Nevada,32019.0,35,0.0,1.0,-0.124,.,,-0.134
196690,2020-05-06,Lyon,Nevada,32019.0,35,0.0,0.0,-0.124,.,,-0.18099999
196691,2020-05-07,Lyon,Nevada,32019.0,36,0.0,1.0,-0.124,.,,-0.13
196692,2020-05-08,Lyon,Nevada,32019.0,37,0.0,1.0,-0.125,.,,-0.152
196693,2020-05-09,Lyon,Nevada,32019.0,37,0.0,0.0,-0.125,.,,-0.20100001
196694,2020-05-10,Lyon,Nevada,32019.0,42,0.0,5.0,-0.126,.,,-0.22499999
196695,2020-05-11,Lyon,Nevada,32019.0,42,0.0,0.0,-0.126,.,,-0.212
196696,2020-05-12,Lyon,Nevada,32019.0,44,0.0,2.0,-0.127,.,,-0.205
196697,2020-05-13,Lyon,Nevada,32019.0,48,0.0,4.0,-0.127,.,,-0.18899999999999997
196698,2020-05-14,Lyon,Nevada,32019.0,48,0.0,0.0,-0.127,.,,-0.17800000000000002
196699,2020-05-15,Lyon,Nevada,32019.0,48,0.0,0.0,-0.127,.,,-0.17399999
196700,2020-05-16,Lyon,Nevada,32019.0,48,0.0,0.0,-0.126,.,,-0.069600001
196701,2020-05-17,Lyon,Nevada,32019.0,48,0.0,0.0,-0.126,.,,-0.0295
196702,2020-05-18,Lyon,Nevada,32019.0,47,0.0,-1.0,-0.125,.,,-0.079899997
196703,2020-05-19,Lyon,Nevada,32019.0,49,0.0,2.0,-0.123,.,,-0.073700003
196704,2020-05-20,Lyon,Nevada,32019.0,49,0.0,0.0,-0.122,.,,-0.032699998
196705,2020-05-21,Lyon,Nevada,32019.0,51,0.0,2.0,-0.121,.,,-0.070699997
196706,2020-05-22,Lyon,Nevada,32019.0,51,0.0,0.0,-0.12,.,,-0.06580000400000001
196707,2020-05-23,Lyon,Nevada,32019.0,51,0.0,0.0,-0.119,.,,-0.155
196708,2020-05-24,Lyon,Nevada,32019.0,52,0.0,1.0,-0.119,.,,-0.20600000000000002
196709,2020-05-25,Lyon,Nevada,32019.0,55,0.0,3.0,-0.119,.,,-0.19899999999999998
196710,2020-05-26,Lyon,Nevada,32019.0,55,0.0,0.0,-0.119,.,,-0.18899999999999997
196711,2020-05-27,Lyon,Nevada,32019.0,56,0.0,1.0,-0.119,.,,-0.163
196712,2020-05-28,Lyon,Nevada,32019.0,56,1.0,0.0,-0.119,.,,-0.168
196713,2020-05-29,Lyon,Nevada,32019.0,57,1.0,1.0,-0.12,.,,-0.183
196714,2020-05-30,Lyon,Nevada,32019.0,61,1.0,4.0,-0.12,.,,-0.126
196715,2020-05-31,Lyon,Nevada,32019.0,62,1.0,1.0,-0.12,.,,-0.072499998
196716,2020-06-01,Lyon,Nevada,32019.0,62,1.0,0.0,-0.12,.,,-0.07819999799999999
196717,2020-06-02,Lyon,Nevada,32019.0,65,1.0,3.0,-0.12,.,,0.00379
196718,2020-06-03,Lyon,Nevada,32019.0,66,1.0,1.0,-0.119,.,,-0.063699998
196719,2020-06-04,Lyon,Nevada,32019.0,67,1.0,1.0,-0.119,.,,-0.054499999
196720,2020-06-05,Lyon,Nevada,32019.0,80,1.0,13.0,-0.118,.,,-0.031800002
196721,2020-06-06,Lyon,Nevada,32019.0,81,1.0,1.0,-0.117,.,,-0.088600002
196722,2020-06-07,Lyon,Nevada,32019.0,82,1.0,1.0,-0.116,.,,-0.11199999999999999
196723,2020-06-08,Lyon,Nevada,32019.0,85,1.0,3.0,-0.115,.,,-0.18700001
196724,2020-06-09,Lyon,Nevada,32019.0,87,1.0,2.0,-0.113,.,,-0.17800000000000002
196725,2020-06-10,Lyon,Nevada,32019.0,89,2.0,2.0,-0.112,.,,-0.15000001
196726,2020-06-11,Lyon,Nevada,32019.0,89,2.0,0.0,-0.11,.,,-0.145
196727,2020-06-12,Lyon,Nevada,32019.0,89,2.0,0.0,-0.108,.,,-0.127
196728,2020-06-13,Lyon,Nevada,32019.0,91,2.0,2.0,-0.107,.,,-0.09839999699999999
196729,2020-06-14,Lyon,Nevada,32019.0,91,2.0,0.0,-0.105,.,,-0.11900000000000001
196730,2020-06-15,Lyon,Nevada,32019.0,92,2.0,1.0,-0.103,.,,-0.09279999900000001
196731,2020-06-16,Lyon,Nevada,32019.0,92,2.0,0.0,-0.102,.,,-0.098700002
196732,2020-06-17,Lyon,Nevada,32019.0,92,2.0,0.0,-0.101,.,,-0.097400002
196733,2020-06-18,Lyon,Nevada,32019.0,94,2.0,2.0,-0.0997,.,,-0.052499998
196734,2020-06-19,Lyon,Nevada,32019.0,96,2.0,2.0,-0.0989,.,,-0.063699998
196735,2020-06-20,Lyon,Nevada,32019.0,98,2.0,2.0,-0.0984,.,,-0.042399999
196736,2020-06-21,Lyon,Nevada,32019.0,98,2.0,0.0,-0.0982,.,,-0.0090399999
196737,2020-06-22,Lyon,Nevada,32019.0,99,2.0,1.0,-0.0983,.,,0.0152
196738,2020-06-23,Lyon,Nevada,32019.0,102,2.0,3.0,-0.0989,.,,0.00028099999
196739,2020-06-24,Lyon,Nevada,32019.0,102,2.0,0.0,-0.1,.,,-0.0042300001
196740,2020-06-25,Lyon,Nevada,32019.0,104,2.0,2.0,-0.102,.,,-0.034400001
196741,2020-06-26,Lyon,Nevada,32019.0,107,2.0,3.0,-0.104,.,,-0.052499998
196742,2020-06-27,Lyon,Nevada,32019.0,108,2.0,1.0,-0.108,.,,-0.132
196743,2020-06-28,Lyon,Nevada,32019.0,110,2.0,2.0,-0.112,.,,-0.10800000000000001
196744,2020-06-29,Lyon,Nevada,32019.0,112,2.0,2.0,-0.117,.,,-0.133
196745,2020-06-30,Lyon,Nevada,32019.0,115,2.0,3.0,-0.123,.,,-0.10800000000000001
196746,2020-07-01,Lyon,Nevada,32019.0,120,2.0,5.0,-0.13,.,,-0.095700003
196747,2020-07-02,Lyon,Nevada,32019.0,123,2.0,3.0,-0.136,.,,-0.091799997
196748,2020-07-03,Lyon,Nevada,32019.0,123,2.0,0.0,-0.144,.,,-0.133
196749,2020-07-04,Lyon,Nevada,32019.0,126,2.0,3.0,-0.151,.,,-0.089699998
196750,2020-07-05,Lyon,Nevada,32019.0,129,2.0,3.0,-0.158,.,,-0.0867
196751,2020-07-06,Lyon,Nevada,32019.0,131,2.0,2.0,-0.166,.,,0.0107
196752,2020-07-07,Lyon,Nevada,32019.0,135,2.0,4.0,-0.173,.,,0.10800000000000001
196753,2020-07-08,Lyon,Nevada,32019.0,135,2.0,0.0,-0.18,.,,0.20900001
196754,2020-07-09,Lyon,Nevada,32019.0,136,2.0,1.0,-0.186,.,,0.30199999
196755,2020-07-10,Lyon,Nevada,32019.0,140,2.0,4.0,-0.192,.,,0.366
196756,2020-07-11,Lyon,Nevada,32019.0,140,2.0,0.0,-0.198,.,,0.38699999
196757,2020-07-12,Lyon,Nevada,32019.0,142,2.0,2.0,-0.202,.,,0.38699999
196758,2020-07-13,Lyon,Nevada,32019.0,145,2.0,3.0,-0.206,.,,0.38699999
196759,2020-07-14,Lyon,Nevada,32019.0,149,2.0,4.0,-0.209,.,,0.38699999
196760,2020-07-15,Lyon,Nevada,32019.0,150,2.0,1.0,-0.211,.,,0.37900001
196761,2020-07-16,Lyon,Nevada,32019.0,150,2.0,0.0,-0.213,.,,0.30399999
196762,2020-07-17,Lyon,Nevada,32019.0,155,2.0,5.0,-0.214,.,,0.223
196763,2020-07-18,Lyon,Nevada,32019.0,156,2.0,1.0,-0.214,.,,0.11699999999999999
196764,2020-07-19,Lyon,Nevada,32019.0,158,2.0,2.0,-0.213,.,,-0.0112
196765,2020-07-20,Lyon,Nevada,32019.0,158,2.0,0.0,-0.212,.,,0.0231
196766,2020-07-21,Lyon,Nevada,32019.0,159,2.0,1.0,-0.211,.,,-0.0572
196767,2020-07-22,Lyon,Nevada,32019.0,161,2.0,2.0,-0.209,.,,-0.082900003
196768,2020-07-23,Lyon,Nevada,32019.0,162,2.0,1.0,-0.207,.,,-0.13699999
196769,2020-07-24,Lyon,Nevada,32019.0,164,2.0,2.0,-0.206,.,,-0.10099999999999999
196770,2020-07-25,Lyon,Nevada,32019.0,169,3.0,5.0,-0.203,.,,-0.11199999999999999
196771,2020-07-26,Lyon,Nevada,32019.0,177,3.0,8.0,-0.201,.,,-0.0502
196772,2020-07-27,Lyon,Nevada,32019.0,177,3.0,0.0,-0.199,.,,-0.0647
196773,2020-07-28,Lyon,Nevada,32019.0,180,3.0,3.0,-0.197,.,,-0.021600001
196774,2020-07-29,Lyon,Nevada,32019.0,183,3.0,3.0,-0.195,.,,-0.069200002
196775,2020-07-30,Lyon,Nevada,32019.0,188,3.0,5.0,-0.192,.,,-0.030300001
196776,2020-07-31,Lyon,Nevada,32019.0,194,5.0,6.0,-0.19,.,,-0.10300000000000001
196777,2020-08-01,Lyon,Nevada,32019.0,204,5.0,10.0,-0.187,.,,-0.113
196778,2020-08-02,Lyon,Nevada,32019.0,206,5.0,2.0,-0.184,.,,-0.171
196779,2020-08-03,Lyon,Nevada,32019.0,206,5.0,0.0,-0.18,.,,-0.16899999999999998
196780,2020-08-04,Lyon,Nevada,32019.0,210,5.0,4.0,-0.177,.,,-0.134
196781,2020-08-05,Lyon,Nevada,32019.0,215,5.0,5.0,-0.173,.,,-0.079499997
196782,2020-08-06,Lyon,Nevada,32019.0,217,5.0,2.0,-0.169,.,,-0.028899999
196783,2020-08-07,Lyon,Nevada,32019.0,218,6.0,1.0,-0.166,.,,0.0196
196784,2020-08-08,Lyon,Nevada,32019.0,224,6.0,6.0,-0.162,.,,0.022000000000000002
196785,2020-08-09,Lyon,Nevada,32019.0,230,6.0,6.0,-0.159,.,,0.12300000000000001
196786,2020-08-10,Lyon,Nevada,32019.0,230,6.0,0.0,-0.156,.,,0.10800000000000001
196787,2020-08-11,Lyon,Nevada,32019.0,235,6.0,5.0,-0.154,.,,0.0605
196788,2020-08-12,Lyon,Nevada,32019.0,239,6.0,4.0,-0.151,.,,0.042800002000000004
196789,2020-08-13,Lyon,Nevada,32019.0,250,6.0,11.0,-0.15,.,,0.0211
196790,2020-08-14,Lyon,Nevada,32019.0,259,6.0,9.0,-0.149,.,,0.0548
196791,2020-08-15,Lyon,Nevada,32019.0,269,6.0,10.0,-0.149,.,,0.0482
196792,2020-08-16,Lyon,Nevada,32019.0,271,6.0,2.0,-0.15,.,,-0.042399999
196793,2020-08-17,Lyon,Nevada,32019.0,273,6.0,2.0,-0.15,.,,0.024599998999999997
196794,2020-08-18,Lyon,Nevada,32019.0,273,6.0,0.0,-0.151,.,,0.043400000999999994
196795,2020-08-19,Lyon,Nevada,32019.0,276,6.0,3.0,-0.151,.,,0.022000000000000002
196796,2020-08-20,Lyon,Nevada,32019.0,281,6.0,5.0,-0.151,.,,-0.02
196797,2020-08-21,Lyon,Nevada,32019.0,284,6.0,3.0,-0.149,.,,-0.046399999000000004
196798,2020-08-22,Lyon,Nevada,32019.0,295,6.0,11.0,-0.148,.,,-0.022000000000000002
196799,2020-08-23,Lyon,Nevada,32019.0,299,6.0,4.0,-0.145,.,,0.017100001
196800,2020-08-24,Lyon,Nevada,32019.0,300,6.0,1.0,-0.143,.,,-0.009770000400000001
196801,2020-08-25,Lyon,Nevada,32019.0,303,6.0,3.0,-0.141,.,,-0.029200001
196802,2020-08-26,Lyon,Nevada,32019.0,309,6.0,6.0,-0.138,.,,-0.041499997999999996
196803,2020-08-27,Lyon,Nevada,32019.0,311,6.0,2.0,-0.136,.,,-0.070600003
196804,2020-08-28,Lyon,Nevada,32019.0,318,6.0,7.0,-0.134,.,,-0.062700003
196805,2020-08-29,Lyon,Nevada,32019.0,324,6.0,6.0,-0.133,.,,-0.068800002
196806,2020-08-30,Lyon,Nevada,32019.0,327,6.0,3.0,-0.132,.,,-0.0407
196807,2020-08-31,Lyon,Nevada,32019.0,327,6.0,0.0,-0.131,.,,0.007209999999999999
196808,2020-09-01,Lyon,Nevada,32019.0,332,6.0,5.0,-0.13,.,,0.0207
196809,2020-09-02,Lyon,Nevada,32019.0,336,6.0,4.0,-0.13,.,,0.064400002
196810,2020-09-03,Lyon,Nevada,32019.0,347,6.0,11.0,-0.13,.,,0.07389999900000001
196811,2020-09-04,Lyon,Nevada,32019.0,347,6.0,0.0,-0.129,.,,0.057100002000000004
196812,2020-09-05,Lyon,Nevada,32019.0,351,6.0,4.0,-0.129,.,,0.107
196813,2020-09-06,Lyon,Nevada,32019.0,360,6.0,9.0,-0.128,.,,0.105
196814,2020-09-07,Lyon,Nevada,32019.0,362,6.0,2.0,-0.126,.,,0.043200000999999995
196815,2020-09-08,Lyon,Nevada,32019.0,365,6.0,3.0,-0.125,.,,0.0165
196816,2020-09-09,Lyon,Nevada,32019.0,366,6.0,1.0,-0.123,.,,0.0114
196817,2020-09-10,Lyon,Nevada,32019.0,372,6.0,6.0,-0.12,.,,-0.133
196818,2020-09-11,Lyon,Nevada,32019.0,372,6.0,0.0,-0.118,.,,-0.126
196819,2020-09-12,Lyon,Nevada,32019.0,375,6.0,3.0,-0.115,.,,-0.19
196820,2020-09-13,Lyon,Nevada,32019.0,375,6.0,0.0,-0.113,.,,-0.113
196821,2020-09-14,Lyon,Nevada,32019.0,375,6.0,0.0,-0.11,.,,-0.121
196822,2020-09-15,Lyon,Nevada,32019.0,392,6.0,17.0,-0.108,.,,-0.07980000200000001
196823,2020-09-16,Lyon,Nevada,32019.0,395,6.0,3.0,-0.107,.,,-0.09470000099999999
196824,2020-09-17,Lyon,Nevada,32019.0,403,6.0,8.0,-0.107,.,,-0.068099998
196825,2020-09-18,Lyon,Nevada,32019.0,407,7.0,4.0,-0.107,.,,0.009379999699999999
196826,2020-09-19,Lyon,Nevada,32019.0,407,7.0,0.0,-0.11,.,,0.043299999000000006
196827,2020-09-20,Lyon,Nevada,32019.0,412,7.0,5.0,-0.113,.,,0.062899999
196828,2020-09-21,Lyon,Nevada,32019.0,412,7.0,0.0,-0.117,.,,0.068400003
196829,2020-09-22,Lyon,Nevada,32019.0,420,7.0,8.0,-0.123,.,,0.034200002
196830,2020-09-23,Lyon,Nevada,32019.0,423,7.0,3.0,-0.128,.,,0.0231
196831,2020-09-24,Lyon,Nevada,32019.0,423,7.0,0.0,-0.134,.,,-0.0222
196832,2020-09-25,Lyon,Nevada,32019.0,434,7.0,11.0,-0.14,.,,-0.087099999
196833,2020-09-26,Lyon,Nevada,32019.0,435,7.0,1.0,-0.145,.,,-0.0691
196834,2020-09-27,Lyon,Nevada,32019.0,436,7.0,1.0,-0.149,.,,-0.0603
196835,2020-09-28,Lyon,Nevada,32019.0,438,7.0,2.0,-0.152,.,,-0.035599999
196836,2020-09-29,Lyon,Nevada,32019.0,438,7.0,0.0,-0.154,.,,-0.037799999
196837,2020-09-30,Lyon,Nevada,32019.0,445,7.0,7.0,-0.154,.,,-0.105
196838,2020-10-01,Lyon,Nevada,32019.0,447,7.0,2.0,,,,-0.098899998
196839,2020-10-02,Lyon,Nevada,32019.0,448,7.0,1.0,,,,-0.069200002
196840,2020-10-03,Lyon,Nevada,32019.0,448,7.0,0.0,,,,-0.09279999900000001
196841,2020-10-04,Lyon,Nevada,32019.0,450,7.0,2.0,,,,-0.09269999699999999
196842,2020-10-05,Lyon,Nevada,32019.0,450,7.0,0.0,,,,-0.12300000000000001
196843,2020-10-06,Lyon,Nevada,32019.0,457,8.0,7.0,,,,-0.08590000099999999
196844,2020-10-07,Lyon,Nevada,32019.0,463,8.0,6.0,,,,-0.0109
196845,2020-10-08,Lyon,Nevada,32019.0,477,8.0,14.0,,,,0.050799999000000005
196846,2020-10-09,Lyon,Nevada,32019.0,508,8.0,31.0,,,,0.034299999
196847,2020-10-10,Lyon,Nevada,32019.0,513,8.0,5.0,,,,0.032600001
196848,2020-10-11,Lyon,Nevada,32019.0,514,8.0,1.0,,,,0.042300001
196849,2020-10-12,Lyon,Nevada,32019.0,517,8.0,3.0,,,,0.07530000099999999
196850,2020-10-13,Lyon,Nevada,32019.0,521,10.0,4.0,,,,-0.00391
196851,2020-10-14,Lyon,Nevada,32019.0,533,10.0,12.0,,,,-0.039500002
196852,2020-10-15,Lyon,Nevada,32019.0,540,10.0,7.0,,,,-0.033799998
196853,2020-10-16,Lyon,Nevada,32019.0,541,10.0,1.0,,,,-0.0218
196854,2020-10-17,Lyon,Nevada,32019.0,546,10.0,5.0,,,,-0.12300000000000001
196855,2020-10-18,Lyon,Nevada,32019.0,548,10.0,2.0,,,,-0.126
196856,2020-10-19,Lyon,Nevada,32019.0,554,11.0,6.0,,,,-0.089299999
196857,2020-10-20,Lyon,Nevada,32019.0,560,12.0,6.0,,,,-0.078400001
196858,2020-10-21,Lyon,Nevada,32019.0,560,12.0,0.0,,,,-0.055300000999999994
196859,2020-10-22,Lyon,Nevada,32019.0,575,12.0,15.0,,,,-0.050700000999999995
196860,2020-10-23,Lyon,Nevada,32019.0,581,12.0,6.0,,,,-0.029200001
196861,2020-10-24,Lyon,Nevada,32019.0,586,12.0,5.0,,,,0.071900003
196862,2020-10-25,Lyon,Nevada,32019.0,593,12.0,7.0,,,,0.045600000999999994
196863,2020-10-26,Lyon,Nevada,32019.0,598,12.0,5.0,,,,0.019300001
196864,2020-10-27,Lyon,Nevada,32019.0,607,13.0,9.0,,,,0.051600002
196865,2020-10-28,Lyon,Nevada,32019.0,613,13.0,6.0,,,,0.0185
196866,2020-10-29,Lyon,Nevada,32019.0,613,13.0,0.0,,,,-0.033500001
196867,2020-10-30,Lyon,Nevada,32019.0,622,13.0,9.0,,,,-0.13
196868,2020-10-31,Lyon,Nevada,32019.0,625,13.0,3.0,,,,-0.125
196869,2020-11-01,Lyon,Nevada,32019.0,625,13.0,0.0,,,,-0.090899996
196870,2020-11-02,Lyon,Nevada,32019.0,629,13.0,4.0,,,,-0.09210000199999999
196871,2020-11-03,Lyon,Nevada,32019.0,635,13.0,6.0,,,,-0.125
196872,2020-11-04,Lyon,Nevada,32019.0,645,14.0,10.0,,,,-0.0832
196873,2020-11-05,Lyon,Nevada,32019.0,645,14.0,0.0,,,,-0.044300001
196874,2020-11-06,Lyon,Nevada,32019.0,664,14.0,19.0,,,,0.039500002
196875,2020-11-07,Lyon,Nevada,32019.0,669,14.0,5.0,,,,0.107
196876,2020-11-08,Lyon,Nevada,32019.0,669,14.0,0.0,,,,0.091700003
196877,2020-11-09,Lyon,Nevada,32019.0,676,14.0,7.0,,,,0.088100001
196878,2020-11-10,Lyon,Nevada,32019.0,684,14.0,8.0,,,,0.060199998
196879,2020-11-11,Lyon,Nevada,32019.0,692,14.0,8.0,,,,0.053399999000000004
196880,2020-11-12,Lyon,Nevada,32019.0,704,14.0,12.0,,,,0.07980000200000001
196881,2020-11-13,Lyon,Nevada,32019.0,710,14.0,6.0,,,,0.067400001
196882,2020-11-14,Lyon,Nevada,32019.0,710,14.0,0.0,,,,0.00214
196883,2020-11-15,Lyon,Nevada,32019.0,716,14.0,6.0,,,,0.00477
196884,2020-11-16,Lyon,Nevada,32019.0,729,14.0,13.0,,,,0.0008280000200000001
196885,2020-11-17,Lyon,Nevada,32019.0,732,14.0,3.0,,,,0.029899999
196886,2020-11-18,Lyon,Nevada,32019.0,732,14.0,0.0,,,,-0.037000000000000005
196887,2020-11-19,Lyon,Nevada,32019.0,743,14.0,11.0,,,,-0.083300002
196888,2020-11-20,Lyon,Nevada,32019.0,743,14.0,0.0,,,,-0.109
196889,2020-11-21,Lyon,Nevada,32019.0,762,16.0,19.0,,,,-0.037700001000000004
196890,2020-11-22,Lyon,Nevada,32019.0,775,16.0,13.0,,,,-0.0296
