,date,county,state,fips,cases,deaths,new_cases,emp_combined,emp_combined_inclow,revenue_all,spend_all
197908,2020-03-16,Carroll,New Hampshire,33003.0,1,0.0,0.0,,,,0.0253
197909,2020-03-17,Carroll,New Hampshire,33003.0,1,0.0,0.0,,,,-0.025
197910,2020-03-18,Carroll,New Hampshire,33003.0,4,0.0,3.0,,,,-0.038899999
197911,2020-03-19,Carroll,New Hampshire,33003.0,4,0.0,0.0,,,,-0.04410000099999999
197912,2020-03-20,Carroll,New Hampshire,33003.0,5,0.0,1.0,,,,-0.023600001000000002
197913,2020-03-21,Carroll,New Hampshire,33003.0,5,0.0,0.0,,,,-0.138
197914,2020-03-22,Carroll,New Hampshire,33003.0,6,0.0,1.0,,,,-0.13
197915,2020-03-23,Carroll,New Hampshire,33003.0,7,0.0,1.0,,,,-0.155
197916,2020-03-24,Carroll,New Hampshire,33003.0,7,0.0,0.0,,,,-0.237
197917,2020-03-25,Carroll,New Hampshire,33003.0,7,0.0,0.0,,,,-0.292
197918,2020-03-26,Carroll,New Hampshire,33003.0,7,0.0,0.0,,,,-0.21699999
197919,2020-03-27,Carroll,New Hampshire,33003.0,8,0.0,1.0,,,,-0.17800000000000002
197920,2020-03-28,Carroll,New Hampshire,33003.0,8,0.0,0.0,,,,-0.23600000000000002
197921,2020-03-29,Carroll,New Hampshire,33003.0,10,0.0,2.0,,,,-0.30399999
197922,2020-03-30,Carroll,New Hampshire,33003.0,10,0.0,0.0,,,,-0.264
197923,2020-03-31,Carroll,New Hampshire,33003.0,12,0.0,2.0,,,,-0.29800001
197924,2020-04-01,Carroll,New Hampshire,33003.0,14,0.0,2.0,,,,-0.032400001
197925,2020-04-02,Carroll,New Hampshire,33003.0,14,0.0,0.0,,,,-0.292
197926,2020-04-03,Carroll,New Hampshire,33003.0,17,0.0,3.0,,,,-0.32300001
197927,2020-04-04,Carroll,New Hampshire,33003.0,17,0.0,0.0,,,,-0.30599999
197928,2020-04-05,Carroll,New Hampshire,33003.0,19,0.0,2.0,,,,-0.28299999
197929,2020-04-06,Carroll,New Hampshire,33003.0,19,0.0,0.0,,,,-0.30599999
197930,2020-04-07,Carroll,New Hampshire,33003.0,19,0.0,0.0,,,,-0.37900001
197931,2020-04-08,Carroll,New Hampshire,33003.0,23,0.0,4.0,,,,-0.38699999
197932,2020-04-09,Carroll,New Hampshire,33003.0,27,0.0,4.0,,,,-0.336
197933,2020-04-10,Carroll,New Hampshire,33003.0,28,0.0,1.0,,,,-0.255
197934,2020-04-11,Carroll,New Hampshire,33003.0,28,0.0,0.0,,,,-0.20900001
197935,2020-04-12,Carroll,New Hampshire,33003.0,28,0.0,0.0,,,,-0.25799999
197936,2020-04-13,Carroll,New Hampshire,33003.0,30,0.0,2.0,,,,-0.28099999
197937,2020-04-14,Carroll,New Hampshire,33003.0,29,0.0,-1.0,,,,-0.22699999999999998
197938,2020-04-15,Carroll,New Hampshire,33003.0,29,0.0,0.0,,,,-0.10400000000000001
197939,2020-04-16,Carroll,New Hampshire,33003.0,29,0.0,0.0,,,,-0.094099998
197940,2020-04-17,Carroll,New Hampshire,33003.0,32,0.0,3.0,,,,-0.08640000199999999
197941,2020-04-18,Carroll,New Hampshire,33003.0,30,0.0,-2.0,,,,-0.125
197942,2020-04-19,Carroll,New Hampshire,33003.0,30,0.0,0.0,,,,-0.152
197943,2020-04-20,Carroll,New Hampshire,33003.0,30,0.0,0.0,,,,-0.095799997
197944,2020-04-21,Carroll,New Hampshire,33003.0,30,0.0,0.0,,,,-0.14399999
197945,2020-04-22,Carroll,New Hampshire,33003.0,30,0.0,0.0,,,,-0.198
197946,2020-04-23,Carroll,New Hampshire,33003.0,30,0.0,0.0,,,,-0.20200001
197947,2020-04-24,Carroll,New Hampshire,33003.0,30,0.0,0.0,,,,-0.368
197948,2020-04-25,Carroll,New Hampshire,33003.0,30,0.0,0.0,,,,-0.31999999
197949,2020-04-26,Carroll,New Hampshire,33003.0,30,0.0,0.0,,,,-0.23999999
197950,2020-04-27,Carroll,New Hampshire,33003.0,31,0.0,1.0,,,,-0.23100001
197951,2020-04-28,Carroll,New Hampshire,33003.0,31,0.0,0.0,,,,-0.271
197952,2020-04-29,Carroll,New Hampshire,33003.0,31,0.0,0.0,,,,-0.26100001
197953,2020-04-30,Carroll,New Hampshire,33003.0,31,0.0,0.0,,,,-0.182
197954,2020-05-01,Carroll,New Hampshire,33003.0,32,0.0,1.0,,,,-0.113
197955,2020-05-02,Carroll,New Hampshire,33003.0,32,0.0,0.0,,,,-0.11800000000000001
197956,2020-05-03,Carroll,New Hampshire,33003.0,32,0.0,0.0,,,,-0.138
197957,2020-05-04,Carroll,New Hampshire,33003.0,33,0.0,1.0,,,,-0.156
197958,2020-05-05,Carroll,New Hampshire,33003.0,34,0.0,1.0,,,,-0.14300001
197959,2020-05-06,Carroll,New Hampshire,33003.0,34,0.0,0.0,,,,-0.15099999
197960,2020-05-07,Carroll,New Hampshire,33003.0,35,0.0,1.0,,,,-0.115
197961,2020-05-08,Carroll,New Hampshire,33003.0,36,0.0,1.0,,,,-0.0162
197962,2020-05-09,Carroll,New Hampshire,33003.0,36,0.0,0.0,,,,-0.033799998
197963,2020-05-10,Carroll,New Hampshire,33003.0,37,0.0,1.0,,,,-0.053300001
197964,2020-05-11,Carroll,New Hampshire,33003.0,37,0.0,0.0,,,,-0.036499999
197965,2020-05-12,Carroll,New Hampshire,33003.0,37,0.0,0.0,,,,-0.058200002
197966,2020-05-13,Carroll,New Hampshire,33003.0,37,0.0,0.0,,,,-0.045899998
197967,2020-05-14,Carroll,New Hampshire,33003.0,39,0.0,2.0,,,,-0.046100002
197968,2020-05-15,Carroll,New Hampshire,33003.0,39,0.0,0.0,,,,-0.127
197969,2020-05-16,Carroll,New Hampshire,33003.0,41,0.0,2.0,,,,-0.13600001
197970,2020-05-17,Carroll,New Hampshire,33003.0,44,0.0,3.0,,,,-0.093699999
197971,2020-05-18,Carroll,New Hampshire,33003.0,44,0.0,0.0,,,,-0.069700003
197972,2020-05-19,Carroll,New Hampshire,33003.0,44,0.0,0.0,,,,-0.0691
197973,2020-05-20,Carroll,New Hampshire,33003.0,44,0.0,0.0,,,,-0.0144
197974,2020-05-21,Carroll,New Hampshire,33003.0,46,0.0,2.0,,,,-0.027000001000000003
197975,2020-05-22,Carroll,New Hampshire,33003.0,46,0.0,0.0,,,,-0.042399999
197976,2020-05-23,Carroll,New Hampshire,33003.0,46,0.0,0.0,,,,-0.026900001
197977,2020-05-24,Carroll,New Hampshire,33003.0,46,0.0,0.0,,,,-0.050700000999999995
197978,2020-05-25,Carroll,New Hampshire,33003.0,46,0.0,0.0,,,,-0.032499999
197979,2020-05-26,Carroll,New Hampshire,33003.0,46,0.0,0.0,,,,-0.044599999
197980,2020-05-27,Carroll,New Hampshire,33003.0,46,0.0,0.0,,,,0.1
197981,2020-05-28,Carroll,New Hampshire,33003.0,46,0.0,0.0,,,,0.0056799999
197982,2020-05-29,Carroll,New Hampshire,33003.0,46,0.0,0.0,,,,-0.064300001
197983,2020-05-30,Carroll,New Hampshire,33003.0,47,0.0,1.0,,,,-0.021
197984,2020-05-31,Carroll,New Hampshire,33003.0,47,0.0,0.0,,,,-0.0296
197985,2020-06-01,Carroll,New Hampshire,33003.0,48,0.0,1.0,,,,-0.059099998
197986,2020-06-02,Carroll,New Hampshire,33003.0,48,0.0,0.0,,,,-0.17200001
197987,2020-06-03,Carroll,New Hampshire,33003.0,48,0.0,0.0,,,,-0.037000000000000005
197988,2020-06-04,Carroll,New Hampshire,33003.0,48,0.0,0.0,,,,-0.039500002
197989,2020-06-05,Carroll,New Hampshire,33003.0,48,0.0,0.0,,,,-0.041999999
197990,2020-06-06,Carroll,New Hampshire,33003.0,48,0.0,0.0,,,,-0.09839999699999999
197991,2020-06-07,Carroll,New Hampshire,33003.0,48,0.0,0.0,,,,-0.046999998
197992,2020-06-08,Carroll,New Hampshire,33003.0,48,0.0,0.0,,,,-0.033500001
197993,2020-06-09,Carroll,New Hampshire,33003.0,49,0.0,1.0,,,,0.040800001
197994,2020-06-10,Carroll,New Hampshire,33003.0,49,0.0,0.0,,,,0.00337
197995,2020-06-11,Carroll,New Hampshire,33003.0,49,0.0,0.0,,,,0.041099999
197996,2020-06-12,Carroll,New Hampshire,33003.0,49,0.0,0.0,,,,0.121
197997,2020-06-13,Carroll,New Hampshire,33003.0,49,0.0,0.0,,,,0.093199998
197998,2020-06-14,Carroll,New Hampshire,33003.0,49,0.0,0.0,,,,0.0471
197999,2020-06-15,Carroll,New Hampshire,33003.0,49,0.0,0.0,,,,0.018300001
198000,2020-06-16,Carroll,New Hampshire,33003.0,49,0.0,0.0,,,,0.0054600001
198001,2020-06-17,Carroll,New Hampshire,33003.0,49,0.0,0.0,,,,0.048700001
198002,2020-06-18,Carroll,New Hampshire,33003.0,49,0.0,0.0,,,,0.0054799997999999996
198003,2020-06-19,Carroll,New Hampshire,33003.0,51,0.0,2.0,,,,-0.049600001
198004,2020-06-20,Carroll,New Hampshire,33003.0,51,0.0,0.0,,,,-0.04769999900000001
198005,2020-06-21,Carroll,New Hampshire,33003.0,52,0.0,1.0,,,,-0.094999999
198006,2020-06-22,Carroll,New Hampshire,33003.0,52,0.0,0.0,,,,-0.10300000000000001
198007,2020-06-23,Carroll,New Hampshire,33003.0,52,0.0,0.0,,,,-0.081500001
198008,2020-06-24,Carroll,New Hampshire,33003.0,52,0.0,0.0,,,,-0.10400000000000001
198009,2020-06-25,Carroll,New Hampshire,33003.0,53,0.0,1.0,,,,-0.081600003
198010,2020-06-26,Carroll,New Hampshire,33003.0,53,0.0,0.0,,,,-0.11199999999999999
198011,2020-06-27,Carroll,New Hampshire,33003.0,53,0.0,0.0,,,,-0.149
198012,2020-06-28,Carroll,New Hampshire,33003.0,54,0.0,1.0,,,,-0.057599999000000006
198013,2020-06-29,Carroll,New Hampshire,33003.0,54,0.0,0.0,,,,-0.078400001
198014,2020-06-30,Carroll,New Hampshire,33003.0,54,0.0,0.0,,,,-0.08070000299999999
198015,2020-07-01,Carroll,New Hampshire,33003.0,54,0.0,0.0,,,,-0.032099999
198016,2020-07-02,Carroll,New Hampshire,33003.0,61,0.0,7.0,,,,-0.102
198017,2020-07-03,Carroll,New Hampshire,33003.0,61,0.0,0.0,,,,-0.086199999
198018,2020-07-04,Carroll,New Hampshire,33003.0,61,0.0,0.0,,,,0.030400001
198019,2020-07-05,Carroll,New Hampshire,33003.0,60,0.0,-1.0,,,,-0.08519999699999999
198020,2020-07-06,Carroll,New Hampshire,33003.0,63,0.0,3.0,,,,-0.107
198021,2020-07-07,Carroll,New Hampshire,33003.0,64,0.0,1.0,,,,-0.063100003
198022,2020-07-08,Carroll,New Hampshire,33003.0,64,0.0,0.0,,,,-0.097099997
198023,2020-07-09,Carroll,New Hampshire,33003.0,65,0.0,1.0,,,,-0.0911
198024,2020-07-10,Carroll,New Hampshire,33003.0,66,0.0,1.0,,,,-0.055799997999999996
198025,2020-07-11,Carroll,New Hampshire,33003.0,66,0.0,0.0,,,,-0.0276
198026,2020-07-12,Carroll,New Hampshire,33003.0,67,0.0,1.0,,,,-0.066299997
198027,2020-07-13,Carroll,New Hampshire,33003.0,67,0.0,0.0,,,,0.0030100001
198028,2020-07-14,Carroll,New Hampshire,33003.0,68,0.0,1.0,,,,-0.080799997
198029,2020-07-15,Carroll,New Hampshire,33003.0,69,0.0,1.0,,,,-0.055300000999999994
198030,2020-07-16,Carroll,New Hampshire,33003.0,69,0.0,0.0,,,,-0.0298
198031,2020-07-17,Carroll,New Hampshire,33003.0,71,0.0,2.0,,,,-0.079599999
198032,2020-07-18,Carroll,New Hampshire,33003.0,71,0.0,0.0,,,,-0.113
198033,2020-07-19,Carroll,New Hampshire,33003.0,71,0.0,0.0,,,,-0.122
198034,2020-07-20,Carroll,New Hampshire,33003.0,71,0.0,0.0,,,,-0.069200002
198035,2020-07-21,Carroll,New Hampshire,33003.0,73,0.0,2.0,,,,-0.037700001000000004
198036,2020-07-22,Carroll,New Hampshire,33003.0,76,1.0,3.0,,,,-0.15000001
198037,2020-07-23,Carroll,New Hampshire,33003.0,77,1.0,1.0,,,,-0.17200001
198038,2020-07-24,Carroll,New Hampshire,33003.0,79,1.0,2.0,,,,-0.115
198039,2020-07-25,Carroll,New Hampshire,33003.0,79,1.0,0.0,,,,-0.084399998
198040,2020-07-26,Carroll,New Hampshire,33003.0,79,1.0,0.0,,,,-0.107
198041,2020-07-27,Carroll,New Hampshire,33003.0,81,1.0,2.0,,,,-0.13
198042,2020-07-28,Carroll,New Hampshire,33003.0,84,1.0,3.0,,,,-0.149
198043,2020-07-29,Carroll,New Hampshire,33003.0,84,1.0,0.0,,,,-0.124
198044,2020-07-30,Carroll,New Hampshire,33003.0,86,1.0,2.0,,,,-0.0209
198045,2020-07-31,Carroll,New Hampshire,33003.0,86,1.0,0.0,,,,-0.11900000000000001
198046,2020-08-01,Carroll,New Hampshire,33003.0,89,1.0,3.0,,,,-0.154
198047,2020-08-02,Carroll,New Hampshire,33003.0,89,1.0,0.0,,,,-0.147
198048,2020-08-03,Carroll,New Hampshire,33003.0,89,1.0,0.0,,,,-0.08209999700000001
198049,2020-08-04,Carroll,New Hampshire,33003.0,90,1.0,1.0,,,,-0.051899999
198050,2020-08-05,Carroll,New Hampshire,33003.0,91,1.0,1.0,,,,-0.14800000000000002
198051,2020-08-06,Carroll,New Hampshire,33003.0,93,1.0,2.0,,,,-0.16
198052,2020-08-07,Carroll,New Hampshire,33003.0,93,1.0,0.0,,,,-0.126
198053,2020-08-08,Carroll,New Hampshire,33003.0,93,1.0,0.0,,,,-0.09440000400000001
198054,2020-08-09,Carroll,New Hampshire,33003.0,94,1.0,1.0,,,,-0.049899999
198055,2020-08-10,Carroll,New Hampshire,33003.0,94,1.0,0.0,,,,-0.145
198056,2020-08-11,Carroll,New Hampshire,33003.0,94,1.0,0.0,,,,-0.213
198057,2020-08-12,Carroll,New Hampshire,33003.0,95,1.0,1.0,,,,-0.20800000000000002
198058,2020-08-13,Carroll,New Hampshire,33003.0,95,1.0,0.0,,,,-0.17
198059,2020-08-14,Carroll,New Hampshire,33003.0,95,1.0,0.0,,,,-0.134
198060,2020-08-15,Carroll,New Hampshire,33003.0,96,1.0,1.0,,,,-0.124
198061,2020-08-16,Carroll,New Hampshire,33003.0,96,1.0,0.0,,,,-0.14300001
198062,2020-08-17,Carroll,New Hampshire,33003.0,96,1.0,0.0,,,,-0.132
198063,2020-08-18,Carroll,New Hampshire,33003.0,98,1.0,2.0,,,,-0.14300001
198064,2020-08-19,Carroll,New Hampshire,33003.0,98,1.0,0.0,,,,-0.113
198065,2020-08-20,Carroll,New Hampshire,33003.0,98,1.0,0.0,,,,-0.082400002
198066,2020-08-21,Carroll,New Hampshire,33003.0,99,1.0,1.0,,,,-0.10800000000000001
198067,2020-08-22,Carroll,New Hampshire,33003.0,99,1.0,0.0,,,,-0.115
198068,2020-08-23,Carroll,New Hampshire,33003.0,99,1.0,0.0,,,,-0.107
198069,2020-08-24,Carroll,New Hampshire,33003.0,99,1.0,0.0,,,,-0.153
198070,2020-08-25,Carroll,New Hampshire,33003.0,100,1.0,1.0,,,,-0.13600001
198071,2020-08-26,Carroll,New Hampshire,33003.0,100,1.0,0.0,,,,-0.087700002
198072,2020-08-27,Carroll,New Hampshire,33003.0,104,1.0,4.0,,,,-0.102
198073,2020-08-28,Carroll,New Hampshire,33003.0,104,1.0,0.0,,,,-0.107
198074,2020-08-29,Carroll,New Hampshire,33003.0,104,1.0,0.0,,,,-0.077500001
198075,2020-08-30,Carroll,New Hampshire,33003.0,104,1.0,0.0,,,,-0.109
198076,2020-08-31,Carroll,New Hampshire,33003.0,105,1.0,1.0,,,,-0.115
198077,2020-09-01,Carroll,New Hampshire,33003.0,105,1.0,0.0,,,,-0.102
198078,2020-09-02,Carroll,New Hampshire,33003.0,105,1.0,0.0,,,,-0.115
198079,2020-09-03,Carroll,New Hampshire,33003.0,106,1.0,1.0,,,,-0.15800001
198080,2020-09-04,Carroll,New Hampshire,33003.0,107,1.0,1.0,,,,-0.17299999
198081,2020-09-05,Carroll,New Hampshire,33003.0,108,1.0,1.0,,,,-0.17800000000000002
198082,2020-09-06,Carroll,New Hampshire,33003.0,111,1.0,3.0,,,,-0.12
198083,2020-09-07,Carroll,New Hampshire,33003.0,111,1.0,0.0,,,,-0.13699999
198084,2020-09-08,Carroll,New Hampshire,33003.0,111,1.0,0.0,,,,-0.20200001
198085,2020-09-09,Carroll,New Hampshire,33003.0,112,1.0,1.0,,,,-0.21100000000000002
198086,2020-09-10,Carroll,New Hampshire,33003.0,112,1.0,0.0,,,,-0.10800000000000001
198087,2020-09-11,Carroll,New Hampshire,33003.0,114,1.0,2.0,,,,-0.09030000099999999
198088,2020-09-12,Carroll,New Hampshire,33003.0,116,1.0,2.0,,,,-0.14399999
198089,2020-09-13,Carroll,New Hampshire,33003.0,116,2.0,0.0,,,,-0.17800000000000002
198090,2020-09-14,Carroll,New Hampshire,33003.0,116,2.0,0.0,,,,-0.12300000000000001
198091,2020-09-15,Carroll,New Hampshire,33003.0,117,2.0,1.0,,,,-0.058200002
198092,2020-09-16,Carroll,New Hampshire,33003.0,118,2.0,1.0,,,,-0.11900000000000001
198093,2020-09-17,Carroll,New Hampshire,33003.0,118,2.0,0.0,,,,-0.23
198094,2020-09-18,Carroll,New Hampshire,33003.0,119,2.0,1.0,,,,-0.16599999
198095,2020-09-19,Carroll,New Hampshire,33003.0,119,2.0,0.0,,,,-0.115
198096,2020-09-20,Carroll,New Hampshire,33003.0,119,2.0,0.0,,,,-0.0403
198097,2020-09-21,Carroll,New Hampshire,33003.0,119,2.0,0.0,,,,-0.0264
198098,2020-09-22,Carroll,New Hampshire,33003.0,120,2.0,1.0,,,,-0.057300000999999996
198099,2020-09-23,Carroll,New Hampshire,33003.0,122,2.0,2.0,,,,-0.021600001
198100,2020-09-24,Carroll,New Hampshire,33003.0,122,2.0,0.0,,,,0.0095300004
198101,2020-09-25,Carroll,New Hampshire,33003.0,123,2.0,1.0,,,,0.0221
198102,2020-09-26,Carroll,New Hampshire,33003.0,123,2.0,0.0,,,,0.032400001
198103,2020-09-27,Carroll,New Hampshire,33003.0,123,2.0,0.0,,,,0.0186
198104,2020-09-28,Carroll,New Hampshire,33003.0,124,2.0,1.0,,,,-0.0252
198105,2020-09-29,Carroll,New Hampshire,33003.0,123,2.0,-1.0,,,,-0.023800001
198106,2020-09-30,Carroll,New Hampshire,33003.0,123,2.0,0.0,,,,-0.0288
198107,2020-10-01,Carroll,New Hampshire,33003.0,124,2.0,1.0,,,,-0.093000002
198108,2020-10-02,Carroll,New Hampshire,33003.0,127,2.0,3.0,,,,-0.132
198109,2020-10-03,Carroll,New Hampshire,33003.0,126,2.0,-1.0,,,,-0.14300001
198110,2020-10-04,Carroll,New Hampshire,33003.0,126,2.0,0.0,,,,-0.146
198111,2020-10-05,Carroll,New Hampshire,33003.0,127,2.0,1.0,,,,-0.125
198112,2020-10-06,Carroll,New Hampshire,33003.0,127,2.0,0.0,,,,-0.11699999999999999
198113,2020-10-07,Carroll,New Hampshire,33003.0,130,2.0,3.0,,,,-0.14
198114,2020-10-08,Carroll,New Hampshire,33003.0,130,2.0,0.0,,,,-0.11699999999999999
198115,2020-10-09,Carroll,New Hampshire,33003.0,133,2.0,3.0,,,,-0.11199999999999999
198116,2020-10-10,Carroll,New Hampshire,33003.0,133,2.0,0.0,,,,-0.134
198117,2020-10-11,Carroll,New Hampshire,33003.0,133,2.0,0.0,,,,-0.15000001
198118,2020-10-12,Carroll,New Hampshire,33003.0,132,2.0,-1.0,,,,-0.082199998
198119,2020-10-13,Carroll,New Hampshire,33003.0,133,2.0,1.0,,,,-0.09560000199999999
198120,2020-10-14,Carroll,New Hampshire,33003.0,133,2.0,0.0,,,,-0.10800000000000001
198121,2020-10-15,Carroll,New Hampshire,33003.0,134,2.0,1.0,,,,-0.13500001
198122,2020-10-16,Carroll,New Hampshire,33003.0,134,2.0,0.0,,,,-0.182
198123,2020-10-17,Carroll,New Hampshire,33003.0,135,2.0,1.0,,,,-0.14
198124,2020-10-18,Carroll,New Hampshire,33003.0,135,2.0,0.0,,,,-0.086000003
198125,2020-10-19,Carroll,New Hampshire,33003.0,135,2.0,0.0,,,,-0.122
198126,2020-10-20,Carroll,New Hampshire,33003.0,136,2.0,1.0,,,,-0.14800000000000002
198127,2020-10-21,Carroll,New Hampshire,33003.0,137,2.0,1.0,,,,-0.142
198128,2020-10-22,Carroll,New Hampshire,33003.0,137,2.0,0.0,,,,-0.126
198129,2020-10-23,Carroll,New Hampshire,33003.0,138,2.0,1.0,,,,-0.0656
198130,2020-10-24,Carroll,New Hampshire,33003.0,140,2.0,2.0,,,,-0.07150000299999999
198131,2020-10-25,Carroll,New Hampshire,33003.0,142,2.0,2.0,,,,-0.095299996
198132,2020-10-26,Carroll,New Hampshire,33003.0,146,2.0,4.0,,,,-0.071699999
198133,2020-10-27,Carroll,New Hampshire,33003.0,148,2.0,2.0,,,,-0.125
198134,2020-10-28,Carroll,New Hampshire,33003.0,151,2.0,3.0,,,,-0.134
198135,2020-10-29,Carroll,New Hampshire,33003.0,152,2.0,1.0,,,,-0.09749999599999999
198136,2020-10-30,Carroll,New Hampshire,33003.0,156,2.0,4.0,,,,-0.106
198137,2020-10-31,Carroll,New Hampshire,33003.0,158,2.0,2.0,,,,-0.081600003
198138,2020-11-01,Carroll,New Hampshire,33003.0,161,2.0,3.0,,,,-0.0801
198139,2020-11-02,Carroll,New Hampshire,33003.0,162,2.0,1.0,,,,-0.075900003
198140,2020-11-03,Carroll,New Hampshire,33003.0,163,2.0,1.0,,,,-0.0539
198141,2020-11-04,Carroll,New Hampshire,33003.0,166,2.0,3.0,,,,-0.049899999
198142,2020-11-05,Carroll,New Hampshire,33003.0,174,2.0,8.0,,,,-0.056899998
198143,2020-11-06,Carroll,New Hampshire,33003.0,178,2.0,4.0,,,,-0.060699999000000004
198144,2020-11-07,Carroll,New Hampshire,33003.0,180,2.0,2.0,,,,-0.077500001
198145,2020-11-08,Carroll,New Hampshire,33003.0,184,2.0,4.0,,,,-0.041700002
198146,2020-11-09,Carroll,New Hampshire,33003.0,195,2.0,11.0,,,,-0.075999998
198147,2020-11-10,Carroll,New Hampshire,33003.0,198,2.0,3.0,,,,-0.113
198148,2020-11-11,Carroll,New Hampshire,33003.0,202,2.0,4.0,,,,-0.090700001
198149,2020-11-12,Carroll,New Hampshire,33003.0,215,2.0,13.0,,,,-0.115
198150,2020-11-13,Carroll,New Hampshire,33003.0,225,2.0,10.0,,,,-0.106
198151,2020-11-14,Carroll,New Hampshire,33003.0,226,2.0,1.0,,,,-0.074199997
198152,2020-11-15,Carroll,New Hampshire,33003.0,232,2.0,6.0,,,,-0.10099999999999999
198153,2020-11-16,Carroll,New Hampshire,33003.0,241,2.0,9.0,,,,-0.090400003
198154,2020-11-17,Carroll,New Hampshire,33003.0,251,2.0,10.0,,,,-0.0568
198155,2020-11-18,Carroll,New Hampshire,33003.0,256,2.0,5.0,,,,-0.033599999
198156,2020-11-19,Carroll,New Hampshire,33003.0,263,2.0,7.0,,,,-0.015900001
198157,2020-11-20,Carroll,New Hampshire,33003.0,287,2.0,24.0,,,,0.0090899998
198158,2020-11-21,Carroll,New Hampshire,33003.0,293,2.0,6.0,,,,-0.020400001
198159,2020-11-22,Carroll,New Hampshire,33003.0,301,2.0,8.0,,,,-0.0262
