,date,county,state,fips,cases,deaths,new_cases,emp_combined,emp_combined_inclow,revenue_all,spend_all
251977,2020-04-01,Grant,New Mexico,35017.0,1,0.0,0.0,,,,-0.151
251978,2020-04-02,Grant,New Mexico,35017.0,1,0.0,0.0,,,,-0.0584
251979,2020-04-03,Grant,New Mexico,35017.0,1,0.0,0.0,,,,-0.0714
251980,2020-04-04,Grant,New Mexico,35017.0,1,0.0,0.0,,,,-0.0824
251981,2020-04-05,Grant,New Mexico,35017.0,1,0.0,0.0,,,,-0.0629
251982,2020-04-06,Grant,New Mexico,35017.0,3,0.0,2.0,,,,-0.0516
251983,2020-04-07,Grant,New Mexico,35017.0,4,0.0,1.0,,,,-0.133
251984,2020-04-08,Grant,New Mexico,35017.0,4,0.0,0.0,,,,-0.245
251985,2020-04-09,Grant,New Mexico,35017.0,4,0.0,0.0,,,,-0.291
251986,2020-04-10,Grant,New Mexico,35017.0,7,0.0,3.0,,,,-0.383
251987,2020-04-11,Grant,New Mexico,35017.0,8,0.0,1.0,,,,-0.378
251988,2020-04-12,Grant,New Mexico,35017.0,9,0.0,1.0,,,,-0.487
251989,2020-04-13,Grant,New Mexico,35017.0,10,0.0,1.0,,,,-0.483
251990,2020-04-14,Grant,New Mexico,35017.0,10,0.0,0.0,,,,-0.472
251991,2020-04-15,Grant,New Mexico,35017.0,11,0.0,1.0,,,,-0.467
251992,2020-04-16,Grant,New Mexico,35017.0,12,0.0,1.0,,,,-0.429
251993,2020-04-17,Grant,New Mexico,35017.0,13,0.0,1.0,,,,-0.34
251994,2020-04-18,Grant,New Mexico,35017.0,13,0.0,0.0,,,,-0.318
251995,2020-04-19,Grant,New Mexico,35017.0,13,0.0,0.0,,,,-0.218
251996,2020-04-20,Grant,New Mexico,35017.0,14,0.0,1.0,,,,-0.224
251997,2020-04-21,Grant,New Mexico,35017.0,14,0.0,0.0,,,,-0.16
251998,2020-04-22,Grant,New Mexico,35017.0,14,0.0,0.0,,,,-0.138
251999,2020-04-23,Grant,New Mexico,35017.0,14,0.0,0.0,,,,-0.0972
252000,2020-04-24,Grant,New Mexico,35017.0,14,0.0,0.0,,,,-0.119
252001,2020-04-25,Grant,New Mexico,35017.0,14,0.0,0.0,,,,-0.122
252002,2020-04-26,Grant,New Mexico,35017.0,14,0.0,0.0,,,,-0.164
252003,2020-04-27,Grant,New Mexico,35017.0,14,0.0,0.0,,,,-0.128
252004,2020-04-28,Grant,New Mexico,35017.0,14,0.0,0.0,,,,-0.177
252005,2020-04-29,Grant,New Mexico,35017.0,14,0.0,0.0,,,,-0.135
252006,2020-04-30,Grant,New Mexico,35017.0,14,0.0,0.0,,,,-0.159
252007,2020-05-01,Grant,New Mexico,35017.0,14,0.0,0.0,,,,-0.0812
252008,2020-05-02,Grant,New Mexico,35017.0,15,0.0,1.0,,,,-0.0846
252009,2020-05-03,Grant,New Mexico,35017.0,16,0.0,1.0,,,,-0.0634
252010,2020-05-04,Grant,New Mexico,35017.0,15,0.0,-1.0,,,,-0.0995
252011,2020-05-05,Grant,New Mexico,35017.0,15,0.0,0.0,,,,-0.145
252012,2020-05-06,Grant,New Mexico,35017.0,15,0.0,0.0,,,,-0.127
252013,2020-05-07,Grant,New Mexico,35017.0,15,0.0,0.0,,,,-0.162
252014,2020-05-08,Grant,New Mexico,35017.0,15,0.0,0.0,,,,-0.222
252015,2020-05-09,Grant,New Mexico,35017.0,15,0.0,0.0,,,,-0.207
252016,2020-05-10,Grant,New Mexico,35017.0,15,0.0,0.0,,,,-0.224
252017,2020-05-11,Grant,New Mexico,35017.0,15,0.0,0.0,,,,-0.211
252018,2020-05-12,Grant,New Mexico,35017.0,15,0.0,0.0,,,,-0.209
252019,2020-05-13,Grant,New Mexico,35017.0,15,0.0,0.0,,,,-0.256
252020,2020-05-14,Grant,New Mexico,35017.0,16,0.0,1.0,,,,-0.232
252021,2020-05-15,Grant,New Mexico,35017.0,16,0.0,0.0,,,,-0.247
252022,2020-05-16,Grant,New Mexico,35017.0,16,0.0,0.0,,,,-0.325
252023,2020-05-17,Grant,New Mexico,35017.0,16,0.0,0.0,,,,-0.306
252024,2020-05-18,Grant,New Mexico,35017.0,16,0.0,0.0,,,,-0.335
252025,2020-05-19,Grant,New Mexico,35017.0,16,0.0,0.0,,,,-0.326
252026,2020-05-20,Grant,New Mexico,35017.0,16,0.0,0.0,,,,-0.288
252027,2020-05-21,Grant,New Mexico,35017.0,16,0.0,0.0,,,,-0.261
252028,2020-05-22,Grant,New Mexico,35017.0,16,0.0,0.0,,,,-0.239
252029,2020-05-23,Grant,New Mexico,35017.0,16,0.0,0.0,,,,-0.175
252030,2020-05-24,Grant,New Mexico,35017.0,16,0.0,0.0,,,,-0.173
252031,2020-05-25,Grant,New Mexico,35017.0,16,0.0,0.0,,,,-0.0929
252032,2020-05-26,Grant,New Mexico,35017.0,15,0.0,-1.0,,,,-0.154
252033,2020-05-27,Grant,New Mexico,35017.0,15,0.0,0.0,,,,-0.131
252034,2020-05-28,Grant,New Mexico,35017.0,15,0.0,0.0,,,,-0.184
252035,2020-05-29,Grant,New Mexico,35017.0,15,0.0,0.0,,,,-0.2
252036,2020-05-30,Grant,New Mexico,35017.0,15,0.0,0.0,,,,-0.173
252037,2020-05-31,Grant,New Mexico,35017.0,15,0.0,0.0,,,,-0.163
252038,2020-06-01,Grant,New Mexico,35017.0,15,0.0,0.0,,,,-0.177
252039,2020-06-02,Grant,New Mexico,35017.0,15,0.0,0.0,,,,-0.157
252040,2020-06-03,Grant,New Mexico,35017.0,15,0.0,0.0,,,,-0.228
252041,2020-06-04,Grant,New Mexico,35017.0,15,0.0,0.0,,,,-0.206
252042,2020-06-05,Grant,New Mexico,35017.0,15,0.0,0.0,,,,-0.226
252043,2020-06-06,Grant,New Mexico,35017.0,15,0.0,0.0,,,,-0.233
252044,2020-06-07,Grant,New Mexico,35017.0,15,0.0,0.0,,,,-0.213
252045,2020-06-08,Grant,New Mexico,35017.0,15,0.0,0.0,,,,-0.189
252046,2020-06-09,Grant,New Mexico,35017.0,15,0.0,0.0,,,,-0.167
252047,2020-06-10,Grant,New Mexico,35017.0,15,0.0,0.0,,,,-0.0917
252048,2020-06-11,Grant,New Mexico,35017.0,16,0.0,1.0,,,,-0.126
252049,2020-06-12,Grant,New Mexico,35017.0,17,0.0,1.0,,,,-0.0697
252050,2020-06-13,Grant,New Mexico,35017.0,16,0.0,-1.0,,,,-0.0652
252051,2020-06-14,Grant,New Mexico,35017.0,16,0.0,0.0,,,,-0.128
252052,2020-06-15,Grant,New Mexico,35017.0,16,0.0,0.0,,,,-0.0659
252053,2020-06-16,Grant,New Mexico,35017.0,16,0.0,0.0,,,,-0.0851
252054,2020-06-17,Grant,New Mexico,35017.0,16,0.0,0.0,,,,-0.151
252055,2020-06-18,Grant,New Mexico,35017.0,16,0.0,0.0,,,,-0.0937
252056,2020-06-19,Grant,New Mexico,35017.0,16,0.0,0.0,,,,-0.112
252057,2020-06-20,Grant,New Mexico,35017.0,16,0.0,0.0,,,,-0.108
252058,2020-06-21,Grant,New Mexico,35017.0,17,0.0,1.0,,,,-0.045
252059,2020-06-22,Grant,New Mexico,35017.0,17,0.0,0.0,,,,-0.139
252060,2020-06-23,Grant,New Mexico,35017.0,17,0.0,0.0,,,,-0.139
252061,2020-06-24,Grant,New Mexico,35017.0,17,0.0,0.0,,,,-0.0347
252062,2020-06-25,Grant,New Mexico,35017.0,17,0.0,0.0,,,,-0.0933
252063,2020-06-26,Grant,New Mexico,35017.0,17,0.0,0.0,,,,-0.0849
252064,2020-06-27,Grant,New Mexico,35017.0,18,0.0,1.0,,,,-0.106
252065,2020-06-28,Grant,New Mexico,35017.0,18,0.0,0.0,,,,-0.147
252066,2020-06-29,Grant,New Mexico,35017.0,18,0.0,0.0,,,,-0.165
252067,2020-06-30,Grant,New Mexico,35017.0,18,0.0,0.0,,,,-0.194
252068,2020-07-01,Grant,New Mexico,35017.0,19,0.0,1.0,,,,-0.263
252069,2020-07-02,Grant,New Mexico,35017.0,20,0.0,1.0,,,,-0.24
252070,2020-07-03,Grant,New Mexico,35017.0,21,0.0,1.0,,,,-0.266
252071,2020-07-04,Grant,New Mexico,35017.0,22,0.0,1.0,,,,-0.205
252072,2020-07-05,Grant,New Mexico,35017.0,24,0.0,2.0,,,,-0.17
252073,2020-07-06,Grant,New Mexico,35017.0,24,0.0,0.0,,,,-0.169
252074,2020-07-07,Grant,New Mexico,35017.0,24,0.0,0.0,,,,-0.103
252075,2020-07-08,Grant,New Mexico,35017.0,27,0.0,3.0,,,,-0.0525
252076,2020-07-09,Grant,New Mexico,35017.0,29,0.0,2.0,,,,-0.095
252077,2020-07-10,Grant,New Mexico,35017.0,30,0.0,1.0,,,,-0.101
252078,2020-07-11,Grant,New Mexico,35017.0,32,0.0,2.0,,,,-0.157
252079,2020-07-12,Grant,New Mexico,35017.0,33,0.0,1.0,,,,-0.124
252080,2020-07-13,Grant,New Mexico,35017.0,35,0.0,2.0,,,,-0.0943
252081,2020-07-14,Grant,New Mexico,35017.0,41,0.0,6.0,,,,-0.157
252082,2020-07-15,Grant,New Mexico,35017.0,44,0.0,3.0,,,,-0.143
252083,2020-07-16,Grant,New Mexico,35017.0,46,0.0,2.0,,,,-0.105
252084,2020-07-17,Grant,New Mexico,35017.0,47,0.0,1.0,,,,-0.113
252085,2020-07-18,Grant,New Mexico,35017.0,47,0.0,0.0,,,,-0.074
252086,2020-07-19,Grant,New Mexico,35017.0,49,0.0,2.0,,,,-0.097
252087,2020-07-20,Grant,New Mexico,35017.0,53,0.0,4.0,,,,-0.138
252088,2020-07-21,Grant,New Mexico,35017.0,55,1.0,2.0,,,,-0.127
252089,2020-07-22,Grant,New Mexico,35017.0,59,1.0,4.0,,,,-0.154
252090,2020-07-23,Grant,New Mexico,35017.0,63,1.0,4.0,,,,-0.137
252091,2020-07-24,Grant,New Mexico,35017.0,64,1.0,1.0,,,,-0.153
252092,2020-07-25,Grant,New Mexico,35017.0,63,1.0,-1.0,,,,-0.144
252093,2020-07-26,Grant,New Mexico,35017.0,63,1.0,0.0,,,,-0.166
252094,2020-07-27,Grant,New Mexico,35017.0,63,1.0,0.0,,,,-0.18
252095,2020-07-28,Grant,New Mexico,35017.0,65,2.0,2.0,,,,-0.205
252096,2020-07-29,Grant,New Mexico,35017.0,65,2.0,0.0,,,,-0.202
252097,2020-07-30,Grant,New Mexico,35017.0,66,2.0,1.0,,,,-0.26
252098,2020-07-31,Grant,New Mexico,35017.0,66,2.0,0.0,,,,-0.232
252099,2020-08-01,Grant,New Mexico,35017.0,67,2.0,1.0,,,,-0.233
252100,2020-08-02,Grant,New Mexico,35017.0,67,2.0,0.0,,,,-0.199
252101,2020-08-03,Grant,New Mexico,35017.0,68,2.0,1.0,,,,-0.209
252102,2020-08-04,Grant,New Mexico,35017.0,68,2.0,0.0,,,,-0.197
252103,2020-08-05,Grant,New Mexico,35017.0,70,2.0,2.0,,,,-0.179
252104,2020-08-06,Grant,New Mexico,35017.0,71,2.0,1.0,,,,-0.115
252105,2020-08-07,Grant,New Mexico,35017.0,71,2.0,0.0,,,,-0.112
252106,2020-08-08,Grant,New Mexico,35017.0,71,2.0,0.0,,,,-0.0977
252107,2020-08-09,Grant,New Mexico,35017.0,71,2.0,0.0,,,,-0.13
252108,2020-08-10,Grant,New Mexico,35017.0,71,2.0,0.0,,,,-0.103
252109,2020-08-11,Grant,New Mexico,35017.0,71,2.0,0.0,,,,-0.0356
252110,2020-08-12,Grant,New Mexico,35017.0,71,2.0,0.0,,,,-0.0785
252111,2020-08-13,Grant,New Mexico,35017.0,72,2.0,1.0,,,,-0.113
252112,2020-08-14,Grant,New Mexico,35017.0,72,2.0,0.0,,,,-0.123
252113,2020-08-15,Grant,New Mexico,35017.0,72,2.0,0.0,,,,-0.173
252114,2020-08-16,Grant,New Mexico,35017.0,72,2.0,0.0,,,,-0.159
252115,2020-08-17,Grant,New Mexico,35017.0,72,2.0,0.0,,,,-0.149
252116,2020-08-18,Grant,New Mexico,35017.0,72,2.0,0.0,,,,-0.177
252117,2020-08-19,Grant,New Mexico,35017.0,72,2.0,0.0,,,,-0.096
252118,2020-08-20,Grant,New Mexico,35017.0,75,2.0,3.0,,,,-0.0392
252119,2020-08-21,Grant,New Mexico,35017.0,76,2.0,1.0,,,,-0.0621
252120,2020-08-22,Grant,New Mexico,35017.0,74,2.0,-2.0,,,,-0.0404
252121,2020-08-23,Grant,New Mexico,35017.0,76,2.0,2.0,,,,-0.0605
252122,2020-08-24,Grant,New Mexico,35017.0,76,2.0,0.0,,,,-0.0442
252123,2020-08-25,Grant,New Mexico,35017.0,76,2.0,0.0,,,,-0.0657
252124,2020-08-26,Grant,New Mexico,35017.0,76,2.0,0.0,,,,-0.104
252125,2020-08-27,Grant,New Mexico,35017.0,78,2.0,2.0,,,,-0.134
252126,2020-08-28,Grant,New Mexico,35017.0,79,2.0,1.0,,,,-0.13
252127,2020-08-29,Grant,New Mexico,35017.0,79,2.0,0.0,,,,-0.0735
252128,2020-08-30,Grant,New Mexico,35017.0,79,2.0,0.0,,,,-0.0575
252129,2020-08-31,Grant,New Mexico,35017.0,82,2.0,3.0,,,,-0.0802
252130,2020-09-01,Grant,New Mexico,35017.0,83,2.0,1.0,,,,-0.134
252131,2020-09-02,Grant,New Mexico,35017.0,84,2.0,1.0,,,,-0.0954
252132,2020-09-03,Grant,New Mexico,35017.0,84,2.0,0.0,,,,-0.0927
252133,2020-09-04,Grant,New Mexico,35017.0,84,2.0,0.0,,,,-0.153
252134,2020-09-05,Grant,New Mexico,35017.0,87,2.0,3.0,,,,-0.173
252135,2020-09-06,Grant,New Mexico,35017.0,87,2.0,0.0,,,,-0.0161
252136,2020-09-07,Grant,New Mexico,35017.0,88,2.0,1.0,,,,-0.0244
252137,2020-09-08,Grant,New Mexico,35017.0,89,2.0,1.0,,,,-0.071
252138,2020-09-09,Grant,New Mexico,35017.0,90,2.0,1.0,,,,-0.276
252139,2020-09-10,Grant,New Mexico,35017.0,97,2.0,7.0,,,,-0.195
252140,2020-09-11,Grant,New Mexico,35017.0,98,2.0,1.0,,,,-0.18
252141,2020-09-12,Grant,New Mexico,35017.0,98,2.0,0.0,,,,-0.185
252142,2020-09-13,Grant,New Mexico,35017.0,99,2.0,1.0,,,,-0.208
252143,2020-09-14,Grant,New Mexico,35017.0,99,2.0,0.0,,,,-0.168
252144,2020-09-15,Grant,New Mexico,35017.0,99,2.0,0.0,,,,-0.073
252145,2020-09-16,Grant,New Mexico,35017.0,99,2.0,0.0,,,,-0.0475
252146,2020-09-17,Grant,New Mexico,35017.0,100,2.0,1.0,,,,0.0158
252147,2020-09-18,Grant,New Mexico,35017.0,109,2.0,9.0,,,,-0.04
252148,2020-09-19,Grant,New Mexico,35017.0,109,2.0,0.0,,,,0.00102
252149,2020-09-20,Grant,New Mexico,35017.0,108,2.0,-1.0,,,,0.0763
252150,2020-09-21,Grant,New Mexico,35017.0,108,2.0,0.0,,,,0.0473
252151,2020-09-22,Grant,New Mexico,35017.0,110,2.0,2.0,,,,-0.102
252152,2020-09-23,Grant,New Mexico,35017.0,112,2.0,2.0,,,,-0.0538
252153,2020-09-24,Grant,New Mexico,35017.0,119,2.0,7.0,,,,-0.0315
252154,2020-09-25,Grant,New Mexico,35017.0,120,2.0,1.0,,,,-0.0316
252155,2020-09-26,Grant,New Mexico,35017.0,120,2.0,0.0,,,,-0.11
252156,2020-09-27,Grant,New Mexico,35017.0,120,2.0,0.0,,,,-0.126
252157,2020-09-28,Grant,New Mexico,35017.0,124,2.0,4.0,,,,-0.0881
252158,2020-09-29,Grant,New Mexico,35017.0,124,2.0,0.0,,,,-0.0593
252159,2020-09-30,Grant,New Mexico,35017.0,124,2.0,0.0,,,,-0.0873
252160,2020-10-01,Grant,New Mexico,35017.0,128,2.0,4.0,,,,-0.0367
252161,2020-10-02,Grant,New Mexico,35017.0,129,2.0,1.0,,,,-0.069
252162,2020-10-03,Grant,New Mexico,35017.0,130,2.0,1.0,,,,-0.0492
252163,2020-10-04,Grant,New Mexico,35017.0,131,2.0,1.0,,,,-0.0248
252164,2020-10-05,Grant,New Mexico,35017.0,131,2.0,0.0,,,,0.0162
252165,2020-10-06,Grant,New Mexico,35017.0,132,2.0,1.0,,,,0.0579
252166,2020-10-07,Grant,New Mexico,35017.0,134,2.0,2.0,,,,0.0345
252167,2020-10-08,Grant,New Mexico,35017.0,136,2.0,2.0,,,,-0.0438
252168,2020-10-09,Grant,New Mexico,35017.0,140,2.0,4.0,,,,0.0466
252169,2020-10-10,Grant,New Mexico,35017.0,143,2.0,3.0,,,,0.0435
252170,2020-10-11,Grant,New Mexico,35017.0,146,2.0,3.0,,,,0.0442
252171,2020-10-12,Grant,New Mexico,35017.0,146,2.0,0.0,,,,-0.00207
252172,2020-10-13,Grant,New Mexico,35017.0,147,2.0,1.0,,,,-0.00127
252173,2020-10-14,Grant,New Mexico,35017.0,151,2.0,4.0,,,,0.0464
252174,2020-10-15,Grant,New Mexico,35017.0,156,2.0,5.0,,,,0.0855
252175,2020-10-16,Grant,New Mexico,35017.0,159,2.0,3.0,,,,0.122
252176,2020-10-17,Grant,New Mexico,35017.0,161,2.0,2.0,,,,0.12
252177,2020-10-18,Grant,New Mexico,35017.0,164,2.0,3.0,,,,0.117
252178,2020-10-19,Grant,New Mexico,35017.0,168,2.0,4.0,,,,0.0836
252179,2020-10-20,Grant,New Mexico,35017.0,169,2.0,1.0,,,,0.0975
252180,2020-10-21,Grant,New Mexico,35017.0,171,3.0,2.0,,,,0.163
252181,2020-10-22,Grant,New Mexico,35017.0,172,3.0,1.0,,,,0.0955
252182,2020-10-23,Grant,New Mexico,35017.0,178,3.0,6.0,,,,0.0482
252183,2020-10-24,Grant,New Mexico,35017.0,183,3.0,5.0,,,,0.0928
252184,2020-10-25,Grant,New Mexico,35017.0,184,3.0,1.0,,,,0.0798
252185,2020-10-26,Grant,New Mexico,35017.0,186,3.0,2.0,,,,0.106
252186,2020-10-27,Grant,New Mexico,35017.0,187,3.0,1.0,,,,0.0954
252187,2020-10-28,Grant,New Mexico,35017.0,187,3.0,0.0,,,,-0.0164
252188,2020-10-29,Grant,New Mexico,35017.0,191,4.0,4.0,,,,-0.0599
252189,2020-10-30,Grant,New Mexico,35017.0,194,4.0,3.0,,,,-0.12
252190,2020-10-31,Grant,New Mexico,35017.0,197,4.0,3.0,,,,-0.149
252191,2020-11-01,Grant,New Mexico,35017.0,206,4.0,9.0,,,,-0.166
252192,2020-11-02,Grant,New Mexico,35017.0,209,4.0,3.0,,,,-0.182
252193,2020-11-03,Grant,New Mexico,35017.0,215,4.0,6.0,,,,-0.183
252194,2020-11-04,Grant,New Mexico,35017.0,220,4.0,5.0,,,,-0.173
252195,2020-11-05,Grant,New Mexico,35017.0,223,4.0,3.0,,,,-0.16
252196,2020-11-06,Grant,New Mexico,35017.0,227,4.0,4.0,,,,-0.115
252197,2020-11-07,Grant,New Mexico,35017.0,232,4.0,5.0,,,,-0.0885
252198,2020-11-08,Grant,New Mexico,35017.0,238,4.0,6.0,,,,-0.0892
252199,2020-11-09,Grant,New Mexico,35017.0,247,5.0,9.0,,,,-0.121
252200,2020-11-10,Grant,New Mexico,35017.0,252,5.0,5.0,,,,-0.0923
252201,2020-11-11,Grant,New Mexico,35017.0,254,5.0,2.0,,,,-0.0314
252202,2020-11-12,Grant,New Mexico,35017.0,271,5.0,17.0,,,,-0.00634
252203,2020-11-13,Grant,New Mexico,35017.0,279,5.0,8.0,,,,0.0412
252204,2020-11-14,Grant,New Mexico,35017.0,286,6.0,7.0,,,,0.0659
252205,2020-11-15,Grant,New Mexico,35017.0,292,6.0,6.0,,,,0.14
252206,2020-11-16,Grant,New Mexico,35017.0,304,6.0,12.0,,,,0.152
252207,2020-11-17,Grant,New Mexico,35017.0,329,6.0,25.0,,,,0.186
252208,2020-11-18,Grant,New Mexico,35017.0,348,6.0,19.0,,,,0.213
252209,2020-11-19,Grant,New Mexico,35017.0,366,6.0,18.0,,,,0.165
252210,2020-11-20,Grant,New Mexico,35017.0,397,6.0,31.0,,,,0.15
252211,2020-11-21,Grant,New Mexico,35017.0,414,6.0,17.0,,,,0.182
252212,2020-11-22,Grant,New Mexico,35017.0,434,6.0,20.0,,,,0.137
252213,2020-11-23,Grant,New Mexico,35017.0,440,6.0,6.0,,,,0.132
252214,2020-11-24,Grant,New Mexico,35017.0,441,6.0,1.0,,,,0.102
252215,2020-11-25,Grant,New Mexico,35017.0,447,6.0,6.0,,,,0.0274
252216,2020-11-26,Grant,New Mexico,35017.0,460,6.0,13.0,,,,-0.0527
252217,2020-11-27,Grant,New Mexico,35017.0,464,6.0,4.0,,,,-0.0993
252218,2020-11-28,Grant,New Mexico,35017.0,484,6.0,20.0,,,,-0.132
252219,2020-11-29,Grant,New Mexico,35017.0,499,6.0,15.0,,,,-0.119
252220,2020-11-30,Grant,New Mexico,35017.0,509,6.0,10.0,,,,-0.202
252221,2020-12-01,Grant,New Mexico,35017.0,513,7.0,4.0,,,,-0.121
252222,2020-12-02,Grant,New Mexico,35017.0,523,7.0,10.0,,,,-0.0488
252223,2020-12-03,Grant,New Mexico,35017.0,534,7.0,11.0,,,,-0.0214
252224,2020-12-04,Grant,New Mexico,35017.0,540,7.0,6.0,,,,-0.117
252225,2020-12-05,Grant,New Mexico,35017.0,551,7.0,11.0,,,,-0.174
252226,2020-12-06,Grant,New Mexico,35017.0,554,7.0,3.0,,,,-0.124
252227,2020-12-07,Grant,New Mexico,35017.0,569,7.0,15.0,,,,-0.186
252228,2020-12-08,Grant,New Mexico,35017.0,580,7.0,11.0,,,,-0.19
252229,2020-12-09,Grant,New Mexico,35017.0,590,7.0,10.0,,,,-0.155
252230,2020-12-10,Grant,New Mexico,35017.0,599,7.0,9.0,,,,-0.0872
252231,2020-12-11,Grant,New Mexico,35017.0,623,7.0,24.0,,,,0.0122
252232,2020-12-12,Grant,New Mexico,35017.0,630,8.0,7.0,,,,0.103
252233,2020-12-13,Grant,New Mexico,35017.0,639,8.0,9.0,,,,0.141
252234,2020-12-14,Grant,New Mexico,35017.0,645,8.0,6.0,,,,0.146
252235,2020-12-15,Grant,New Mexico,35017.0,655,8.0,10.0,,,,0.207
252236,2020-12-16,Grant,New Mexico,35017.0,682,9.0,27.0,,,,0.176
252237,2020-12-17,Grant,New Mexico,35017.0,711,9.0,29.0,,,,0.131
252238,2020-12-18,Grant,New Mexico,35017.0,736,9.0,25.0,,,,0.13
252239,2020-12-19,Grant,New Mexico,35017.0,759,9.0,23.0,,,,0.0732
252240,2020-12-20,Grant,New Mexico,35017.0,769,9.0,10.0,,,,0.0188
252241,2020-12-21,Grant,New Mexico,35017.0,779,9.0,10.0,,,,0.0298
252242,2020-12-22,Grant,New Mexico,35017.0,785,9.0,6.0,,,,0.017
252243,2020-12-23,Grant,New Mexico,35017.0,798,10.0,13.0,,,,0.0199
252244,2020-12-24,Grant,New Mexico,35017.0,811,10.0,13.0,,,,0.0377
252245,2020-12-25,Grant,New Mexico,35017.0,824,12.0,13.0,,,,0.00514
252246,2020-12-26,Grant,New Mexico,35017.0,829,12.0,5.0,,,,0.0309
