,date,county,state,fips,cases,deaths,new_cases,emp_combined,emp_combined_inclow,revenue_all,spend_all
222758,2020-03-25,Caldwell,North Carolina,37027.0,1,0.0,0.0,,,,-0.0482
222759,2020-03-26,Caldwell,North Carolina,37027.0,3,0.0,2.0,,,,-0.094599999
222760,2020-03-27,Caldwell,North Carolina,37027.0,3,0.0,0.0,,,,-0.153
222761,2020-03-28,Caldwell,North Carolina,37027.0,3,0.0,0.0,,,,-0.12300000000000001
222762,2020-03-29,Caldwell,North Carolina,37027.0,3,0.0,0.0,,,,-0.175
222763,2020-03-30,Caldwell,North Carolina,37027.0,3,0.0,0.0,,,,-0.168
222764,2020-03-31,Caldwell,North Carolina,37027.0,3,0.0,0.0,,,,-0.19699999999999998
222765,2020-04-01,Caldwell,North Carolina,37027.0,3,0.0,0.0,,,,-0.252
222766,2020-04-02,Caldwell,North Carolina,37027.0,3,0.0,0.0,,,,-0.259
222767,2020-04-03,Caldwell,North Carolina,37027.0,3,0.0,0.0,,,,-0.25299999
222768,2020-04-04,Caldwell,North Carolina,37027.0,5,0.0,2.0,,,,-0.26699999
222769,2020-04-05,Caldwell,North Carolina,37027.0,6,0.0,1.0,,,,-0.25099999
222770,2020-04-06,Caldwell,North Carolina,37027.0,9,0.0,3.0,,,,-0.23
222771,2020-04-07,Caldwell,North Carolina,37027.0,10,0.0,1.0,,,,-0.17900001
222772,2020-04-08,Caldwell,North Carolina,37027.0,10,0.0,0.0,,,,-0.192
222773,2020-04-09,Caldwell,North Carolina,37027.0,11,0.0,1.0,,,,-0.16699999999999998
222774,2020-04-10,Caldwell,North Carolina,37027.0,14,0.0,3.0,,,,-0.2
222775,2020-04-11,Caldwell,North Carolina,37027.0,15,0.0,1.0,,,,-0.22899999999999998
222776,2020-04-12,Caldwell,North Carolina,37027.0,17,0.0,2.0,,,,-0.245
222777,2020-04-13,Caldwell,North Carolina,37027.0,19,0.0,2.0,,,,-0.25400001
222778,2020-04-14,Caldwell,North Carolina,37027.0,19,0.0,0.0,,,,-0.271
222779,2020-04-15,Caldwell,North Carolina,37027.0,19,0.0,0.0,,,,-0.242
222780,2020-04-16,Caldwell,North Carolina,37027.0,19,0.0,0.0,,,,-0.228
222781,2020-04-17,Caldwell,North Carolina,37027.0,22,0.0,3.0,,,,-0.213
222782,2020-04-18,Caldwell,North Carolina,37027.0,21,0.0,-1.0,,,,-0.15000001
222783,2020-04-19,Caldwell,North Carolina,37027.0,22,0.0,1.0,,,,-0.121
222784,2020-04-20,Caldwell,North Carolina,37027.0,23,0.0,1.0,,,,-0.102
222785,2020-04-21,Caldwell,North Carolina,37027.0,23,0.0,0.0,,,,-0.102
222786,2020-04-22,Caldwell,North Carolina,37027.0,23,0.0,0.0,,,,-0.066399999
222787,2020-04-23,Caldwell,North Carolina,37027.0,26,0.0,3.0,,,,-0.10300000000000001
222788,2020-04-24,Caldwell,North Carolina,37027.0,27,0.0,1.0,,,,-0.11900000000000001
222789,2020-04-25,Caldwell,North Carolina,37027.0,30,0.0,3.0,,,,-0.17200001
222790,2020-04-26,Caldwell,North Carolina,37027.0,30,0.0,0.0,,,,-0.204
222791,2020-04-27,Caldwell,North Carolina,37027.0,31,0.0,1.0,,,,-0.22699999999999998
222792,2020-04-28,Caldwell,North Carolina,37027.0,33,0.0,2.0,,,,-0.23
222793,2020-04-29,Caldwell,North Carolina,37027.0,32,0.0,-1.0,,,,-0.27599999
222794,2020-04-30,Caldwell,North Carolina,37027.0,32,0.0,0.0,,,,-0.25099999
222795,2020-05-01,Caldwell,North Carolina,37027.0,34,0.0,2.0,,,,-0.212
222796,2020-05-02,Caldwell,North Carolina,37027.0,34,0.0,0.0,,,,-0.204
222797,2020-05-03,Caldwell,North Carolina,37027.0,36,0.0,2.0,,,,-0.19699999999999998
222798,2020-05-04,Caldwell,North Carolina,37027.0,36,0.0,0.0,,,,-0.16599999
222799,2020-05-05,Caldwell,North Carolina,37027.0,44,0.0,8.0,,,,-0.183
222800,2020-05-06,Caldwell,North Carolina,37027.0,43,0.0,-1.0,,,,-0.139
222801,2020-05-07,Caldwell,North Carolina,37027.0,50,0.0,7.0,,,,-0.152
222802,2020-05-08,Caldwell,North Carolina,37027.0,52,0.0,2.0,,,,-0.134
222803,2020-05-09,Caldwell,North Carolina,37027.0,55,0.0,3.0,,,,-0.08919999699999999
222804,2020-05-10,Caldwell,North Carolina,37027.0,60,0.0,5.0,,,,-0.054000001
222805,2020-05-11,Caldwell,North Carolina,37027.0,60,0.0,0.0,,,,-0.14800000000000002
222806,2020-05-12,Caldwell,North Carolina,37027.0,63,0.0,3.0,,,,-0.126
222807,2020-05-13,Caldwell,North Carolina,37027.0,67,1.0,4.0,,,,-0.155
222808,2020-05-14,Caldwell,North Carolina,37027.0,71,1.0,4.0,,,,-0.18000001
222809,2020-05-15,Caldwell,North Carolina,37027.0,74,1.0,3.0,,,,-0.16699999999999998
222810,2020-05-16,Caldwell,North Carolina,37027.0,78,2.0,4.0,,,,-0.17299999
222811,2020-05-17,Caldwell,North Carolina,37027.0,83,2.0,5.0,,,,-0.17200001
222812,2020-05-18,Caldwell,North Carolina,37027.0,86,2.0,3.0,,,,-0.105
222813,2020-05-19,Caldwell,North Carolina,37027.0,92,2.0,6.0,,,,-0.131
222814,2020-05-20,Caldwell,North Carolina,37027.0,90,2.0,-2.0,,,,-0.13500001
222815,2020-05-21,Caldwell,North Carolina,37027.0,93,2.0,3.0,,,,-0.109
222816,2020-05-22,Caldwell,North Carolina,37027.0,96,2.0,3.0,,,,-0.13500001
222817,2020-05-23,Caldwell,North Carolina,37027.0,105,2.0,9.0,,,,-0.14800000000000002
222818,2020-05-24,Caldwell,North Carolina,37027.0,106,2.0,1.0,,,,-0.162
222819,2020-05-25,Caldwell,North Carolina,37027.0,107,2.0,1.0,,,,-0.095799997
222820,2020-05-26,Caldwell,North Carolina,37027.0,107,2.0,0.0,,,,-0.07540000200000001
222821,2020-05-27,Caldwell,North Carolina,37027.0,110,2.0,3.0,,,,-0.0458
222822,2020-05-28,Caldwell,North Carolina,37027.0,120,2.0,10.0,,,,0.0108
222823,2020-05-29,Caldwell,North Carolina,37027.0,127,2.0,7.0,,,,0.029999999
222824,2020-05-30,Caldwell,North Carolina,37027.0,132,3.0,5.0,,,,0.12300000000000001
222825,2020-05-31,Caldwell,North Carolina,37027.0,138,3.0,6.0,,,,0.175
222826,2020-06-01,Caldwell,North Carolina,37027.0,155,3.0,17.0,,,,0.17200001
222827,2020-06-02,Caldwell,North Carolina,37027.0,157,3.0,2.0,,,,0.122
222828,2020-06-03,Caldwell,North Carolina,37027.0,160,3.0,3.0,,,,0.14399999
222829,2020-06-04,Caldwell,North Carolina,37027.0,172,3.0,12.0,,,,-0.0359
222830,2020-06-05,Caldwell,North Carolina,37027.0,183,3.0,11.0,,,,-0.088600002
222831,2020-06-06,Caldwell,North Carolina,37027.0,196,3.0,13.0,,,,-0.141
222832,2020-06-07,Caldwell,North Carolina,37027.0,201,3.0,5.0,,,,-0.19400001
222833,2020-06-08,Caldwell,North Carolina,37027.0,204,3.0,3.0,,,,-0.23
222834,2020-06-09,Caldwell,North Carolina,37027.0,214,3.0,10.0,,,,-0.198
222835,2020-06-10,Caldwell,North Carolina,37027.0,219,3.0,5.0,,,,-0.242
222836,2020-06-11,Caldwell,North Carolina,37027.0,228,3.0,9.0,,,,-0.212
222837,2020-06-12,Caldwell,North Carolina,37027.0,238,3.0,10.0,,,,-0.2
222838,2020-06-13,Caldwell,North Carolina,37027.0,240,3.0,2.0,,,,-0.20200001
222839,2020-06-14,Caldwell,North Carolina,37027.0,248,3.0,8.0,,,,-0.18799999
222840,2020-06-15,Caldwell,North Carolina,37027.0,249,3.0,1.0,,,,-0.17600000000000002
222841,2020-06-16,Caldwell,North Carolina,37027.0,252,4.0,3.0,,,,-0.183
222842,2020-06-17,Caldwell,North Carolina,37027.0,258,4.0,6.0,,,,-0.17800000000000002
222843,2020-06-18,Caldwell,North Carolina,37027.0,273,4.0,15.0,,,,-0.16599999
222844,2020-06-19,Caldwell,North Carolina,37027.0,296,4.0,23.0,,,,-0.154
222845,2020-06-20,Caldwell,North Carolina,37027.0,304,4.0,8.0,,,,-0.149
222846,2020-06-21,Caldwell,North Carolina,37027.0,314,4.0,10.0,,,,-0.133
222847,2020-06-22,Caldwell,North Carolina,37027.0,315,4.0,1.0,,,,-0.11800000000000001
222848,2020-06-23,Caldwell,North Carolina,37027.0,322,4.0,7.0,,,,-0.16899999999999998
222849,2020-06-24,Caldwell,North Carolina,37027.0,328,4.0,6.0,,,,-0.149
222850,2020-06-25,Caldwell,North Carolina,37027.0,335,4.0,7.0,,,,-0.139
222851,2020-06-26,Caldwell,North Carolina,37027.0,348,4.0,13.0,,,,-0.131
222852,2020-06-27,Caldwell,North Carolina,37027.0,358,4.0,10.0,,,,-0.124
222853,2020-06-28,Caldwell,North Carolina,37027.0,398,4.0,40.0,,,,-0.08910000300000001
222854,2020-06-29,Caldwell,North Carolina,37027.0,411,4.0,13.0,,,,-0.061700001
222855,2020-06-30,Caldwell,North Carolina,37027.0,419,4.0,8.0,,,,-0.034899998
222856,2020-07-01,Caldwell,North Carolina,37027.0,434,4.0,15.0,,,,-0.021299999
222857,2020-07-02,Caldwell,North Carolina,37027.0,452,4.0,18.0,,,,-0.0232
222858,2020-07-03,Caldwell,North Carolina,37027.0,469,4.0,17.0,,,,-0.043699998
222859,2020-07-04,Caldwell,North Carolina,37027.0,486,4.0,17.0,,,,-0.054699998
222860,2020-07-05,Caldwell,North Carolina,37027.0,504,4.0,18.0,,,,-0.09929999699999999
222861,2020-07-06,Caldwell,North Carolina,37027.0,522,4.0,18.0,,,,-0.08070000299999999
222862,2020-07-07,Caldwell,North Carolina,37027.0,534,4.0,12.0,,,,-0.07050000099999999
222863,2020-07-08,Caldwell,North Carolina,37027.0,546,4.0,12.0,,,,-0.07530000099999999
222864,2020-07-09,Caldwell,North Carolina,37027.0,563,4.0,17.0,,,,-0.066600002
222865,2020-07-10,Caldwell,North Carolina,37027.0,580,5.0,17.0,,,,-0.063900001
222866,2020-07-11,Caldwell,North Carolina,37027.0,601,6.0,21.0,,,,-0.08749999900000001
222867,2020-07-12,Caldwell,North Carolina,37027.0,619,6.0,18.0,,,,-0.088500001
222868,2020-07-13,Caldwell,North Carolina,37027.0,653,6.0,34.0,,,,-0.139
222869,2020-07-14,Caldwell,North Carolina,37027.0,663,6.0,10.0,,,,-0.12300000000000001
222870,2020-07-15,Caldwell,North Carolina,37027.0,685,6.0,22.0,,,,-0.047600000999999996
222871,2020-07-16,Caldwell,North Carolina,37027.0,707,6.0,22.0,,,,-0.0294
222872,2020-07-17,Caldwell,North Carolina,37027.0,732,6.0,25.0,,,,0.016799999
222873,2020-07-18,Caldwell,North Carolina,37027.0,754,6.0,22.0,,,,0.0221
222874,2020-07-19,Caldwell,North Carolina,37027.0,771,6.0,17.0,,,,-0.0273
222875,2020-07-20,Caldwell,North Carolina,37027.0,789,6.0,18.0,,,,0.013999999999999999
222876,2020-07-21,Caldwell,North Carolina,37027.0,809,6.0,20.0,,,,0.0073199999
222877,2020-07-22,Caldwell,North Carolina,37027.0,835,6.0,26.0,,,,-0.09489999699999999
222878,2020-07-23,Caldwell,North Carolina,37027.0,869,7.0,34.0,,,,-0.0898
222879,2020-07-24,Caldwell,North Carolina,37027.0,901,7.0,32.0,,,,-0.062700003
222880,2020-07-25,Caldwell,North Carolina,37027.0,936,7.0,35.0,,,,-0.041299999
222881,2020-07-26,Caldwell,North Carolina,37027.0,961,7.0,25.0,,,,-0.0092000002
222882,2020-07-27,Caldwell,North Carolina,37027.0,981,7.0,20.0,,,,-0.0095300004
222883,2020-07-28,Caldwell,North Carolina,37027.0,1010,8.0,29.0,,,,0.0028699999999999997
222884,2020-07-29,Caldwell,North Carolina,37027.0,1022,9.0,12.0,,,,0.041000001
222885,2020-07-30,Caldwell,North Carolina,37027.0,1066,9.0,44.0,,,,-0.0239
222886,2020-07-31,Caldwell,North Carolina,37027.0,1085,9.0,19.0,,,,-0.081600003
222887,2020-08-01,Caldwell,North Carolina,37027.0,1103,9.0,18.0,,,,-0.152
222888,2020-08-02,Caldwell,North Carolina,37027.0,1121,9.0,18.0,,,,-0.111
222889,2020-08-03,Caldwell,North Carolina,37027.0,1138,9.0,17.0,,,,-0.11900000000000001
222890,2020-08-04,Caldwell,North Carolina,37027.0,1154,9.0,16.0,,,,-0.146
222891,2020-08-05,Caldwell,North Carolina,37027.0,1159,11.0,5.0,,,,-0.15800001
222892,2020-08-06,Caldwell,North Carolina,37027.0,1179,11.0,20.0,,,,-0.107
222893,2020-08-07,Caldwell,North Carolina,37027.0,1197,11.0,18.0,,,,-0.063600004
222894,2020-08-08,Caldwell,North Carolina,37027.0,1209,11.0,12.0,,,,-0.019200001
222895,2020-08-09,Caldwell,North Carolina,37027.0,1215,11.0,6.0,,,,-0.067599997
222896,2020-08-10,Caldwell,North Carolina,37027.0,1215,11.0,0.0,,,,-0.023800001
222897,2020-08-11,Caldwell,North Carolina,37027.0,1221,11.0,6.0,,,,0.0361
222898,2020-08-12,Caldwell,North Carolina,37027.0,1234,11.0,13.0,,,,0.030400001
222899,2020-08-13,Caldwell,North Carolina,37027.0,1246,12.0,12.0,,,,-0.00112
222900,2020-08-14,Caldwell,North Carolina,37027.0,1252,12.0,6.0,,,,0.031800002
222901,2020-08-15,Caldwell,North Carolina,37027.0,1265,13.0,13.0,,,,0.046
222902,2020-08-16,Caldwell,North Carolina,37027.0,1277,13.0,12.0,,,,0.0276
222903,2020-08-17,Caldwell,North Carolina,37027.0,1283,13.0,6.0,,,,-0.0067199999
222904,2020-08-18,Caldwell,North Carolina,37027.0,1295,14.0,12.0,,,,-0.045000002000000004
222905,2020-08-19,Caldwell,North Carolina,37027.0,1296,14.0,1.0,,,,-0.037500001
222906,2020-08-20,Caldwell,North Carolina,37027.0,1320,14.0,24.0,,,,-0.074100003
222907,2020-08-21,Caldwell,North Carolina,37027.0,1336,14.0,16.0,,,,-0.15800001
222908,2020-08-22,Caldwell,North Carolina,37027.0,1347,14.0,11.0,,,,-0.23100001
222909,2020-08-23,Caldwell,North Carolina,37027.0,1354,14.0,7.0,,,,-0.23199999
222910,2020-08-24,Caldwell,North Carolina,37027.0,1357,14.0,3.0,,,,-0.226
222911,2020-08-25,Caldwell,North Carolina,37027.0,1362,14.0,5.0,,,,-0.19899999999999998
222912,2020-08-26,Caldwell,North Carolina,37027.0,1369,14.0,7.0,,,,-0.182
222913,2020-08-27,Caldwell,North Carolina,37027.0,1393,14.0,24.0,,,,-0.21799999
222914,2020-08-28,Caldwell,North Carolina,37027.0,1403,16.0,10.0,,,,-0.09269999699999999
222915,2020-08-29,Caldwell,North Carolina,37027.0,1417,17.0,14.0,,,,-0.034400001
222916,2020-08-30,Caldwell,North Carolina,37027.0,1419,17.0,2.0,,,,-0.036899998999999996
222917,2020-08-31,Caldwell,North Carolina,37027.0,1424,17.0,5.0,,,,-0.0748
222918,2020-09-01,Caldwell,North Carolina,37027.0,1436,17.0,12.0,,,,-0.14300001
222919,2020-09-02,Caldwell,North Carolina,37027.0,1441,17.0,5.0,,,,-0.177
222920,2020-09-03,Caldwell,North Carolina,37027.0,1453,17.0,12.0,,,,-0.115
222921,2020-09-04,Caldwell,North Carolina,37027.0,1457,17.0,4.0,,,,-0.21699999
222922,2020-09-05,Caldwell,North Carolina,37027.0,1470,17.0,13.0,,,,-0.228
222923,2020-09-06,Caldwell,North Carolina,37027.0,1477,17.0,7.0,,,,-0.13600001
222924,2020-09-07,Caldwell,North Carolina,37027.0,1483,17.0,6.0,,,,-0.122
222925,2020-09-08,Caldwell,North Carolina,37027.0,1485,17.0,2.0,,,,-0.154
222926,2020-09-09,Caldwell,North Carolina,37027.0,1487,17.0,2.0,,,,-0.125
222927,2020-09-10,Caldwell,North Carolina,37027.0,1488,17.0,1.0,,,,-0.237
222928,2020-09-11,Caldwell,North Carolina,37027.0,1502,17.0,14.0,,,,-0.24699999
222929,2020-09-12,Caldwell,North Carolina,37027.0,1516,17.0,14.0,,,,-0.183
222930,2020-09-13,Caldwell,North Carolina,37027.0,1519,17.0,3.0,,,,-0.11
222931,2020-09-14,Caldwell,North Carolina,37027.0,1522,17.0,3.0,,,,-0.099399999
222932,2020-09-15,Caldwell,North Carolina,37027.0,1526,17.0,4.0,,,,-0.073700003
222933,2020-09-16,Caldwell,North Carolina,37027.0,1532,17.0,6.0,,,,-0.0154
222934,2020-09-17,Caldwell,North Carolina,37027.0,1544,17.0,12.0,,,,0.00037799999999999997
222935,2020-09-18,Caldwell,North Carolina,37027.0,1551,18.0,7.0,,,,0.0048099998
222936,2020-09-19,Caldwell,North Carolina,37027.0,1557,18.0,6.0,,,,-0.012
222937,2020-09-20,Caldwell,North Carolina,37027.0,1560,18.0,3.0,,,,-0.082199998
222938,2020-09-21,Caldwell,North Carolina,37027.0,1571,18.0,11.0,,,,-0.029300001000000003
222939,2020-09-22,Caldwell,North Carolina,37027.0,1580,18.0,9.0,,,,-0.0239
222940,2020-09-23,Caldwell,North Carolina,37027.0,1581,18.0,1.0,,,,-0.0208
222941,2020-09-24,Caldwell,North Carolina,37027.0,1603,18.0,22.0,,,,0.0218
222942,2020-09-25,Caldwell,North Carolina,37027.0,1653,18.0,50.0,,,,0.061000001
222943,2020-09-26,Caldwell,North Carolina,37027.0,1657,18.0,4.0,,,,0.042100001
222944,2020-09-27,Caldwell,North Carolina,37027.0,1664,18.0,7.0,,,,0.073200002
222945,2020-09-28,Caldwell,North Carolina,37027.0,1672,18.0,8.0,,,,0.11199999999999999
222946,2020-09-29,Caldwell,North Carolina,37027.0,1675,18.0,3.0,,,,0.10099999999999999
222947,2020-09-30,Caldwell,North Carolina,37027.0,1681,18.0,6.0,,,,0.113
222948,2020-10-01,Caldwell,North Carolina,37027.0,1710,18.0,29.0,,,,0.050799999000000005
222949,2020-10-02,Caldwell,North Carolina,37027.0,1724,18.0,14.0,,,,0.0484
222950,2020-10-03,Caldwell,North Carolina,37027.0,1764,18.0,40.0,,,,0.053599997999999996
222951,2020-10-04,Caldwell,North Carolina,37027.0,1771,18.0,7.0,,,,-0.016899999
222952,2020-10-05,Caldwell,North Carolina,37027.0,1818,18.0,47.0,,,,-0.071000002
222953,2020-10-06,Caldwell,North Carolina,37027.0,1838,18.0,20.0,,,,-0.04410000099999999
222954,2020-10-07,Caldwell,North Carolina,37027.0,1847,18.0,9.0,,,,-0.0469
222955,2020-10-08,Caldwell,North Carolina,37027.0,1882,18.0,35.0,,,,0.0137
222956,2020-10-09,Caldwell,North Carolina,37027.0,1924,18.0,42.0,,,,0.0405
222957,2020-10-10,Caldwell,North Carolina,37027.0,1948,18.0,24.0,,,,0.032499999
222958,2020-10-11,Caldwell,North Carolina,37027.0,1978,18.0,30.0,,,,0.06899999799999999
222959,2020-10-12,Caldwell,North Carolina,37027.0,2003,18.0,25.0,,,,0.065499999
222960,2020-10-13,Caldwell,North Carolina,37027.0,2020,18.0,17.0,,,,0.036499999
222961,2020-10-14,Caldwell,North Carolina,37027.0,2032,19.0,12.0,,,,0.059000000000000004
222962,2020-10-15,Caldwell,North Carolina,37027.0,2077,19.0,45.0,,,,0.033399999
222963,2020-10-16,Caldwell,North Carolina,37027.0,2111,19.0,34.0,,,,-0.0163
222964,2020-10-17,Caldwell,North Carolina,37027.0,2150,19.0,39.0,,,,-0.021299999
222965,2020-10-18,Caldwell,North Carolina,37027.0,2172,19.0,22.0,,,,-0.042100001
222966,2020-10-19,Caldwell,North Carolina,37027.0,2191,19.0,19.0,,,,0.0113
222967,2020-10-20,Caldwell,North Carolina,37027.0,2222,19.0,31.0,,,,-0.0109
222968,2020-10-21,Caldwell,North Carolina,37027.0,2227,19.0,5.0,,,,-0.00685
222969,2020-10-22,Caldwell,North Carolina,37027.0,2291,19.0,64.0,,,,-0.041700002
222970,2020-10-23,Caldwell,North Carolina,37027.0,2328,19.0,37.0,,,,-0.0418
222971,2020-10-24,Caldwell,North Carolina,37027.0,2384,19.0,56.0,,,,-0.0403
222972,2020-10-25,Caldwell,North Carolina,37027.0,2399,19.0,15.0,,,,0.0167
222973,2020-10-26,Caldwell,North Carolina,37027.0,2431,19.0,32.0,,,,-0.0041100001
222974,2020-10-27,Caldwell,North Carolina,37027.0,2476,19.0,45.0,,,,0.0506
222975,2020-10-28,Caldwell,North Carolina,37027.0,2487,19.0,11.0,,,,-0.0111
222976,2020-10-29,Caldwell,North Carolina,37027.0,2548,19.0,61.0,,,,-0.039799998999999996
222977,2020-10-30,Caldwell,North Carolina,37027.0,2601,19.0,53.0,,,,-0.015
222978,2020-10-31,Caldwell,North Carolina,37027.0,2644,19.0,43.0,,,,0.0145
222979,2020-11-01,Caldwell,North Carolina,37027.0,2685,19.0,41.0,,,,0.008070000400000001
222980,2020-11-02,Caldwell,North Carolina,37027.0,2703,19.0,18.0,,,,0.0241
222981,2020-11-03,Caldwell,North Carolina,37027.0,2744,19.0,41.0,,,,0.020400001
222982,2020-11-04,Caldwell,North Carolina,37027.0,2758,19.0,14.0,,,,0.060899999
222983,2020-11-05,Caldwell,North Carolina,37027.0,2795,19.0,37.0,,,,0.059300002000000004
222984,2020-11-06,Caldwell,North Carolina,37027.0,2813,19.0,18.0,,,,0.00044800000999999995
222985,2020-11-07,Caldwell,North Carolina,37027.0,2847,19.0,34.0,,,,-0.0319
222986,2020-11-08,Caldwell,North Carolina,37027.0,2881,19.0,34.0,,,,-0.0208
222987,2020-11-09,Caldwell,North Carolina,37027.0,2888,19.0,7.0,,,,-0.102
222988,2020-11-10,Caldwell,North Carolina,37027.0,2910,19.0,22.0,,,,-0.139
222989,2020-11-11,Caldwell,North Carolina,37027.0,2927,21.0,17.0,,,,-0.114
222990,2020-11-12,Caldwell,North Carolina,37027.0,2956,21.0,29.0,,,,-0.13500001
222991,2020-11-13,Caldwell,North Carolina,37027.0,2967,21.0,11.0,,,,-0.106
222992,2020-11-14,Caldwell,North Carolina,37027.0,2999,21.0,32.0,,,,-0.08550000199999999
222993,2020-11-15,Caldwell,North Carolina,37027.0,3036,21.0,37.0,,,,-0.075000003
222994,2020-11-16,Caldwell,North Carolina,37027.0,3052,21.0,16.0,,,,-0.019200001
222995,2020-11-17,Caldwell,North Carolina,37027.0,3086,21.0,34.0,,,,-0.057
222996,2020-11-18,Caldwell,North Carolina,37027.0,3117,21.0,31.0,,,,-0.07379999799999999
222997,2020-11-19,Caldwell,North Carolina,37027.0,3142,21.0,25.0,,,,-0.106
222998,2020-11-20,Caldwell,North Carolina,37027.0,3187,21.0,45.0,,,,-0.152
222999,2020-11-21,Caldwell,North Carolina,37027.0,3242,21.0,55.0,,,,-0.17299999
223000,2020-11-22,Caldwell,North Carolina,37027.0,3278,21.0,36.0,,,,-0.16699999999999998
