,date,county,state,fips,cases,deaths,new_cases,emp_combined,emp_combined_inclow,revenue_all,spend_all
223758,2020-03-22,Cherokee,North Carolina,37039.0,4,0.0,0.0,,,,-0.109
223759,2020-03-23,Cherokee,North Carolina,37039.0,4,0.0,0.0,,,,-0.17800000000000002
223760,2020-03-24,Cherokee,North Carolina,37039.0,4,0.0,0.0,,,,-0.163
223761,2020-03-25,Cherokee,North Carolina,37039.0,4,0.0,0.0,,,,-0.154
223762,2020-03-26,Cherokee,North Carolina,37039.0,4,0.0,0.0,,,,-0.19899999999999998
223763,2020-03-27,Cherokee,North Carolina,37039.0,4,0.0,0.0,,,,-0.244
223764,2020-03-28,Cherokee,North Carolina,37039.0,4,0.0,0.0,,,,-0.259
223765,2020-03-29,Cherokee,North Carolina,37039.0,6,0.0,2.0,,,,-0.27000001
223766,2020-03-30,Cherokee,North Carolina,37039.0,7,0.0,1.0,,,,-0.28999999
223767,2020-03-31,Cherokee,North Carolina,37039.0,8,1.0,1.0,,,,-0.33899999
223768,2020-04-01,Cherokee,North Carolina,37039.0,8,1.0,0.0,,,,-0.30199999
223769,2020-04-02,Cherokee,North Carolina,37039.0,8,1.0,0.0,,,,-0.25400001
223770,2020-04-03,Cherokee,North Carolina,37039.0,8,1.0,0.0,,,,-0.23199999
223771,2020-04-04,Cherokee,North Carolina,37039.0,8,1.0,0.0,,,,-0.245
223772,2020-04-05,Cherokee,North Carolina,37039.0,8,1.0,0.0,,,,-0.28099999
223773,2020-04-06,Cherokee,North Carolina,37039.0,8,1.0,0.0,,,,-0.23999999
223774,2020-04-07,Cherokee,North Carolina,37039.0,9,1.0,1.0,,,,-0.17399999
223775,2020-04-08,Cherokee,North Carolina,37039.0,9,1.0,0.0,,,,-0.20100001
223776,2020-04-09,Cherokee,North Carolina,37039.0,9,1.0,0.0,,,,-0.193
223777,2020-04-10,Cherokee,North Carolina,37039.0,10,1.0,1.0,,,,-0.17600000000000002
223778,2020-04-11,Cherokee,North Carolina,37039.0,10,1.0,0.0,,,,-0.25600001
223779,2020-04-12,Cherokee,North Carolina,37039.0,10,1.0,0.0,,,,-0.31600001
223780,2020-04-13,Cherokee,North Carolina,37039.0,10,1.0,0.0,,,,-0.34099999
223781,2020-04-14,Cherokee,North Carolina,37039.0,12,1.0,2.0,,,,-0.26499999
223782,2020-04-15,Cherokee,North Carolina,37039.0,12,1.0,0.0,,,,-0.171
223783,2020-04-16,Cherokee,North Carolina,37039.0,13,1.0,1.0,,,,-0.14800000000000002
223784,2020-04-17,Cherokee,North Carolina,37039.0,14,1.0,1.0,,,,-0.184
223785,2020-04-18,Cherokee,North Carolina,37039.0,14,1.0,0.0,,,,-0.13500001
223786,2020-04-19,Cherokee,North Carolina,37039.0,14,1.0,0.0,,,,-0.08269999900000001
223787,2020-04-20,Cherokee,North Carolina,37039.0,14,1.0,0.0,,,,-0.048099998
223788,2020-04-21,Cherokee,North Carolina,37039.0,14,1.0,0.0,,,,-0.12800001
223789,2020-04-22,Cherokee,North Carolina,37039.0,14,1.0,0.0,,,,-0.22699999999999998
223790,2020-04-23,Cherokee,North Carolina,37039.0,14,1.0,0.0,,,,-0.32899999999999996
223791,2020-04-24,Cherokee,North Carolina,37039.0,15,1.0,1.0,,,,-0.285
223792,2020-04-25,Cherokee,North Carolina,37039.0,15,1.0,0.0,,,,-0.184
223793,2020-04-26,Cherokee,North Carolina,37039.0,15,1.0,0.0,,,,-0.149
223794,2020-04-27,Cherokee,North Carolina,37039.0,16,1.0,1.0,,,,-0.18700001
223795,2020-04-28,Cherokee,North Carolina,37039.0,16,1.0,0.0,,,,-0.16
223796,2020-04-29,Cherokee,North Carolina,37039.0,16,1.0,0.0,,,,-0.14800000000000002
223797,2020-04-30,Cherokee,North Carolina,37039.0,16,1.0,0.0,,,,-0.132
223798,2020-05-01,Cherokee,North Carolina,37039.0,16,1.0,0.0,,,,-0.109
223799,2020-05-02,Cherokee,North Carolina,37039.0,16,1.0,0.0,,,,-0.11
223800,2020-05-03,Cherokee,North Carolina,37039.0,19,1.0,3.0,,,,-0.14300001
223801,2020-05-04,Cherokee,North Carolina,37039.0,19,1.0,0.0,,,,-0.0854
223802,2020-05-05,Cherokee,North Carolina,37039.0,19,1.0,0.0,,,,-0.0836
223803,2020-05-06,Cherokee,North Carolina,37039.0,19,1.0,0.0,,,,-0.11599999999999999
223804,2020-05-07,Cherokee,North Carolina,37039.0,18,1.0,-1.0,,,,-0.079499997
223805,2020-05-08,Cherokee,North Carolina,37039.0,18,1.0,0.0,,,,-0.0792
223806,2020-05-09,Cherokee,North Carolina,37039.0,18,1.0,0.0,,,,-0.111
223807,2020-05-10,Cherokee,North Carolina,37039.0,18,1.0,0.0,,,,-0.053800002
223808,2020-05-11,Cherokee,North Carolina,37039.0,18,1.0,0.0,,,,-0.113
223809,2020-05-12,Cherokee,North Carolina,37039.0,18,1.0,0.0,,,,-0.152
223810,2020-05-13,Cherokee,North Carolina,37039.0,18,1.0,0.0,,,,-0.084799998
223811,2020-05-14,Cherokee,North Carolina,37039.0,18,1.0,0.0,,,,-0.058800001
223812,2020-05-15,Cherokee,North Carolina,37039.0,17,1.0,-1.0,,,,-0.115
223813,2020-05-16,Cherokee,North Carolina,37039.0,17,1.0,0.0,,,,-0.12300000000000001
223814,2020-05-17,Cherokee,North Carolina,37039.0,17,1.0,0.0,,,,-0.162
223815,2020-05-18,Cherokee,North Carolina,37039.0,17,1.0,0.0,,,,-0.14800000000000002
223816,2020-05-19,Cherokee,North Carolina,37039.0,17,1.0,0.0,,,,-0.15700001
223817,2020-05-20,Cherokee,North Carolina,37039.0,20,1.0,3.0,,,,-0.138
223818,2020-05-21,Cherokee,North Carolina,37039.0,20,1.0,0.0,,,,-0.1
223819,2020-05-22,Cherokee,North Carolina,37039.0,20,1.0,0.0,,,,-0.12300000000000001
223820,2020-05-23,Cherokee,North Carolina,37039.0,20,1.0,0.0,,,,-0.141
223821,2020-05-24,Cherokee,North Carolina,37039.0,20,1.0,0.0,,,,-0.1
223822,2020-05-25,Cherokee,North Carolina,37039.0,20,1.0,0.0,,,,-0.11599999999999999
223823,2020-05-26,Cherokee,North Carolina,37039.0,20,1.0,0.0,,,,-0.15000001
223824,2020-05-27,Cherokee,North Carolina,37039.0,20,1.0,0.0,,,,-0.182
223825,2020-05-28,Cherokee,North Carolina,37039.0,20,1.0,0.0,,,,-0.20999999
223826,2020-05-29,Cherokee,North Carolina,37039.0,20,1.0,0.0,,,,-0.20999999
223827,2020-05-30,Cherokee,North Carolina,37039.0,20,1.0,0.0,,,,-0.226
223828,2020-05-31,Cherokee,North Carolina,37039.0,20,1.0,0.0,,,,-0.226
223829,2020-06-01,Cherokee,North Carolina,37039.0,20,1.0,0.0,,,,-0.17
223830,2020-06-02,Cherokee,North Carolina,37039.0,20,1.0,0.0,,,,-0.12300000000000001
223831,2020-06-03,Cherokee,North Carolina,37039.0,20,1.0,0.0,,,,-0.0898
223832,2020-06-04,Cherokee,North Carolina,37039.0,21,1.0,1.0,,,,-0.094499998
223833,2020-06-05,Cherokee,North Carolina,37039.0,21,1.0,0.0,,,,-0.044199999000000004
223834,2020-06-06,Cherokee,North Carolina,37039.0,21,1.0,0.0,,,,0.0449
223835,2020-06-07,Cherokee,North Carolina,37039.0,22,1.0,1.0,,,,0.019300001
223836,2020-06-08,Cherokee,North Carolina,37039.0,22,1.0,0.0,,,,-0.0288
223837,2020-06-09,Cherokee,North Carolina,37039.0,22,1.0,0.0,,,,-0.0010199999999999999
223838,2020-06-10,Cherokee,North Carolina,37039.0,21,1.0,-1.0,,,,-0.0352
223839,2020-06-11,Cherokee,North Carolina,37039.0,26,1.0,5.0,,,,-0.073299997
223840,2020-06-12,Cherokee,North Carolina,37039.0,30,1.0,4.0,,,,-0.0548
223841,2020-06-13,Cherokee,North Carolina,37039.0,30,1.0,0.0,,,,-0.066
223842,2020-06-14,Cherokee,North Carolina,37039.0,30,1.0,0.0,,,,-0.062700003
223843,2020-06-15,Cherokee,North Carolina,37039.0,30,1.0,0.0,,,,-0.0561
223844,2020-06-16,Cherokee,North Carolina,37039.0,30,1.0,0.0,,,,-0.06899999799999999
223845,2020-06-17,Cherokee,North Carolina,37039.0,30,1.0,0.0,,,,-0.0634
223846,2020-06-18,Cherokee,North Carolina,37039.0,31,1.0,1.0,,,,0.015799999
223847,2020-06-19,Cherokee,North Carolina,37039.0,32,1.0,1.0,,,,0.00599
223848,2020-06-20,Cherokee,North Carolina,37039.0,32,1.0,0.0,,,,-0.055300000999999994
223849,2020-06-21,Cherokee,North Carolina,37039.0,32,1.0,0.0,,,,-0.0138
223850,2020-06-22,Cherokee,North Carolina,37039.0,32,1.0,0.0,,,,-0.016799999
223851,2020-06-23,Cherokee,North Carolina,37039.0,32,1.0,0.0,,,,-0.023700001000000002
223852,2020-06-24,Cherokee,North Carolina,37039.0,32,1.0,0.0,,,,-0.0252
223853,2020-06-25,Cherokee,North Carolina,37039.0,32,1.0,0.0,,,,-0.087700002
223854,2020-06-26,Cherokee,North Carolina,37039.0,33,1.0,1.0,,,,-0.076099999
223855,2020-06-27,Cherokee,North Carolina,37039.0,33,1.0,0.0,,,,-0.0285
223856,2020-06-28,Cherokee,North Carolina,37039.0,33,1.0,0.0,,,,-0.084399998
223857,2020-06-29,Cherokee,North Carolina,37039.0,33,1.0,0.0,,,,-0.126
223858,2020-06-30,Cherokee,North Carolina,37039.0,34,1.0,1.0,,,,-0.125
223859,2020-07-01,Cherokee,North Carolina,37039.0,35,1.0,1.0,,,,-0.139
223860,2020-07-02,Cherokee,North Carolina,37039.0,45,2.0,10.0,,,,-0.152
223861,2020-07-03,Cherokee,North Carolina,37039.0,45,2.0,0.0,,,,-0.17800000000000002
223862,2020-07-04,Cherokee,North Carolina,37039.0,44,2.0,-1.0,,,,-0.15899999
223863,2020-07-05,Cherokee,North Carolina,37039.0,44,2.0,0.0,,,,-0.09790000300000001
223864,2020-07-06,Cherokee,North Carolina,37039.0,45,2.0,1.0,,,,-0.10300000000000001
223865,2020-07-07,Cherokee,North Carolina,37039.0,48,2.0,3.0,,,,-0.168
223866,2020-07-08,Cherokee,North Carolina,37039.0,51,2.0,3.0,,,,-0.22499999
223867,2020-07-09,Cherokee,North Carolina,37039.0,52,2.0,1.0,,,,-0.155
223868,2020-07-10,Cherokee,North Carolina,37039.0,58,2.0,6.0,,,,-0.14800000000000002
223869,2020-07-11,Cherokee,North Carolina,37039.0,61,2.0,3.0,,,,-0.146
223870,2020-07-12,Cherokee,North Carolina,37039.0,66,2.0,5.0,,,,-0.10800000000000001
223871,2020-07-13,Cherokee,North Carolina,37039.0,80,2.0,14.0,,,,-0.18899999999999997
223872,2020-07-14,Cherokee,North Carolina,37039.0,88,2.0,8.0,,,,-0.13
223873,2020-07-15,Cherokee,North Carolina,37039.0,91,2.0,3.0,,,,-0.032400001
223874,2020-07-16,Cherokee,North Carolina,37039.0,105,2.0,14.0,,,,-0.080899999
223875,2020-07-17,Cherokee,North Carolina,37039.0,108,2.0,3.0,,,,-0.097099997
223876,2020-07-18,Cherokee,North Carolina,37039.0,116,2.0,8.0,,,,-0.106
223877,2020-07-19,Cherokee,North Carolina,37039.0,118,2.0,2.0,,,,-0.15800001
223878,2020-07-20,Cherokee,North Carolina,37039.0,127,2.0,9.0,,,,-0.125
223879,2020-07-21,Cherokee,North Carolina,37039.0,141,2.0,14.0,,,,-0.11699999999999999
223880,2020-07-22,Cherokee,North Carolina,37039.0,151,2.0,10.0,,,,-0.10400000000000001
223881,2020-07-23,Cherokee,North Carolina,37039.0,158,2.0,7.0,,,,-0.033300001
223882,2020-07-24,Cherokee,North Carolina,37039.0,170,3.0,12.0,,,,-0.090099998
223883,2020-07-25,Cherokee,North Carolina,37039.0,183,3.0,13.0,,,,-0.071099997
223884,2020-07-26,Cherokee,North Carolina,37039.0,195,3.0,12.0,,,,-0.004670000200000001
223885,2020-07-27,Cherokee,North Carolina,37039.0,201,3.0,6.0,,,,-0.0381
223886,2020-07-28,Cherokee,North Carolina,37039.0,207,3.0,6.0,,,,-0.048
223887,2020-07-29,Cherokee,North Carolina,37039.0,214,3.0,7.0,,,,-0.127
223888,2020-07-30,Cherokee,North Carolina,37039.0,219,3.0,5.0,,,,-0.17800000000000002
223889,2020-07-31,Cherokee,North Carolina,37039.0,228,3.0,9.0,,,,-0.126
223890,2020-08-01,Cherokee,North Carolina,37039.0,235,3.0,7.0,,,,-0.12800001
223891,2020-08-02,Cherokee,North Carolina,37039.0,236,3.0,1.0,,,,-0.161
223892,2020-08-03,Cherokee,North Carolina,37039.0,239,3.0,3.0,,,,-0.134
223893,2020-08-04,Cherokee,North Carolina,37039.0,242,3.0,3.0,,,,-0.16599999
223894,2020-08-05,Cherokee,North Carolina,37039.0,252,3.0,10.0,,,,-0.147
223895,2020-08-06,Cherokee,North Carolina,37039.0,255,3.0,3.0,,,,-0.184
223896,2020-08-07,Cherokee,North Carolina,37039.0,266,4.0,11.0,,,,-0.19400001
223897,2020-08-08,Cherokee,North Carolina,37039.0,269,4.0,3.0,,,,-0.17900001
223898,2020-08-09,Cherokee,North Carolina,37039.0,273,4.0,4.0,,,,-0.161
223899,2020-08-10,Cherokee,North Carolina,37039.0,274,4.0,1.0,,,,-0.205
223900,2020-08-11,Cherokee,North Carolina,37039.0,277,4.0,3.0,,,,-0.149
223901,2020-08-12,Cherokee,North Carolina,37039.0,270,4.0,-7.0,,,,-0.13600001
223902,2020-08-13,Cherokee,North Carolina,37039.0,277,4.0,7.0,,,,-0.16699999999999998
223903,2020-08-14,Cherokee,North Carolina,37039.0,279,4.0,2.0,,,,-0.221
223904,2020-08-15,Cherokee,North Carolina,37039.0,285,4.0,6.0,,,,-0.336
223905,2020-08-16,Cherokee,North Carolina,37039.0,294,4.0,9.0,,,,-0.36500001
223906,2020-08-17,Cherokee,North Carolina,37039.0,294,4.0,0.0,,,,-0.36700001
223907,2020-08-18,Cherokee,North Carolina,37039.0,299,4.0,5.0,,,,-0.182
223908,2020-08-19,Cherokee,North Carolina,37039.0,311,5.0,12.0,,,,-0.20100001
223909,2020-08-20,Cherokee,North Carolina,37039.0,346,5.0,35.0,,,,-0.12800001
223910,2020-08-21,Cherokee,North Carolina,37039.0,352,5.0,6.0,,,,-0.37799999
223911,2020-08-22,Cherokee,North Carolina,37039.0,361,5.0,9.0,,,,-0.38699999
223912,2020-08-23,Cherokee,North Carolina,37039.0,364,5.0,3.0,,,,-0.384
223913,2020-08-24,Cherokee,North Carolina,37039.0,367,5.0,3.0,,,,-0.52899998
223914,2020-08-25,Cherokee,North Carolina,37039.0,372,5.0,5.0,,,,-0.38800001
223915,2020-08-26,Cherokee,North Carolina,37039.0,376,5.0,4.0,,,,-0.33700001
223916,2020-08-27,Cherokee,North Carolina,37039.0,382,5.0,6.0,,,,-0.43399999
223917,2020-08-28,Cherokee,North Carolina,37039.0,392,5.0,10.0,,,,-0.31600001
223918,2020-08-29,Cherokee,North Carolina,37039.0,409,5.0,17.0,,,,-0.28099999
223919,2020-08-30,Cherokee,North Carolina,37039.0,410,5.0,1.0,,,,-0.39899999
223920,2020-08-31,Cherokee,North Carolina,37039.0,433,5.0,23.0,,,,-0.30000001
223921,2020-09-01,Cherokee,North Carolina,37039.0,446,5.0,13.0,,,,-0.20900001
223922,2020-09-02,Cherokee,North Carolina,37039.0,446,5.0,0.0,,,,-0.26300001
223923,2020-09-03,Cherokee,North Carolina,37039.0,466,5.0,20.0,,,,-0.249
223924,2020-09-04,Cherokee,North Carolina,37039.0,475,6.0,9.0,,,,-0.308
223925,2020-09-05,Cherokee,North Carolina,37039.0,481,6.0,6.0,,,,-0.359
223926,2020-09-06,Cherokee,North Carolina,37039.0,487,6.0,6.0,,,,-0.32100001
223927,2020-09-07,Cherokee,North Carolina,37039.0,495,6.0,8.0,,,,-0.33799999999999997
223928,2020-09-08,Cherokee,North Carolina,37039.0,496,6.0,1.0,,,,-0.64200002
223929,2020-09-09,Cherokee,North Carolina,37039.0,496,6.0,0.0,,,,-0.37400001
223930,2020-09-10,Cherokee,North Carolina,37039.0,507,6.0,11.0,,,,-0.49000001
223931,2020-09-11,Cherokee,North Carolina,37039.0,512,6.0,5.0,,,,-0.43599999
223932,2020-09-12,Cherokee,North Carolina,37039.0,519,6.0,7.0,,,,-0.40900001
223933,2020-09-13,Cherokee,North Carolina,37039.0,529,6.0,10.0,,,,-0.44499999
223934,2020-09-14,Cherokee,North Carolina,37039.0,535,6.0,6.0,,,,-0.47400001
223935,2020-09-15,Cherokee,North Carolina,37039.0,546,6.0,11.0,,,,-0.55599999
223936,2020-09-16,Cherokee,North Carolina,37039.0,549,9.0,3.0,,,,-0.435
223937,2020-09-17,Cherokee,North Carolina,37039.0,554,10.0,5.0,,,,-0.67900002
223938,2020-09-18,Cherokee,North Carolina,37039.0,561,10.0,7.0,,,,-0.69099998
223939,2020-09-19,Cherokee,North Carolina,37039.0,567,10.0,6.0,,,,-0.42500001
223940,2020-09-20,Cherokee,North Carolina,37039.0,573,10.0,6.0,,,,-0.42199999
223941,2020-09-21,Cherokee,North Carolina,37039.0,579,10.0,6.0,,,,-0.55500001
223942,2020-09-22,Cherokee,North Carolina,37039.0,581,10.0,2.0,,,,-0.51999998
223943,2020-09-23,Cherokee,North Carolina,37039.0,587,10.0,6.0,,,,-0.419
223944,2020-09-24,Cherokee,North Carolina,37039.0,599,12.0,12.0,,,,-0.47
223945,2020-09-25,Cherokee,North Carolina,37039.0,614,12.0,15.0,,,,-0.35699999
223946,2020-09-26,Cherokee,North Carolina,37039.0,619,12.0,5.0,,,,-0.44299999
223947,2020-09-27,Cherokee,North Carolina,37039.0,625,12.0,6.0,,,,-0.449
223948,2020-09-28,Cherokee,North Carolina,37039.0,628,12.0,3.0,,,,-0.43000001
223949,2020-09-29,Cherokee,North Carolina,37039.0,646,12.0,18.0,,,,-0.25999999
223950,2020-09-30,Cherokee,North Carolina,37039.0,649,12.0,3.0,,,,-0.33199999
223951,2020-10-01,Cherokee,North Carolina,37039.0,659,12.0,10.0,,,,-0.28600001
223952,2020-10-02,Cherokee,North Carolina,37039.0,665,12.0,6.0,,,,-0.23600000000000002
223953,2020-10-03,Cherokee,North Carolina,37039.0,671,12.0,6.0,,,,-0.24600001
223954,2020-10-04,Cherokee,North Carolina,37039.0,673,12.0,2.0,,,,-0.31900001
223955,2020-10-05,Cherokee,North Carolina,37039.0,677,12.0,4.0,,,,-0.43799999
223956,2020-10-06,Cherokee,North Carolina,37039.0,679,12.0,2.0,,,,-0.33299999999999996
223957,2020-10-07,Cherokee,North Carolina,37039.0,679,12.0,0.0,,,,-0.245
223958,2020-10-08,Cherokee,North Carolina,37039.0,683,12.0,4.0,,,,-0.19400001
223959,2020-10-09,Cherokee,North Carolina,37039.0,694,12.0,11.0,,,,-0.19699999999999998
223960,2020-10-10,Cherokee,North Carolina,37039.0,702,12.0,8.0,,,,-0.336
223961,2020-10-11,Cherokee,North Carolina,37039.0,706,12.0,4.0,,,,-0.36899999
223962,2020-10-12,Cherokee,North Carolina,37039.0,710,12.0,4.0,,,,-0.23800001
223963,2020-10-13,Cherokee,North Carolina,37039.0,711,12.0,1.0,,,,-0.40000001
223964,2020-10-14,Cherokee,North Carolina,37039.0,711,12.0,0.0,,,,-0.57099998
223965,2020-10-15,Cherokee,North Carolina,37039.0,718,12.0,7.0,,,,-0.52100003
223966,2020-10-16,Cherokee,North Carolina,37039.0,723,12.0,5.0,,,,-0.66399997
223967,2020-10-17,Cherokee,North Carolina,37039.0,729,12.0,6.0,,,,-0.59299999
223968,2020-10-18,Cherokee,North Carolina,37039.0,731,12.0,2.0,,,,-0.47600001
223969,2020-10-19,Cherokee,North Carolina,37039.0,733,12.0,2.0,,,,-0.47600001
223970,2020-10-20,Cherokee,North Carolina,37039.0,738,12.0,5.0,,,,-0.42500001
223971,2020-10-21,Cherokee,North Carolina,37039.0,738,12.0,0.0,,,,-0.40000001
223972,2020-10-22,Cherokee,North Carolina,37039.0,753,14.0,15.0,,,,-0.51700002
223973,2020-10-23,Cherokee,North Carolina,37039.0,755,14.0,2.0,,,,-0.34799999
223974,2020-10-24,Cherokee,North Carolina,37039.0,765,14.0,10.0,,,,-0.182
223975,2020-10-25,Cherokee,North Carolina,37039.0,767,14.0,2.0,,,,-0.29699999
223976,2020-10-26,Cherokee,North Carolina,37039.0,769,14.0,2.0,,,,-0.308
223977,2020-10-27,Cherokee,North Carolina,37039.0,773,14.0,4.0,,,,-0.30599999
223978,2020-10-28,Cherokee,North Carolina,37039.0,773,14.0,0.0,,,,-0.31
223979,2020-10-29,Cherokee,North Carolina,37039.0,776,15.0,3.0,,,,-0.315
223980,2020-10-30,Cherokee,North Carolina,37039.0,778,15.0,2.0,,,,-0.31900001
223981,2020-10-31,Cherokee,North Carolina,37039.0,781,15.0,3.0,,,,-0.361
223982,2020-11-01,Cherokee,North Carolina,37039.0,782,15.0,1.0,,,,-0.32800001
223983,2020-11-02,Cherokee,North Carolina,37039.0,785,15.0,3.0,,,,-0.382
223984,2020-11-03,Cherokee,North Carolina,37039.0,794,15.0,9.0,,,,-0.31400001
223985,2020-11-04,Cherokee,North Carolina,37039.0,798,15.0,4.0,,,,-0.42500001
223986,2020-11-05,Cherokee,North Carolina,37039.0,806,15.0,8.0,,,,-0.428
223987,2020-11-06,Cherokee,North Carolina,37039.0,816,15.0,10.0,,,,-0.57599998
223988,2020-11-07,Cherokee,North Carolina,37039.0,820,15.0,4.0,,,,-0.55800003
223989,2020-11-08,Cherokee,North Carolina,37039.0,821,15.0,1.0,,,,-0.50199997
223990,2020-11-09,Cherokee,North Carolina,37039.0,821,15.0,0.0,,,,-0.47600001
223991,2020-11-10,Cherokee,North Carolina,37039.0,829,15.0,8.0,,,,-0.47099999
223992,2020-11-11,Cherokee,North Carolina,37039.0,833,15.0,4.0,,,,-0.41999999
223993,2020-11-12,Cherokee,North Carolina,37039.0,835,15.0,2.0,,,,-0.45500001
223994,2020-11-13,Cherokee,North Carolina,37039.0,838,15.0,3.0,,,,-0.43799999
223995,2020-11-14,Cherokee,North Carolina,37039.0,848,15.0,10.0,,,,-0.433
223996,2020-11-15,Cherokee,North Carolina,37039.0,854,15.0,6.0,,,,-0.447
223997,2020-11-16,Cherokee,North Carolina,37039.0,858,15.0,4.0,,,,-0.498
223998,2020-11-17,Cherokee,North Carolina,37039.0,865,15.0,7.0,,,,-0.57700002
223999,2020-11-18,Cherokee,North Carolina,37039.0,870,15.0,5.0,,,,-0.486
224000,2020-11-19,Cherokee,North Carolina,37039.0,877,15.0,7.0,,,,-0.46599999
224001,2020-11-20,Cherokee,North Carolina,37039.0,887,15.0,10.0,,,,-0.43599999
224002,2020-11-21,Cherokee,North Carolina,37039.0,895,15.0,8.0,,,,-0.45300001
224003,2020-11-22,Cherokee,North Carolina,37039.0,897,15.0,2.0,,,,-0.46700001
