,date,county,state,fips,cases,deaths,new_cases,emp_combined,emp_combined_inclow,revenue_all,spend_all
224004,2020-03-25,Cleveland,North Carolina,37045.0,1,0.0,0.0,-0.193,.,,-0.22400001
224005,2020-03-26,Cleveland,North Carolina,37045.0,2,0.0,1.0,-0.209,.,,-0.204
224006,2020-03-27,Cleveland,North Carolina,37045.0,2,0.0,0.0,-0.226,.,,-0.23
224007,2020-03-28,Cleveland,North Carolina,37045.0,3,0.0,1.0,-0.244,.,,-0.237
224008,2020-03-29,Cleveland,North Carolina,37045.0,5,0.0,2.0,-0.263,.,,-0.25
224009,2020-03-30,Cleveland,North Carolina,37045.0,5,0.0,0.0,-0.283,.,,-0.21899999999999997
224010,2020-03-31,Cleveland,North Carolina,37045.0,6,0.0,1.0,-0.304,.,,-0.23600000000000002
224011,2020-04-01,Cleveland,North Carolina,37045.0,6,0.0,0.0,-0.324,.,,-0.25600001
224012,2020-04-02,Cleveland,North Carolina,37045.0,7,0.0,1.0,-0.344,.,,-0.28099999
224013,2020-04-03,Cleveland,North Carolina,37045.0,10,0.0,3.0,-0.363,.,,-0.30000001
224014,2020-04-04,Cleveland,North Carolina,37045.0,15,0.0,5.0,-0.38,.,,-0.30700001
224015,2020-04-05,Cleveland,North Carolina,37045.0,15,0.0,0.0,-0.395,.,,-0.32499999
224016,2020-04-06,Cleveland,North Carolina,37045.0,18,0.0,3.0,-0.408,.,,-0.354
224017,2020-04-07,Cleveland,North Carolina,37045.0,23,0.0,5.0,-0.418,.,,-0.33899999
224018,2020-04-08,Cleveland,North Carolina,37045.0,26,0.0,3.0,-0.426,.,,-0.32300001
224019,2020-04-09,Cleveland,North Carolina,37045.0,27,0.0,1.0,-0.432,.,,-0.32800001
224020,2020-04-10,Cleveland,North Carolina,37045.0,32,0.0,5.0,-0.436,.,,-0.30199999
224021,2020-04-11,Cleveland,North Carolina,37045.0,35,0.0,3.0,-0.437,.,,-0.26199999
224022,2020-04-12,Cleveland,North Carolina,37045.0,38,0.0,3.0,-0.437,.,,-0.244
224023,2020-04-13,Cleveland,North Carolina,37045.0,39,0.0,1.0,-0.436,.,,-0.22
224024,2020-04-14,Cleveland,North Carolina,37045.0,39,0.0,0.0,-0.434,.,,-0.228
224025,2020-04-15,Cleveland,North Carolina,37045.0,40,1.0,1.0,-0.431,.,,-0.242
224026,2020-04-16,Cleveland,North Carolina,37045.0,41,1.0,1.0,-0.427,.,,-0.17600000000000002
224027,2020-04-17,Cleveland,North Carolina,37045.0,42,1.0,1.0,-0.423,.,,-0.132
224028,2020-04-18,Cleveland,North Carolina,37045.0,42,1.0,0.0,-0.419,.,,-0.192
224029,2020-04-19,Cleveland,North Carolina,37045.0,44,1.0,2.0,-0.415,.,,-0.18000001
224030,2020-04-20,Cleveland,North Carolina,37045.0,43,1.0,-1.0,-0.411,.,,-0.21600001
224031,2020-04-21,Cleveland,North Carolina,37045.0,44,1.0,1.0,-0.406,.,,-0.163
224032,2020-04-22,Cleveland,North Carolina,37045.0,45,2.0,1.0,-0.402,.,,-0.17399999
224033,2020-04-23,Cleveland,North Carolina,37045.0,45,2.0,0.0,-0.398,.,,-0.243
224034,2020-04-24,Cleveland,North Carolina,37045.0,45,2.0,0.0,-0.394,.,,-0.266
224035,2020-04-25,Cleveland,North Carolina,37045.0,46,2.0,1.0,-0.39,.,,-0.249
224036,2020-04-26,Cleveland,North Carolina,37045.0,46,2.0,0.0,-0.387,.,,-0.255
224037,2020-04-27,Cleveland,North Carolina,37045.0,46,2.0,0.0,-0.383,.,,-0.223
224038,2020-04-28,Cleveland,North Carolina,37045.0,46,2.0,0.0,-0.38,.,,-0.22899999999999998
224039,2020-04-29,Cleveland,North Carolina,37045.0,46,2.0,0.0,-0.377,.,,-0.23399999999999999
224040,2020-04-30,Cleveland,North Carolina,37045.0,47,2.0,1.0,-0.375,.,,-0.15000001
224041,2020-05-01,Cleveland,North Carolina,37045.0,47,2.0,0.0,-0.373,.,,-0.11900000000000001
224042,2020-05-02,Cleveland,North Carolina,37045.0,47,2.0,0.0,-0.371,.,,-0.063900001
224043,2020-05-03,Cleveland,North Carolina,37045.0,47,2.0,0.0,-0.37,.,,-0.060699999000000004
224044,2020-05-04,Cleveland,North Carolina,37045.0,47,2.0,0.0,-0.369,.,,-0.049800000999999997
224045,2020-05-05,Cleveland,North Carolina,37045.0,48,2.0,1.0,-0.369,.,,-0.102
224046,2020-05-06,Cleveland,North Carolina,37045.0,48,2.0,0.0,-0.368,.,,-0.050700000999999995
224047,2020-05-07,Cleveland,North Carolina,37045.0,50,2.0,2.0,-0.368,.,,-0.039999999
224048,2020-05-08,Cleveland,North Carolina,37045.0,50,2.0,0.0,-0.368,.,,-0.073200002
224049,2020-05-09,Cleveland,North Carolina,37045.0,50,2.0,0.0,-0.369,.,,-0.0735
224050,2020-05-10,Cleveland,North Carolina,37045.0,50,2.0,0.0,-0.369,.,,-0.069499999
224051,2020-05-11,Cleveland,North Carolina,37045.0,50,2.0,0.0,-0.369,.,,-0.0867
224052,2020-05-12,Cleveland,North Carolina,37045.0,50,2.0,0.0,-0.37,.,,-0.022299998999999997
224053,2020-05-13,Cleveland,North Carolina,37045.0,51,2.0,1.0,-0.37,.,,-0.0122
224054,2020-05-14,Cleveland,North Carolina,37045.0,53,2.0,2.0,-0.371,.,,-0.0231
224055,2020-05-15,Cleveland,North Carolina,37045.0,54,2.0,1.0,-0.371,.,,-0.0208
224056,2020-05-16,Cleveland,North Carolina,37045.0,54,2.0,0.0,-0.371,.,,-0.088500001
224057,2020-05-17,Cleveland,North Carolina,37045.0,54,2.0,0.0,-0.371,.,,-0.051100001
224058,2020-05-18,Cleveland,North Carolina,37045.0,55,2.0,1.0,-0.371,.,,0.037099997999999995
224059,2020-05-19,Cleveland,North Carolina,37045.0,55,2.0,0.0,-0.37,.,,0.0264
224060,2020-05-20,Cleveland,North Carolina,37045.0,60,2.0,5.0,-0.369,.,,-0.0070699998
224061,2020-05-21,Cleveland,North Carolina,37045.0,60,2.0,0.0,-0.368,.,,-0.0495
224062,2020-05-22,Cleveland,North Carolina,37045.0,63,2.0,3.0,-0.365,.,,0.0297
224063,2020-05-23,Cleveland,North Carolina,37045.0,67,2.0,4.0,-0.362,.,,0.07530000099999999
224064,2020-05-24,Cleveland,North Carolina,37045.0,67,2.0,0.0,-0.358,.,,-0.00040899999999999997
224065,2020-05-25,Cleveland,North Carolina,37045.0,69,2.0,2.0,-0.354,.,,-0.0403
224066,2020-05-26,Cleveland,North Carolina,37045.0,69,2.0,0.0,-0.348,.,,-0.029999999
224067,2020-05-27,Cleveland,North Carolina,37045.0,73,2.0,4.0,-0.343,.,,0.032299998999999996
224068,2020-05-28,Cleveland,North Carolina,37045.0,78,2.0,5.0,-0.336,.,,0.061500002000000005
224069,2020-05-29,Cleveland,North Carolina,37045.0,79,2.0,1.0,-0.33,.,,0.0112
224070,2020-05-30,Cleveland,North Carolina,37045.0,89,2.0,10.0,-0.324,.,,0.041099999
224071,2020-05-31,Cleveland,North Carolina,37045.0,90,2.0,1.0,-0.318,.,,0.09719999900000001
224072,2020-06-01,Cleveland,North Carolina,37045.0,94,2.0,4.0,-0.312,.,,0.065399997
224073,2020-06-02,Cleveland,North Carolina,37045.0,99,2.0,5.0,-0.306,.,,0.102
224074,2020-06-03,Cleveland,North Carolina,37045.0,102,2.0,3.0,-0.3,.,,0.045699999000000005
224075,2020-06-04,Cleveland,North Carolina,37045.0,104,2.0,2.0,-0.295,.,,0.049699999
224076,2020-06-05,Cleveland,North Carolina,37045.0,108,2.0,4.0,-0.29,.,,0.0195
224077,2020-06-06,Cleveland,North Carolina,37045.0,113,2.0,5.0,-0.285,.,,-0.0102
224078,2020-06-07,Cleveland,North Carolina,37045.0,121,2.0,8.0,-0.28,.,,-0.0139
224079,2020-06-08,Cleveland,North Carolina,37045.0,121,2.0,0.0,-0.275,.,,-0.0078699999
224080,2020-06-09,Cleveland,North Carolina,37045.0,127,2.0,6.0,-0.271,.,,-0.0128
224081,2020-06-10,Cleveland,North Carolina,37045.0,127,2.0,0.0,-0.267,.,,-0.020400001
224082,2020-06-11,Cleveland,North Carolina,37045.0,134,2.0,7.0,-0.263,.,,0.0133
224083,2020-06-12,Cleveland,North Carolina,37045.0,143,2.0,9.0,-0.26,.,,0.06570000200000001
224084,2020-06-13,Cleveland,North Carolina,37045.0,152,2.0,9.0,-0.258,.,,0.10099999999999999
224085,2020-06-14,Cleveland,North Carolina,37045.0,159,2.0,7.0,-0.256,.,,0.079599999
224086,2020-06-15,Cleveland,North Carolina,37045.0,159,2.0,0.0,-0.255,.,,0.0546
224087,2020-06-16,Cleveland,North Carolina,37045.0,164,2.0,5.0,-0.255,.,,0.0217
224088,2020-06-17,Cleveland,North Carolina,37045.0,180,2.0,16.0,-0.254,.,,0.060400002
224089,2020-06-18,Cleveland,North Carolina,37045.0,189,2.0,9.0,-0.254,.,,0.020500001
224090,2020-06-19,Cleveland,North Carolina,37045.0,202,2.0,13.0,-0.255,.,,-0.00563
224091,2020-06-20,Cleveland,North Carolina,37045.0,213,2.0,11.0,-0.255,.,,-0.0106
224092,2020-06-21,Cleveland,North Carolina,37045.0,225,2.0,12.0,-0.255,.,,-0.0041299998
224093,2020-06-22,Cleveland,North Carolina,37045.0,227,2.0,2.0,-0.255,.,,-0.0112
224094,2020-06-23,Cleveland,North Carolina,37045.0,239,2.0,12.0,-0.255,.,,0.0306
224095,2020-06-24,Cleveland,North Carolina,37045.0,242,2.0,3.0,-0.255,.,,0.032499999
224096,2020-06-25,Cleveland,North Carolina,37045.0,248,3.0,6.0,-0.255,.,,0.0394
224097,2020-06-26,Cleveland,North Carolina,37045.0,257,3.0,9.0,-0.254,.,,-0.0149
224098,2020-06-27,Cleveland,North Carolina,37045.0,268,3.0,11.0,-0.254,.,,-0.027000001000000003
224099,2020-06-28,Cleveland,North Carolina,37045.0,277,3.0,9.0,-0.253,.,,-0.016899999
224100,2020-06-29,Cleveland,North Carolina,37045.0,283,4.0,6.0,-0.251,.,,0.0447
224101,2020-06-30,Cleveland,North Carolina,37045.0,297,4.0,14.0,-0.25,.,,0.023499999
224102,2020-07-01,Cleveland,North Carolina,37045.0,315,4.0,18.0,-0.248,.,,0.07540000200000001
224103,2020-07-02,Cleveland,North Carolina,37045.0,324,4.0,9.0,-0.246,.,,0.198
224104,2020-07-03,Cleveland,North Carolina,37045.0,349,4.0,25.0,-0.245,.,,0.252
224105,2020-07-04,Cleveland,North Carolina,37045.0,365,4.0,16.0,-0.243,.,,0.34999999
224106,2020-07-05,Cleveland,North Carolina,37045.0,375,4.0,10.0,-0.241,.,,0.359
224107,2020-07-06,Cleveland,North Carolina,37045.0,398,5.0,23.0,-0.239,.,,0.36000001
224108,2020-07-07,Cleveland,North Carolina,37045.0,407,5.0,9.0,-0.237,.,,0.366
224109,2020-07-08,Cleveland,North Carolina,37045.0,423,6.0,16.0,-0.235,.,,0.36399999
224110,2020-07-09,Cleveland,North Carolina,37045.0,448,8.0,25.0,-0.233,.,,0.27000001
224111,2020-07-10,Cleveland,North Carolina,37045.0,463,8.0,15.0,-0.231,.,,0.25799999
224112,2020-07-11,Cleveland,North Carolina,37045.0,498,8.0,35.0,-0.229,.,,0.21899999999999997
224113,2020-07-12,Cleveland,North Carolina,37045.0,519,8.0,21.0,-0.227,.,,0.20900001
224114,2020-07-13,Cleveland,North Carolina,37045.0,528,8.0,9.0,-0.225,.,,0.26100001
224115,2020-07-14,Cleveland,North Carolina,37045.0,544,9.0,16.0,-0.223,.,,0.26300001
224116,2020-07-15,Cleveland,North Carolina,37045.0,558,9.0,14.0,-0.22,.,,0.17200001
224117,2020-07-16,Cleveland,North Carolina,37045.0,593,9.0,35.0,-0.218,.,,0.17299999
224118,2020-07-17,Cleveland,North Carolina,37045.0,621,10.0,28.0,-0.215,.,,0.19899999999999998
224119,2020-07-18,Cleveland,North Carolina,37045.0,649,10.0,28.0,-0.213,.,,0.212
224120,2020-07-19,Cleveland,North Carolina,37045.0,671,10.0,22.0,-0.21,.,,0.12300000000000001
224121,2020-07-20,Cleveland,North Carolina,37045.0,690,10.0,19.0,-0.208,.,,0.063600004
224122,2020-07-21,Cleveland,North Carolina,37045.0,708,11.0,18.0,-0.206,.,,0.057599999000000006
224123,2020-07-22,Cleveland,North Carolina,37045.0,735,11.0,27.0,-0.205,.,,0.11800000000000001
224124,2020-07-23,Cleveland,North Carolina,37045.0,753,13.0,18.0,-0.206,.,,0.0266
224125,2020-07-24,Cleveland,North Carolina,37045.0,788,13.0,35.0,-0.207,.,,0.075999998
224126,2020-07-25,Cleveland,North Carolina,37045.0,809,13.0,21.0,-0.211,.,,0.035100002000000005
224127,2020-07-26,Cleveland,North Carolina,37045.0,839,13.0,30.0,-0.216,.,,0.041099999
224128,2020-07-27,Cleveland,North Carolina,37045.0,878,13.0,39.0,-0.222,.,,0.029300001000000003
224129,2020-07-28,Cleveland,North Carolina,37045.0,892,13.0,14.0,-0.229,.,,0.07379999799999999
224130,2020-07-29,Cleveland,North Carolina,37045.0,910,13.0,18.0,-0.237,.,,0.0779
224131,2020-07-30,Cleveland,North Carolina,37045.0,936,13.0,26.0,-0.245,.,,0.0656
224132,2020-07-31,Cleveland,North Carolina,37045.0,964,14.0,28.0,-0.253,.,,-0.023800001
224133,2020-08-01,Cleveland,North Carolina,37045.0,999,14.0,35.0,-0.259,.,,0.043200000999999995
224134,2020-08-02,Cleveland,North Carolina,37045.0,1019,14.0,20.0,-0.265,.,,0.043900002
224135,2020-08-03,Cleveland,North Carolina,37045.0,1037,17.0,18.0,-0.269,.,,0.074900001
224136,2020-08-04,Cleveland,North Carolina,37045.0,1087,17.0,50.0,-0.272,.,,0.083400004
224137,2020-08-05,Cleveland,North Carolina,37045.0,1097,17.0,10.0,-0.273,.,,0.13600001
224138,2020-08-06,Cleveland,North Carolina,37045.0,1128,18.0,31.0,-0.274,.,,0.177
224139,2020-08-07,Cleveland,North Carolina,37045.0,1143,18.0,15.0,-0.275,.,,0.18700001
224140,2020-08-08,Cleveland,North Carolina,37045.0,1167,20.0,24.0,-0.275,.,,0.183
224141,2020-08-09,Cleveland,North Carolina,37045.0,1178,20.0,11.0,-0.275,.,,0.233
224142,2020-08-10,Cleveland,North Carolina,37045.0,1193,20.0,15.0,-0.274,.,,0.248
224143,2020-08-11,Cleveland,North Carolina,37045.0,1208,22.0,15.0,-0.274,.,,0.25
224144,2020-08-12,Cleveland,North Carolina,37045.0,1217,22.0,9.0,-0.273,.,,0.213
224145,2020-08-13,Cleveland,North Carolina,37045.0,1255,22.0,38.0,-0.271,.,,0.213
224146,2020-08-14,Cleveland,North Carolina,37045.0,1286,23.0,31.0,-0.27,.,,0.26800001
224147,2020-08-15,Cleveland,North Carolina,37045.0,1304,23.0,18.0,-0.268,.,,0.221
224148,2020-08-16,Cleveland,North Carolina,37045.0,1322,24.0,18.0,-0.265,.,,0.19400001
224149,2020-08-17,Cleveland,North Carolina,37045.0,1332,24.0,10.0,-0.262,.,,0.13699999
224150,2020-08-18,Cleveland,North Carolina,37045.0,1341,24.0,9.0,-0.259,.,,0.059300002000000004
224151,2020-08-19,Cleveland,North Carolina,37045.0,1358,24.0,17.0,-0.257,.,,0.063600004
224152,2020-08-20,Cleveland,North Carolina,37045.0,1398,25.0,40.0,-0.255,.,,0.061000001
224153,2020-08-21,Cleveland,North Carolina,37045.0,1422,25.0,24.0,-0.254,.,,0.083800003
224154,2020-08-22,Cleveland,North Carolina,37045.0,1462,25.0,40.0,-0.253,.,,0.052499998
224155,2020-08-23,Cleveland,North Carolina,37045.0,1474,25.0,12.0,-0.254,.,,0.0603
224156,2020-08-24,Cleveland,North Carolina,37045.0,1488,25.0,14.0,-0.255,.,,0.094599999
224157,2020-08-25,Cleveland,North Carolina,37045.0,1499,26.0,11.0,-0.258,.,,0.163
224158,2020-08-26,Cleveland,North Carolina,37045.0,1509,30.0,10.0,-0.261,.,,0.142
224159,2020-08-27,Cleveland,North Carolina,37045.0,1537,32.0,28.0,-0.265,.,,0.20200001
224160,2020-08-28,Cleveland,North Carolina,37045.0,1568,32.0,31.0,-0.269,.,,0.21899999999999997
224161,2020-08-29,Cleveland,North Carolina,37045.0,1586,35.0,18.0,-0.274,.,,0.25099999
224162,2020-08-30,Cleveland,North Carolina,37045.0,1592,36.0,6.0,-0.279,.,,0.245
224163,2020-08-31,Cleveland,North Carolina,37045.0,1604,37.0,12.0,-0.284,.,,0.226
224164,2020-09-01,Cleveland,North Carolina,37045.0,1624,42.0,20.0,-0.288,.,,0.20600000000000002
224165,2020-09-02,Cleveland,North Carolina,37045.0,1630,43.0,6.0,-0.292,.,,0.226
224166,2020-09-03,Cleveland,North Carolina,37045.0,1636,44.0,6.0,-0.295,.,,0.185
224167,2020-09-04,Cleveland,North Carolina,37045.0,1655,45.0,19.0,-0.297,.,,0.154
224168,2020-09-05,Cleveland,North Carolina,37045.0,1671,46.0,16.0,-0.299,.,,0.18600000000000003
224169,2020-09-06,Cleveland,North Carolina,37045.0,1689,46.0,18.0,-0.299,.,,0.233
224170,2020-09-07,Cleveland,North Carolina,37045.0,1704,46.0,15.0,-0.298,.,,0.228
224171,2020-09-08,Cleveland,North Carolina,37045.0,1717,50.0,13.0,-0.296,.,,0.16399999999999998
224172,2020-09-09,Cleveland,North Carolina,37045.0,1743,50.0,26.0,-0.294,.,,0.221
224173,2020-09-10,Cleveland,North Carolina,37045.0,1764,50.0,21.0,-0.291,.,,0.242
224174,2020-09-11,Cleveland,North Carolina,37045.0,1792,50.0,28.0,-0.289,.,,0.27000001
224175,2020-09-12,Cleveland,North Carolina,37045.0,1813,52.0,21.0,-0.286,.,,0.27900001
224176,2020-09-13,Cleveland,North Carolina,37045.0,1830,53.0,17.0,-0.283,.,,0.204
224177,2020-09-14,Cleveland,North Carolina,37045.0,1844,54.0,14.0,-0.28,.,,0.18600000000000003
224178,2020-09-15,Cleveland,North Carolina,37045.0,1879,54.0,35.0,-0.278,.,,0.205
224179,2020-09-16,Cleveland,North Carolina,37045.0,1909,54.0,30.0,-0.275,.,,0.20999999
224180,2020-09-17,Cleveland,North Carolina,37045.0,1927,56.0,18.0,-0.273,.,,0.22400001
224181,2020-09-18,Cleveland,North Carolina,37045.0,1970,57.0,43.0,-0.271,.,,0.244
224182,2020-09-19,Cleveland,North Carolina,37045.0,1994,60.0,24.0,-0.269,.,,0.28999999
224183,2020-09-20,Cleveland,North Carolina,37045.0,2022,60.0,28.0,-0.266,.,,0.292
224184,2020-09-21,Cleveland,North Carolina,37045.0,2040,60.0,18.0,-0.264,.,,0.36300001
224185,2020-09-22,Cleveland,North Carolina,37045.0,2071,60.0,31.0,-0.262,.,,0.37799999
224186,2020-09-23,Cleveland,North Carolina,37045.0,2095,60.0,24.0,-0.26,.,,0.38699999
224187,2020-09-24,Cleveland,North Carolina,37045.0,2118,61.0,23.0,-0.258,.,,0.38699999
224188,2020-09-25,Cleveland,North Carolina,37045.0,2176,61.0,58.0,-0.256,.,,0.38699999
224189,2020-09-26,Cleveland,North Carolina,37045.0,2202,62.0,26.0,-0.254,.,,0.38699999
224190,2020-09-27,Cleveland,North Carolina,37045.0,2224,62.0,22.0,-0.253,.,,0.38699999
224191,2020-09-28,Cleveland,North Carolina,37045.0,2242,63.0,18.0,-0.252,.,,0.38699999
224192,2020-09-29,Cleveland,North Carolina,37045.0,2254,63.0,12.0,-0.251,.,,0.38699999
224193,2020-09-30,Cleveland,North Carolina,37045.0,2290,65.0,36.0,-0.25,.,,0.38699999
224194,2020-10-01,Cleveland,North Carolina,37045.0,2328,68.0,38.0,,,,0.31600001
224195,2020-10-02,Cleveland,North Carolina,37045.0,2347,68.0,19.0,,,,0.28099999
224196,2020-10-03,Cleveland,North Carolina,37045.0,2403,68.0,56.0,,,,0.28
224197,2020-10-04,Cleveland,North Carolina,37045.0,2415,68.0,12.0,,,,0.266
224198,2020-10-05,Cleveland,North Carolina,37045.0,2446,68.0,31.0,,,,0.23600000000000002
224199,2020-10-06,Cleveland,North Carolina,37045.0,2467,72.0,21.0,,,,0.292
224200,2020-10-07,Cleveland,North Carolina,37045.0,2514,72.0,47.0,,,,0.34299999
224201,2020-10-08,Cleveland,North Carolina,37045.0,2561,73.0,47.0,,,,0.33299999999999996
224202,2020-10-09,Cleveland,North Carolina,37045.0,2592,73.0,31.0,,,,0.30500001
224203,2020-10-10,Cleveland,North Carolina,37045.0,2629,73.0,37.0,,,,0.221
224204,2020-10-11,Cleveland,North Carolina,37045.0,2651,73.0,22.0,,,,0.17900001
224205,2020-10-12,Cleveland,North Carolina,37045.0,2674,73.0,23.0,,,,0.184
224206,2020-10-13,Cleveland,North Carolina,37045.0,2706,74.0,32.0,,,,0.162
224207,2020-10-14,Cleveland,North Carolina,37045.0,2726,74.0,20.0,,,,0.16699999999999998
224208,2020-10-15,Cleveland,North Carolina,37045.0,2753,75.0,27.0,,,,0.19699999999999998
224209,2020-10-16,Cleveland,North Carolina,37045.0,2783,75.0,30.0,,,,0.20299999
224210,2020-10-17,Cleveland,North Carolina,37045.0,2820,76.0,37.0,,,,0.24100000000000002
224211,2020-10-18,Cleveland,North Carolina,37045.0,2849,76.0,29.0,,,,0.26499999
224212,2020-10-19,Cleveland,North Carolina,37045.0,2864,76.0,15.0,,,,0.233
224213,2020-10-20,Cleveland,North Carolina,37045.0,2914,76.0,50.0,,,,0.21899999999999997
224214,2020-10-21,Cleveland,North Carolina,37045.0,2956,81.0,42.0,,,,0.19599999
224215,2020-10-22,Cleveland,North Carolina,37045.0,2985,81.0,29.0,,,,0.162
224216,2020-10-23,Cleveland,North Carolina,37045.0,3008,81.0,23.0,,,,0.097000003
224217,2020-10-24,Cleveland,North Carolina,37045.0,3049,81.0,41.0,,,,0.096799999
224218,2020-10-25,Cleveland,North Carolina,37045.0,3069,81.0,20.0,,,,0.10800000000000001
224219,2020-10-26,Cleveland,North Carolina,37045.0,3088,83.0,19.0,,,,0.15800001
224220,2020-10-27,Cleveland,North Carolina,37045.0,3132,85.0,44.0,,,,0.14800000000000002
224221,2020-10-28,Cleveland,North Carolina,37045.0,3157,86.0,25.0,,,,0.13500001
224222,2020-10-29,Cleveland,North Carolina,37045.0,3204,86.0,47.0,,,,0.113
224223,2020-10-30,Cleveland,North Carolina,37045.0,3247,86.0,43.0,,,,0.18099999
224224,2020-10-31,Cleveland,North Carolina,37045.0,3322,86.0,75.0,,,,0.21799999
224225,2020-11-01,Cleveland,North Carolina,37045.0,3344,86.0,22.0,,,,0.222
224226,2020-11-02,Cleveland,North Carolina,37045.0,3365,86.0,21.0,,,,0.226
224227,2020-11-03,Cleveland,North Carolina,37045.0,3403,87.0,38.0,,,,0.20999999
224228,2020-11-04,Cleveland,North Carolina,37045.0,3427,88.0,24.0,,,,0.221
224229,2020-11-05,Cleveland,North Carolina,37045.0,3458,91.0,31.0,,,,0.28600001
224230,2020-11-06,Cleveland,North Carolina,37045.0,3498,91.0,40.0,,,,0.25799999
224231,2020-11-07,Cleveland,North Carolina,37045.0,3544,91.0,46.0,,,,0.22400001
224232,2020-11-08,Cleveland,North Carolina,37045.0,3562,91.0,18.0,,,,0.22699999999999998
224233,2020-11-09,Cleveland,North Carolina,37045.0,3584,91.0,22.0,,,,0.249
224234,2020-11-10,Cleveland,North Carolina,37045.0,3612,92.0,28.0,,,,0.27000001
224235,2020-11-11,Cleveland,North Carolina,37045.0,3640,93.0,28.0,,,,0.27599999
224236,2020-11-12,Cleveland,North Carolina,37045.0,3662,93.0,22.0,,,,0.233
224237,2020-11-13,Cleveland,North Carolina,37045.0,3680,95.0,18.0,,,,0.171
224238,2020-11-14,Cleveland,North Carolina,37045.0,3728,95.0,48.0,,,,0.221
224239,2020-11-15,Cleveland,North Carolina,37045.0,3765,95.0,37.0,,,,0.237
224240,2020-11-16,Cleveland,North Carolina,37045.0,3786,95.0,21.0,,,,0.214
224241,2020-11-17,Cleveland,North Carolina,37045.0,3815,99.0,29.0,,,,0.21100000000000002
224242,2020-11-18,Cleveland,North Carolina,37045.0,3841,99.0,26.0,,,,0.20800000000000002
224243,2020-11-19,Cleveland,North Carolina,37045.0,3881,101.0,40.0,,,,0.287
224244,2020-11-20,Cleveland,North Carolina,37045.0,3916,102.0,35.0,,,,0.25799999
224245,2020-11-21,Cleveland,North Carolina,37045.0,3952,103.0,36.0,,,,0.26699999
224246,2020-11-22,Cleveland,North Carolina,37045.0,4014,104.0,62.0,,,,0.12800001
