,date,county,state,fips,cases,deaths,new_cases,emp_combined,emp_combined_inclow,revenue_all,spend_all
224247,2020-03-29,Columbus,North Carolina,37047.0,1,0.0,0.0,,,,-0.34200001
224248,2020-03-30,Columbus,North Carolina,37047.0,2,0.0,1.0,,,,-0.322
224249,2020-03-31,Columbus,North Carolina,37047.0,2,0.0,0.0,,,,-0.38699999
224250,2020-04-01,Columbus,North Carolina,37047.0,2,0.0,0.0,,,,-0.384
224251,2020-04-02,Columbus,North Carolina,37047.0,2,0.0,0.0,,,,-0.30199999
224252,2020-04-03,Columbus,North Carolina,37047.0,2,0.0,0.0,,,,-0.22699999999999998
224253,2020-04-04,Columbus,North Carolina,37047.0,4,0.0,2.0,,,,-0.20299999
224254,2020-04-05,Columbus,North Carolina,37047.0,5,0.0,1.0,,,,-0.24100000000000002
224255,2020-04-06,Columbus,North Carolina,37047.0,12,1.0,7.0,,,,-0.264
224256,2020-04-07,Columbus,North Carolina,37047.0,13,1.0,1.0,,,,-0.315
224257,2020-04-08,Columbus,North Carolina,37047.0,14,1.0,1.0,,,,-0.34200001
224258,2020-04-09,Columbus,North Carolina,37047.0,16,1.0,2.0,,,,-0.359
224259,2020-04-10,Columbus,North Carolina,37047.0,20,1.0,4.0,,,,-0.377
224260,2020-04-11,Columbus,North Carolina,37047.0,31,1.0,11.0,,,,-0.35800001
224261,2020-04-12,Columbus,North Carolina,37047.0,31,1.0,0.0,,,,-0.33899999
224262,2020-04-13,Columbus,North Carolina,37047.0,37,1.0,6.0,,,,-0.38800001
224263,2020-04-14,Columbus,North Carolina,37047.0,37,1.0,0.0,,,,-0.34900001
224264,2020-04-15,Columbus,North Carolina,37047.0,37,1.0,0.0,,,,-0.37599999
224265,2020-04-16,Columbus,North Carolina,37047.0,41,1.0,4.0,,,,-0.315
224266,2020-04-17,Columbus,North Carolina,37047.0,50,2.0,9.0,,,,-0.177
224267,2020-04-18,Columbus,North Carolina,37047.0,51,2.0,1.0,,,,-0.09839999699999999
224268,2020-04-19,Columbus,North Carolina,37047.0,57,3.0,6.0,,,,-0.06319999700000001
224269,2020-04-20,Columbus,North Carolina,37047.0,59,3.0,2.0,,,,-0.09920000300000001
224270,2020-04-21,Columbus,North Carolina,37047.0,61,3.0,2.0,,,,-0.015699999
224271,2020-04-22,Columbus,North Carolina,37047.0,66,4.0,5.0,,,,-0.146
224272,2020-04-23,Columbus,North Carolina,37047.0,74,5.0,8.0,,,,0.066200003
224273,2020-04-24,Columbus,North Carolina,37047.0,80,5.0,6.0,,,,-0.060800001
224274,2020-04-25,Columbus,North Carolina,37047.0,87,6.0,7.0,,,,-0.213
224275,2020-04-26,Columbus,North Carolina,37047.0,90,7.0,3.0,,,,-0.25600001
224276,2020-04-27,Columbus,North Carolina,37047.0,90,8.0,0.0,,,,-0.145
224277,2020-04-28,Columbus,North Carolina,37047.0,94,8.0,4.0,,,,-0.228
224278,2020-04-29,Columbus,North Carolina,37047.0,102,8.0,8.0,,,,-0.25400001
224279,2020-04-30,Columbus,North Carolina,37047.0,139,9.0,37.0,,,,-0.242
224280,2020-05-01,Columbus,North Carolina,37047.0,149,10.0,10.0,,,,-0.17600000000000002
224281,2020-05-02,Columbus,North Carolina,37047.0,164,10.0,15.0,,,,-0.08510000300000001
224282,2020-05-03,Columbus,North Carolina,37047.0,166,10.0,2.0,,,,-0.182
224283,2020-05-04,Columbus,North Carolina,37047.0,167,11.0,1.0,,,,-0.161
224284,2020-05-05,Columbus,North Carolina,37047.0,167,11.0,0.0,,,,-0.090700001
224285,2020-05-06,Columbus,North Carolina,37047.0,175,11.0,8.0,,,,-0.073299997
224286,2020-05-07,Columbus,North Carolina,37047.0,184,11.0,9.0,,,,-0.146
224287,2020-05-08,Columbus,North Carolina,37047.0,186,13.0,2.0,,,,-0.182
224288,2020-05-09,Columbus,North Carolina,37047.0,196,13.0,10.0,,,,-0.20299999
224289,2020-05-10,Columbus,North Carolina,37047.0,200,14.0,4.0,,,,-0.13600001
224290,2020-05-11,Columbus,North Carolina,37047.0,205,14.0,5.0,,,,-0.13500001
224291,2020-05-12,Columbus,North Carolina,37047.0,212,16.0,7.0,,,,-0.182
224292,2020-05-13,Columbus,North Carolina,37047.0,216,17.0,4.0,,,,-0.222
224293,2020-05-14,Columbus,North Carolina,37047.0,226,17.0,10.0,,,,-0.132
224294,2020-05-15,Columbus,North Carolina,37047.0,226,17.0,0.0,,,,-0.17900001
224295,2020-05-16,Columbus,North Carolina,37047.0,228,18.0,2.0,,,,-0.19400001
224296,2020-05-17,Columbus,North Carolina,37047.0,235,18.0,7.0,,,,-0.17
224297,2020-05-18,Columbus,North Carolina,37047.0,242,18.0,7.0,,,,-0.11699999999999999
224298,2020-05-19,Columbus,North Carolina,37047.0,251,21.0,9.0,,,,-0.142
224299,2020-05-20,Columbus,North Carolina,37047.0,253,21.0,2.0,,,,-0.109
224300,2020-05-21,Columbus,North Carolina,37047.0,271,21.0,18.0,,,,-0.14399999
224301,2020-05-22,Columbus,North Carolina,37047.0,278,21.0,7.0,,,,-0.07970000099999999
224302,2020-05-23,Columbus,North Carolina,37047.0,289,21.0,11.0,,,,-0.024
224303,2020-05-24,Columbus,North Carolina,37047.0,292,21.0,3.0,,,,-0.074500002
224304,2020-05-25,Columbus,North Carolina,37047.0,296,21.0,4.0,,,,-0.14300001
224305,2020-05-26,Columbus,North Carolina,37047.0,299,21.0,3.0,,,,0.111
224306,2020-05-27,Columbus,North Carolina,37047.0,304,22.0,5.0,,,,0.23199999
224307,2020-05-28,Columbus,North Carolina,37047.0,314,24.0,10.0,,,,0.35100001
224308,2020-05-29,Columbus,North Carolina,37047.0,320,25.0,6.0,,,,0.38699999
224309,2020-05-30,Columbus,North Carolina,37047.0,327,26.0,7.0,,,,0.38699999
224310,2020-05-31,Columbus,North Carolina,37047.0,335,26.0,8.0,,,,0.38699999
224311,2020-06-01,Columbus,North Carolina,37047.0,335,26.0,0.0,,,,0.38699999
224312,2020-06-02,Columbus,North Carolina,37047.0,337,27.0,2.0,,,,0.35800001
224313,2020-06-03,Columbus,North Carolina,37047.0,340,27.0,3.0,,,,0.28299999
224314,2020-06-04,Columbus,North Carolina,37047.0,349,27.0,9.0,,,,0.18000001
224315,2020-06-05,Columbus,North Carolina,37047.0,355,27.0,6.0,,,,0.064000003
224316,2020-06-06,Columbus,North Carolina,37047.0,361,27.0,6.0,,,,-0.073100001
224317,2020-06-07,Columbus,North Carolina,37047.0,368,27.0,7.0,,,,-0.168
224318,2020-06-08,Columbus,North Carolina,37047.0,373,28.0,5.0,,,,-0.17900001
224319,2020-06-09,Columbus,North Carolina,37047.0,374,28.0,1.0,,,,-0.21100000000000002
224320,2020-06-10,Columbus,North Carolina,37047.0,379,28.0,5.0,,,,-0.226
224321,2020-06-11,Columbus,North Carolina,37047.0,388,28.0,9.0,,,,-0.27399999
224322,2020-06-12,Columbus,North Carolina,37047.0,404,29.0,16.0,,,,-0.25299999
224323,2020-06-13,Columbus,North Carolina,37047.0,415,29.0,11.0,,,,-0.185
224324,2020-06-14,Columbus,North Carolina,37047.0,419,29.0,4.0,,,,-0.08070000299999999
224325,2020-06-15,Columbus,North Carolina,37047.0,427,31.0,8.0,,,,-0.133
224326,2020-06-16,Columbus,North Carolina,37047.0,429,33.0,2.0,,,,-0.113
224327,2020-06-17,Columbus,North Carolina,37047.0,432,33.0,3.0,,,,-0.0086300001
224328,2020-06-18,Columbus,North Carolina,37047.0,446,33.0,14.0,,,,0.09440000400000001
224329,2020-06-19,Columbus,North Carolina,37047.0,452,33.0,6.0,,,,0.114
224330,2020-06-20,Columbus,North Carolina,37047.0,460,35.0,8.0,,,,0.094300002
224331,2020-06-21,Columbus,North Carolina,37047.0,461,35.0,1.0,,,,0.0218
224332,2020-06-22,Columbus,North Carolina,37047.0,464,35.0,3.0,,,,0.085299999
224333,2020-06-23,Columbus,North Carolina,37047.0,471,35.0,7.0,,,,0.029300001000000003
224334,2020-06-24,Columbus,North Carolina,37047.0,484,35.0,13.0,,,,-0.0546
224335,2020-06-25,Columbus,North Carolina,37047.0,492,35.0,8.0,,,,-0.035599999
224336,2020-06-26,Columbus,North Carolina,37047.0,494,37.0,2.0,,,,-0.09510000099999999
224337,2020-06-27,Columbus,North Carolina,37047.0,502,37.0,8.0,,,,-0.004929999799999999
224338,2020-06-28,Columbus,North Carolina,37047.0,513,37.0,11.0,,,,-0.12300000000000001
224339,2020-06-29,Columbus,North Carolina,37047.0,517,37.0,4.0,,,,-0.12
224340,2020-06-30,Columbus,North Carolina,37047.0,521,38.0,4.0,,,,-0.12
224341,2020-07-01,Columbus,North Carolina,37047.0,535,39.0,14.0,,,,-0.14300001
224342,2020-07-02,Columbus,North Carolina,37047.0,543,39.0,8.0,,,,-0.19899999999999998
224343,2020-07-03,Columbus,North Carolina,37047.0,553,39.0,10.0,,,,-0.171
224344,2020-07-04,Columbus,North Carolina,37047.0,555,39.0,2.0,,,,-0.243
224345,2020-07-05,Columbus,North Carolina,37047.0,556,39.0,1.0,,,,-0.13600001
224346,2020-07-06,Columbus,North Carolina,37047.0,565,39.0,9.0,,,,-0.31600001
224347,2020-07-07,Columbus,North Carolina,37047.0,570,39.0,5.0,,,,-0.29100001
224348,2020-07-08,Columbus,North Carolina,37047.0,577,39.0,7.0,,,,-0.308
224349,2020-07-09,Columbus,North Carolina,37047.0,585,39.0,8.0,,,,-0.17600000000000002
224350,2020-07-10,Columbus,North Carolina,37047.0,602,39.0,17.0,,,,-0.0317
224351,2020-07-11,Columbus,North Carolina,37047.0,607,39.0,5.0,,,,-0.0418
224352,2020-07-12,Columbus,North Carolina,37047.0,615,39.0,8.0,,,,0.073200002
224353,2020-07-13,Columbus,North Carolina,37047.0,623,39.0,8.0,,,,0.182
224354,2020-07-14,Columbus,North Carolina,37047.0,646,39.0,23.0,,,,0.21799999
224355,2020-07-15,Columbus,North Carolina,37047.0,650,39.0,4.0,,,,0.26499999
224356,2020-07-16,Columbus,North Carolina,37047.0,658,39.0,8.0,,,,0.126
224357,2020-07-17,Columbus,North Carolina,37047.0,672,39.0,14.0,,,,0.0166
224358,2020-07-18,Columbus,North Carolina,37047.0,693,39.0,21.0,,,,-0.102
224359,2020-07-19,Columbus,North Carolina,37047.0,713,39.0,20.0,,,,-0.045600000999999994
224360,2020-07-20,Columbus,North Carolina,37047.0,710,39.0,-3.0,,,,-0.090499997
224361,2020-07-21,Columbus,North Carolina,37047.0,709,40.0,-1.0,,,,-0.147
224362,2020-07-22,Columbus,North Carolina,37047.0,714,40.0,5.0,,,,-0.113
224363,2020-07-23,Columbus,North Carolina,37047.0,725,40.0,11.0,,,,-0.115
224364,2020-07-24,Columbus,North Carolina,37047.0,732,41.0,7.0,,,,-0.080899999
224365,2020-07-25,Columbus,North Carolina,37047.0,741,42.0,9.0,,,,0.0244
224366,2020-07-26,Columbus,North Carolina,37047.0,753,42.0,12.0,,,,0.009750000200000001
224367,2020-07-27,Columbus,North Carolina,37047.0,759,44.0,6.0,,,,0.0146
224368,2020-07-28,Columbus,North Carolina,37047.0,767,44.0,8.0,,,,0.0264
224369,2020-07-29,Columbus,North Carolina,37047.0,775,44.0,8.0,,,,-0.043200000999999995
224370,2020-07-30,Columbus,North Carolina,37047.0,799,44.0,24.0,,,,-0.032600001
224371,2020-07-31,Columbus,North Carolina,37047.0,807,45.0,8.0,,,,0.009220000400000001
224372,2020-08-01,Columbus,North Carolina,37047.0,821,46.0,14.0,,,,0.051899999
224373,2020-08-02,Columbus,North Carolina,37047.0,826,46.0,5.0,,,,0.091700003
224374,2020-08-03,Columbus,North Carolina,37047.0,833,46.0,7.0,,,,0.07620000099999999
224375,2020-08-04,Columbus,North Carolina,37047.0,838,46.0,5.0,,,,0.082500003
224376,2020-08-05,Columbus,North Carolina,37047.0,851,46.0,13.0,,,,0.106
224377,2020-08-06,Columbus,North Carolina,37047.0,864,48.0,13.0,,,,0.125
224378,2020-08-07,Columbus,North Carolina,37047.0,881,48.0,17.0,,,,0.06899999799999999
224379,2020-08-08,Columbus,North Carolina,37047.0,896,48.0,15.0,,,,-0.066399999
224380,2020-08-09,Columbus,North Carolina,37047.0,903,48.0,7.0,,,,-0.056600001
224381,2020-08-10,Columbus,North Carolina,37047.0,907,48.0,4.0,,,,-0.082500003
224382,2020-08-11,Columbus,North Carolina,37047.0,918,48.0,11.0,,,,-0.0801
224383,2020-08-12,Columbus,North Carolina,37047.0,931,48.0,13.0,,,,-0.034200002
224384,2020-08-13,Columbus,North Carolina,37047.0,950,48.0,19.0,,,,-0.072499998
224385,2020-08-14,Columbus,North Carolina,37047.0,961,48.0,11.0,,,,-0.07289999700000001
224386,2020-08-15,Columbus,North Carolina,37047.0,968,48.0,7.0,,,,0.034899998
224387,2020-08-16,Columbus,North Carolina,37047.0,973,48.0,5.0,,,,-0.0272
224388,2020-08-17,Columbus,North Carolina,37047.0,973,48.0,0.0,,,,0.09799999699999999
224389,2020-08-18,Columbus,North Carolina,37047.0,990,50.0,17.0,,,,0.055100000999999996
224390,2020-08-19,Columbus,North Carolina,37047.0,1003,50.0,13.0,,,,0.11800000000000001
224391,2020-08-20,Columbus,North Carolina,37047.0,1013,50.0,10.0,,,,0.177
224392,2020-08-21,Columbus,North Carolina,37047.0,1021,50.0,8.0,,,,0.0231
224393,2020-08-22,Columbus,North Carolina,37047.0,1036,50.0,15.0,,,,-0.0255
224394,2020-08-23,Columbus,North Carolina,37047.0,1040,50.0,4.0,,,,-0.079099998
224395,2020-08-24,Columbus,North Carolina,37047.0,1040,50.0,0.0,,,,-0.207
224396,2020-08-25,Columbus,North Carolina,37047.0,1054,50.0,14.0,,,,-0.20100001
224397,2020-08-26,Columbus,North Carolina,37047.0,1058,51.0,4.0,,,,-0.27200001
224398,2020-08-27,Columbus,North Carolina,37047.0,1067,51.0,9.0,,,,-0.30000001
224399,2020-08-28,Columbus,North Carolina,37047.0,1083,51.0,16.0,,,,-0.25400001
224400,2020-08-29,Columbus,North Carolina,37047.0,1095,51.0,12.0,,,,-0.29499999
224401,2020-08-30,Columbus,North Carolina,37047.0,1096,51.0,1.0,,,,-0.28400001
224402,2020-08-31,Columbus,North Carolina,37047.0,1102,51.0,6.0,,,,-0.237
224403,2020-09-01,Columbus,North Carolina,37047.0,1124,52.0,22.0,,,,-0.214
224404,2020-09-02,Columbus,North Carolina,37047.0,1128,52.0,4.0,,,,-0.13600001
224405,2020-09-03,Columbus,North Carolina,37047.0,1158,52.0,30.0,,,,-0.047600000999999996
224406,2020-09-04,Columbus,North Carolina,37047.0,1163,52.0,5.0,,,,-0.054400000999999996
224407,2020-09-05,Columbus,North Carolina,37047.0,1177,52.0,14.0,,,,0.087099999
224408,2020-09-06,Columbus,North Carolina,37047.0,1179,52.0,2.0,,,,0.053100000999999994
224409,2020-09-07,Columbus,North Carolina,37047.0,1186,52.0,7.0,,,,-0.049899999
224410,2020-09-08,Columbus,North Carolina,37047.0,1191,52.0,5.0,,,,-0.020199999
224411,2020-09-09,Columbus,North Carolina,37047.0,1207,52.0,16.0,,,,0.115
224412,2020-09-10,Columbus,North Carolina,37047.0,1226,52.0,19.0,,,,0.38699999
224413,2020-09-11,Columbus,North Carolina,37047.0,1240,52.0,14.0,,,,0.38699999
224414,2020-09-12,Columbus,North Carolina,37047.0,1246,52.0,6.0,,,,0.28799999
224415,2020-09-13,Columbus,North Carolina,37047.0,1258,52.0,12.0,,,,0.19899999999999998
224416,2020-09-14,Columbus,North Carolina,37047.0,1260,52.0,2.0,,,,0.062600002
224417,2020-09-15,Columbus,North Carolina,37047.0,1269,53.0,9.0,,,,-0.0229
224418,2020-09-16,Columbus,North Carolina,37047.0,1280,53.0,11.0,,,,-0.0244
224419,2020-09-17,Columbus,North Carolina,37047.0,1290,53.0,10.0,,,,-0.032000002
224420,2020-09-18,Columbus,North Carolina,37047.0,1300,53.0,10.0,,,,-0.049199997999999995
224421,2020-09-19,Columbus,North Carolina,37047.0,1305,54.0,5.0,,,,0.00044
224422,2020-09-20,Columbus,North Carolina,37047.0,1309,54.0,4.0,,,,-0.09030000099999999
224423,2020-09-21,Columbus,North Carolina,37047.0,1312,54.0,3.0,,,,-0.149
224424,2020-09-22,Columbus,North Carolina,37047.0,1320,54.0,8.0,,,,-0.175
224425,2020-09-23,Columbus,North Carolina,37047.0,1328,54.0,8.0,,,,-0.27900001
224426,2020-09-24,Columbus,North Carolina,37047.0,1338,56.0,10.0,,,,-0.32600001
224427,2020-09-25,Columbus,North Carolina,37047.0,1357,56.0,19.0,,,,-0.32699999
224428,2020-09-26,Columbus,North Carolina,37047.0,1368,57.0,11.0,,,,-0.34700000000000003
224429,2020-09-27,Columbus,North Carolina,37047.0,1374,57.0,6.0,,,,-0.301
224430,2020-09-28,Columbus,North Carolina,37047.0,1377,57.0,3.0,,,,-0.205
224431,2020-09-29,Columbus,North Carolina,37047.0,1378,57.0,1.0,,,,-0.23899999
224432,2020-09-30,Columbus,North Carolina,37047.0,1401,57.0,23.0,,,,-0.149
224433,2020-10-01,Columbus,North Carolina,37047.0,1409,57.0,8.0,,,,-0.081799999
224434,2020-10-02,Columbus,North Carolina,37047.0,1413,57.0,4.0,,,,0.0284
224435,2020-10-03,Columbus,North Carolina,37047.0,1421,57.0,8.0,,,,0.058499999000000004
224436,2020-10-04,Columbus,North Carolina,37047.0,1422,57.0,1.0,,,,0.115
224437,2020-10-05,Columbus,North Carolina,37047.0,1429,57.0,7.0,,,,0.019099999
224438,2020-10-06,Columbus,North Carolina,37047.0,1443,57.0,14.0,,,,0.08470000300000001
224439,2020-10-07,Columbus,North Carolina,37047.0,1460,57.0,17.0,,,,-0.037999999
224440,2020-10-08,Columbus,North Carolina,37047.0,1476,57.0,16.0,,,,-0.133
224441,2020-10-09,Columbus,North Carolina,37047.0,1493,58.0,17.0,,,,-0.0836
224442,2020-10-10,Columbus,North Carolina,37047.0,1497,58.0,4.0,,,,-0.2
224443,2020-10-11,Columbus,North Carolina,37047.0,1504,58.0,7.0,,,,-0.25
224444,2020-10-12,Columbus,North Carolina,37047.0,1507,58.0,3.0,,,,-0.248
224445,2020-10-13,Columbus,North Carolina,37047.0,1524,59.0,17.0,,,,-0.122
224446,2020-10-14,Columbus,North Carolina,37047.0,1535,59.0,11.0,,,,-0.106
224447,2020-10-15,Columbus,North Carolina,37047.0,1552,59.0,17.0,,,,-0.055599999000000004
224448,2020-10-16,Columbus,North Carolina,37047.0,1557,59.0,5.0,,,,-0.11199999999999999
224449,2020-10-17,Columbus,North Carolina,37047.0,1570,59.0,13.0,,,,-0.056499999
224450,2020-10-18,Columbus,North Carolina,37047.0,1574,59.0,4.0,,,,0.024
224451,2020-10-19,Columbus,North Carolina,37047.0,1583,59.0,9.0,,,,0.037000000000000005
224452,2020-10-20,Columbus,North Carolina,37047.0,1591,59.0,8.0,,,,0.0136
224453,2020-10-21,Columbus,North Carolina,37047.0,1603,59.0,12.0,,,,-0.075999998
224454,2020-10-22,Columbus,North Carolina,37047.0,1626,59.0,23.0,,,,-0.077500001
224455,2020-10-23,Columbus,North Carolina,37047.0,1628,60.0,2.0,,,,-0.078900002
224456,2020-10-24,Columbus,North Carolina,37047.0,1659,60.0,31.0,,,,-0.005419999799999999
224457,2020-10-25,Columbus,North Carolina,37047.0,1667,61.0,8.0,,,,-0.0124
224458,2020-10-26,Columbus,North Carolina,37047.0,1671,61.0,4.0,,,,0.114
224459,2020-10-27,Columbus,North Carolina,37047.0,1673,62.0,2.0,,,,0.18600000000000003
224460,2020-10-28,Columbus,North Carolina,37047.0,1704,62.0,31.0,,,,0.22400001
224461,2020-10-29,Columbus,North Carolina,37047.0,1714,62.0,10.0,,,,0.29100001
224462,2020-10-30,Columbus,North Carolina,37047.0,1732,62.0,18.0,,,,0.24699999
224463,2020-10-31,Columbus,North Carolina,37047.0,1776,62.0,44.0,,,,0.245
224464,2020-11-01,Columbus,North Carolina,37047.0,1787,62.0,11.0,,,,0.18799999
224465,2020-11-02,Columbus,North Carolina,37047.0,1790,62.0,3.0,,,,0.14
224466,2020-11-03,Columbus,North Carolina,37047.0,1796,63.0,6.0,,,,0.146
224467,2020-11-04,Columbus,North Carolina,37047.0,1815,64.0,19.0,,,,0.11199999999999999
224468,2020-11-05,Columbus,North Carolina,37047.0,1832,64.0,17.0,,,,0.017000001
224469,2020-11-06,Columbus,North Carolina,37047.0,1891,64.0,59.0,,,,-0.080899999
224470,2020-11-07,Columbus,North Carolina,37047.0,1900,66.0,9.0,,,,-0.035999998
224471,2020-11-08,Columbus,North Carolina,37047.0,1907,66.0,7.0,,,,0.0144
224472,2020-11-09,Columbus,North Carolina,37047.0,1955,66.0,48.0,,,,-0.039799998999999996
224473,2020-11-10,Columbus,North Carolina,37047.0,1981,66.0,26.0,,,,-0.0713
224474,2020-11-11,Columbus,North Carolina,37047.0,2024,67.0,43.0,,,,-0.047200002000000005
224475,2020-11-12,Columbus,North Carolina,37047.0,2102,67.0,78.0,,,,-0.12899999
224476,2020-11-13,Columbus,North Carolina,37047.0,2130,67.0,28.0,,,,0.037999999
224477,2020-11-14,Columbus,North Carolina,37047.0,2163,67.0,33.0,,,,0.064999998
224478,2020-11-15,Columbus,North Carolina,37047.0,2183,67.0,20.0,,,,0.047499999
224479,2020-11-16,Columbus,North Carolina,37047.0,2195,67.0,12.0,,,,0.0229
224480,2020-11-17,Columbus,North Carolina,37047.0,2241,67.0,46.0,,,,0.053399999000000004
224481,2020-11-18,Columbus,North Carolina,37047.0,2267,68.0,26.0,,,,0.06610000099999999
224482,2020-11-19,Columbus,North Carolina,37047.0,2345,69.0,78.0,,,,0.24600001
224483,2020-11-20,Columbus,North Carolina,37047.0,2404,70.0,59.0,,,,0.05519999900000001
224484,2020-11-21,Columbus,North Carolina,37047.0,2430,70.0,26.0,,,,0.16599999
224485,2020-11-22,Columbus,North Carolina,37047.0,2508,70.0,78.0,,,,0.161
