,date,county,state,fips,cases,deaths,new_cases,emp_combined,emp_combined_inclow,revenue_all,spend_all
229660,2020-03-25,Lenoir,North Carolina,37107.0,1,0.0,0.0,,,,-0.44600001
229661,2020-03-26,Lenoir,North Carolina,37107.0,3,0.0,2.0,,,,-0.39500001
229662,2020-03-27,Lenoir,North Carolina,37107.0,3,0.0,0.0,,,,-0.40700001
229663,2020-03-28,Lenoir,North Carolina,37107.0,3,0.0,0.0,,,,-0.40099999
229664,2020-03-29,Lenoir,North Carolina,37107.0,3,0.0,0.0,,,,-0.38299999
229665,2020-03-30,Lenoir,North Carolina,37107.0,3,0.0,0.0,,,,-0.36300001
229666,2020-03-31,Lenoir,North Carolina,37107.0,3,0.0,0.0,,,,-0.35600001
229667,2020-04-01,Lenoir,North Carolina,37107.0,3,0.0,0.0,,,,-0.23999999
229668,2020-04-02,Lenoir,North Carolina,37107.0,3,0.0,0.0,,,,-0.303
229669,2020-04-03,Lenoir,North Carolina,37107.0,5,0.0,2.0,,,,-0.22699999999999998
229670,2020-04-04,Lenoir,North Carolina,37107.0,6,0.0,1.0,,,,-0.235
229671,2020-04-05,Lenoir,North Carolina,37107.0,7,0.0,1.0,,,,-0.2
229672,2020-04-06,Lenoir,North Carolina,37107.0,8,0.0,1.0,,,,-0.25099999
229673,2020-04-07,Lenoir,North Carolina,37107.0,10,0.0,2.0,,,,-0.26100001
229674,2020-04-08,Lenoir,North Carolina,37107.0,11,0.0,1.0,,,,-0.33899999
229675,2020-04-09,Lenoir,North Carolina,37107.0,12,0.0,1.0,,,,-0.34599999
229676,2020-04-10,Lenoir,North Carolina,37107.0,13,0.0,1.0,,,,-0.396
229677,2020-04-11,Lenoir,North Carolina,37107.0,14,0.0,1.0,,,,-0.42399999
229678,2020-04-12,Lenoir,North Carolina,37107.0,14,0.0,0.0,,,,-0.46599999
229679,2020-04-13,Lenoir,North Carolina,37107.0,15,0.0,1.0,,,,-0.43200001
229680,2020-04-14,Lenoir,North Carolina,37107.0,14,0.0,-1.0,,,,-0.36500001
229681,2020-04-15,Lenoir,North Carolina,37107.0,14,0.0,0.0,,,,-0.37599999
229682,2020-04-16,Lenoir,North Carolina,37107.0,16,0.0,2.0,,,,-0.34599999
229683,2020-04-17,Lenoir,North Carolina,37107.0,17,0.0,1.0,,,,-0.23899999
229684,2020-04-18,Lenoir,North Carolina,37107.0,18,0.0,1.0,,,,-0.23100001
229685,2020-04-19,Lenoir,North Carolina,37107.0,21,0.0,3.0,,,,-0.18899999999999997
229686,2020-04-20,Lenoir,North Carolina,37107.0,21,0.0,0.0,,,,-0.20600000000000002
229687,2020-04-21,Lenoir,North Carolina,37107.0,26,0.0,5.0,,,,-0.19899999999999998
229688,2020-04-22,Lenoir,North Carolina,37107.0,27,0.0,1.0,,,,-0.0612
229689,2020-04-23,Lenoir,North Carolina,37107.0,30,1.0,3.0,,,,-0.07150000299999999
229690,2020-04-24,Lenoir,North Carolina,37107.0,37,1.0,7.0,,,,-0.266
229691,2020-04-25,Lenoir,North Carolina,37107.0,43,3.0,6.0,,,,-0.249
229692,2020-04-26,Lenoir,North Carolina,37107.0,43,3.0,0.0,,,,-0.29699999
229693,2020-04-27,Lenoir,North Carolina,37107.0,45,3.0,2.0,,,,-0.25799999
229694,2020-04-28,Lenoir,North Carolina,37107.0,56,3.0,11.0,,,,-0.28600001
229695,2020-04-29,Lenoir,North Carolina,37107.0,60,3.0,4.0,,,,-0.37099999
229696,2020-04-30,Lenoir,North Carolina,37107.0,65,3.0,5.0,,,,-0.40799999
229697,2020-05-01,Lenoir,North Carolina,37107.0,68,4.0,3.0,,,,-0.33500001
229698,2020-05-02,Lenoir,North Carolina,37107.0,82,4.0,14.0,,,,-0.23999999
229699,2020-05-03,Lenoir,North Carolina,37107.0,81,4.0,-1.0,,,,-0.212
229700,2020-05-04,Lenoir,North Carolina,37107.0,84,4.0,3.0,,,,-0.192
229701,2020-05-05,Lenoir,North Carolina,37107.0,90,4.0,6.0,,,,-0.182
229702,2020-05-06,Lenoir,North Carolina,37107.0,91,4.0,1.0,,,,-0.149
229703,2020-05-07,Lenoir,North Carolina,37107.0,97,4.0,6.0,,,,-0.074699998
229704,2020-05-08,Lenoir,North Carolina,37107.0,105,4.0,8.0,,,,-0.074900001
229705,2020-05-09,Lenoir,North Carolina,37107.0,113,4.0,8.0,,,,-0.149
229706,2020-05-10,Lenoir,North Carolina,37107.0,118,4.0,5.0,,,,-0.19
229707,2020-05-11,Lenoir,North Carolina,37107.0,122,4.0,4.0,,,,-0.249
229708,2020-05-12,Lenoir,North Carolina,37107.0,124,4.0,2.0,,,,-0.198
229709,2020-05-13,Lenoir,North Carolina,37107.0,125,5.0,1.0,,,,-0.19899999999999998
229710,2020-05-14,Lenoir,North Carolina,37107.0,134,5.0,9.0,,,,-0.13600001
229711,2020-05-15,Lenoir,North Carolina,37107.0,139,5.0,5.0,,,,-0.063500002
229712,2020-05-16,Lenoir,North Carolina,37107.0,147,5.0,8.0,,,,-0.0037400001000000003
229713,2020-05-17,Lenoir,North Carolina,37107.0,153,5.0,6.0,,,,0.056600001
229714,2020-05-18,Lenoir,North Carolina,37107.0,158,5.0,5.0,,,,0.132
229715,2020-05-19,Lenoir,North Carolina,37107.0,160,5.0,2.0,,,,0.087099999
229716,2020-05-20,Lenoir,North Carolina,37107.0,164,7.0,4.0,,,,-0.0054700002
229717,2020-05-21,Lenoir,North Carolina,37107.0,170,7.0,6.0,,,,-0.0986
229718,2020-05-22,Lenoir,North Carolina,37107.0,175,7.0,5.0,,,,-0.17800000000000002
229719,2020-05-23,Lenoir,North Carolina,37107.0,182,7.0,7.0,,,,-0.19599999
229720,2020-05-24,Lenoir,North Carolina,37107.0,187,7.0,5.0,,,,-0.214
229721,2020-05-25,Lenoir,North Carolina,37107.0,193,7.0,6.0,,,,-0.131
229722,2020-05-26,Lenoir,North Carolina,37107.0,193,7.0,0.0,,,,-0.20200001
229723,2020-05-27,Lenoir,North Carolina,37107.0,194,7.0,1.0,,,,-0.205
229724,2020-05-28,Lenoir,North Carolina,37107.0,197,7.0,3.0,,,,-0.16899999999999998
229725,2020-05-29,Lenoir,North Carolina,37107.0,209,7.0,12.0,,,,-0.145
229726,2020-05-30,Lenoir,North Carolina,37107.0,215,7.0,6.0,,,,-0.18600000000000003
229727,2020-05-31,Lenoir,North Carolina,37107.0,216,7.0,1.0,,,,-0.183
229728,2020-06-01,Lenoir,North Carolina,37107.0,217,7.0,1.0,,,,-0.21600001
229729,2020-06-02,Lenoir,North Carolina,37107.0,217,7.0,0.0,,,,-0.23600000000000002
229730,2020-06-03,Lenoir,North Carolina,37107.0,219,7.0,2.0,,,,-0.19899999999999998
229731,2020-06-04,Lenoir,North Carolina,37107.0,220,7.0,1.0,,,,-0.20999999
229732,2020-06-05,Lenoir,North Carolina,37107.0,227,7.0,7.0,,,,-0.20900001
229733,2020-06-06,Lenoir,North Carolina,37107.0,233,7.0,6.0,,,,-0.17299999
229734,2020-06-07,Lenoir,North Carolina,37107.0,235,7.0,2.0,,,,-0.19699999999999998
229735,2020-06-08,Lenoir,North Carolina,37107.0,241,7.0,6.0,,,,-0.17800000000000002
229736,2020-06-09,Lenoir,North Carolina,37107.0,254,8.0,13.0,,,,-0.15000001
229737,2020-06-10,Lenoir,North Carolina,37107.0,261,8.0,7.0,,,,-0.162
229738,2020-06-11,Lenoir,North Carolina,37107.0,266,8.0,5.0,,,,-0.086300001
229739,2020-06-12,Lenoir,North Carolina,37107.0,277,8.0,11.0,,,,-0.114
229740,2020-06-13,Lenoir,North Carolina,37107.0,286,8.0,9.0,,,,-0.092500001
229741,2020-06-14,Lenoir,North Carolina,37107.0,291,8.0,5.0,,,,-0.0537
229742,2020-06-15,Lenoir,North Carolina,37107.0,298,8.0,7.0,,,,-0.0722
229743,2020-06-16,Lenoir,North Carolina,37107.0,303,10.0,5.0,,,,-0.102
229744,2020-06-17,Lenoir,North Carolina,37107.0,305,10.0,2.0,,,,0.00361
229745,2020-06-18,Lenoir,North Carolina,37107.0,316,10.0,11.0,,,,-0.083300002
229746,2020-06-19,Lenoir,North Carolina,37107.0,324,10.0,8.0,,,,-0.064999998
229747,2020-06-20,Lenoir,North Carolina,37107.0,329,10.0,5.0,,,,-0.084399998
229748,2020-06-21,Lenoir,North Carolina,37107.0,342,10.0,13.0,,,,-0.08749999900000001
229749,2020-06-22,Lenoir,North Carolina,37107.0,337,10.0,-5.0,,,,-0.10099999999999999
229750,2020-06-23,Lenoir,North Carolina,37107.0,343,10.0,6.0,,,,-0.072499998
229751,2020-06-24,Lenoir,North Carolina,37107.0,344,10.0,1.0,,,,-0.183
229752,2020-06-25,Lenoir,North Carolina,37107.0,348,10.0,4.0,,,,-0.15000001
229753,2020-06-26,Lenoir,North Carolina,37107.0,352,10.0,4.0,,,,-0.14399999
229754,2020-06-27,Lenoir,North Carolina,37107.0,358,10.0,6.0,,,,-0.192
229755,2020-06-28,Lenoir,North Carolina,37107.0,363,10.0,5.0,,,,-0.19699999999999998
229756,2020-06-29,Lenoir,North Carolina,37107.0,367,10.0,4.0,,,,-0.12800001
229757,2020-06-30,Lenoir,North Carolina,37107.0,368,11.0,1.0,,,,-0.0405
229758,2020-07-01,Lenoir,North Carolina,37107.0,371,11.0,3.0,,,,0.0889
229759,2020-07-02,Lenoir,North Carolina,37107.0,375,11.0,4.0,,,,0.138
229760,2020-07-03,Lenoir,North Carolina,37107.0,379,11.0,4.0,,,,0.109
229761,2020-07-04,Lenoir,North Carolina,37107.0,380,11.0,1.0,,,,0.20200001
229762,2020-07-05,Lenoir,North Carolina,37107.0,380,11.0,0.0,,,,0.16399999999999998
229763,2020-07-06,Lenoir,North Carolina,37107.0,382,11.0,2.0,,,,0.13500001
229764,2020-07-07,Lenoir,North Carolina,37107.0,391,11.0,9.0,,,,0.12
229765,2020-07-08,Lenoir,North Carolina,37107.0,401,11.0,10.0,,,,0.0814
229766,2020-07-09,Lenoir,North Carolina,37107.0,406,11.0,5.0,,,,-0.087399997
229767,2020-07-10,Lenoir,North Carolina,37107.0,416,11.0,10.0,,,,-0.090899996
229768,2020-07-11,Lenoir,North Carolina,37107.0,422,11.0,6.0,,,,-0.037599999
229769,2020-07-12,Lenoir,North Carolina,37107.0,427,11.0,5.0,,,,-0.0285
229770,2020-07-13,Lenoir,North Carolina,37107.0,427,11.0,0.0,,,,-0.0392
229771,2020-07-14,Lenoir,North Carolina,37107.0,432,11.0,5.0,,,,-0.15000001
229772,2020-07-15,Lenoir,North Carolina,37107.0,439,11.0,7.0,,,,-0.156
229773,2020-07-16,Lenoir,North Carolina,37107.0,439,11.0,0.0,,,,-0.145
229774,2020-07-17,Lenoir,North Carolina,37107.0,444,11.0,5.0,,,,-0.17399999
229775,2020-07-18,Lenoir,North Carolina,37107.0,449,11.0,5.0,,,,-0.214
229776,2020-07-19,Lenoir,North Carolina,37107.0,451,11.0,2.0,,,,-0.22400001
229777,2020-07-20,Lenoir,North Carolina,37107.0,453,11.0,2.0,,,,-0.223
229778,2020-07-21,Lenoir,North Carolina,37107.0,459,11.0,6.0,,,,-0.20100001
229779,2020-07-22,Lenoir,North Carolina,37107.0,462,11.0,3.0,,,,-0.17900001
229780,2020-07-23,Lenoir,North Carolina,37107.0,468,11.0,6.0,,,,-0.16599999
229781,2020-07-24,Lenoir,North Carolina,37107.0,472,11.0,4.0,,,,-0.07819999799999999
229782,2020-07-25,Lenoir,North Carolina,37107.0,479,11.0,7.0,,,,-0.056299999
229783,2020-07-26,Lenoir,North Carolina,37107.0,487,11.0,8.0,,,,-0.037700001000000004
229784,2020-07-27,Lenoir,North Carolina,37107.0,491,11.0,4.0,,,,-0.056000002
229785,2020-07-28,Lenoir,North Carolina,37107.0,499,11.0,8.0,,,,-0.082000002
229786,2020-07-29,Lenoir,North Carolina,37107.0,507,11.0,8.0,,,,-0.065899998
229787,2020-07-30,Lenoir,North Carolina,37107.0,511,11.0,4.0,,,,-0.17
229788,2020-07-31,Lenoir,North Carolina,37107.0,522,11.0,11.0,,,,-0.205
229789,2020-08-01,Lenoir,North Carolina,37107.0,531,11.0,9.0,,,,-0.14800000000000002
229790,2020-08-02,Lenoir,North Carolina,37107.0,535,11.0,4.0,,,,-0.162
229791,2020-08-03,Lenoir,North Carolina,37107.0,536,11.0,1.0,,,,-0.115
229792,2020-08-04,Lenoir,North Carolina,37107.0,538,11.0,2.0,,,,-0.11800000000000001
229793,2020-08-05,Lenoir,North Carolina,37107.0,540,11.0,2.0,,,,-0.109
229794,2020-08-06,Lenoir,North Carolina,37107.0,553,11.0,13.0,,,,0.0090100002
229795,2020-08-07,Lenoir,North Carolina,37107.0,558,11.0,5.0,,,,-0.015799999
229796,2020-08-08,Lenoir,North Carolina,37107.0,568,11.0,10.0,,,,-0.076899998
229797,2020-08-09,Lenoir,North Carolina,37107.0,573,11.0,5.0,,,,-0.122
229798,2020-08-10,Lenoir,North Carolina,37107.0,584,11.0,11.0,,,,-0.184
229799,2020-08-11,Lenoir,North Carolina,37107.0,589,11.0,5.0,,,,-0.155
229800,2020-08-12,Lenoir,North Carolina,37107.0,593,11.0,4.0,,,,-0.121
229801,2020-08-13,Lenoir,North Carolina,37107.0,600,11.0,7.0,,,,-0.16699999999999998
229802,2020-08-14,Lenoir,North Carolina,37107.0,613,11.0,13.0,,,,-0.21600001
229803,2020-08-15,Lenoir,North Carolina,37107.0,632,11.0,19.0,,,,-0.205
229804,2020-08-16,Lenoir,North Carolina,37107.0,642,11.0,10.0,,,,-0.19400001
229805,2020-08-17,Lenoir,North Carolina,37107.0,646,11.0,4.0,,,,-0.134
229806,2020-08-18,Lenoir,North Carolina,37107.0,649,11.0,3.0,,,,-0.13699999
229807,2020-08-19,Lenoir,North Carolina,37107.0,672,11.0,23.0,,,,-0.11699999999999999
229808,2020-08-20,Lenoir,North Carolina,37107.0,689,11.0,17.0,,,,-0.11900000000000001
229809,2020-08-21,Lenoir,North Carolina,37107.0,694,11.0,5.0,,,,-0.066200003
229810,2020-08-22,Lenoir,North Carolina,37107.0,706,11.0,12.0,,,,-0.0209
229811,2020-08-23,Lenoir,North Carolina,37107.0,715,11.0,9.0,,,,0.0568
229812,2020-08-24,Lenoir,North Carolina,37107.0,727,11.0,12.0,,,,-0.0135
229813,2020-08-25,Lenoir,North Carolina,37107.0,735,11.0,8.0,,,,0.11199999999999999
229814,2020-08-26,Lenoir,North Carolina,37107.0,741,12.0,6.0,,,,0.10800000000000001
229815,2020-08-27,Lenoir,North Carolina,37107.0,752,12.0,11.0,,,,0.21600001
229816,2020-08-28,Lenoir,North Carolina,37107.0,765,14.0,13.0,,,,0.20299999
229817,2020-08-29,Lenoir,North Carolina,37107.0,776,16.0,11.0,,,,0.17800000000000002
229818,2020-08-30,Lenoir,North Carolina,37107.0,788,16.0,12.0,,,,0.115
229819,2020-08-31,Lenoir,North Carolina,37107.0,797,16.0,9.0,,,,0.12
229820,2020-09-01,Lenoir,North Carolina,37107.0,805,17.0,8.0,,,,0.043900002
229821,2020-09-02,Lenoir,North Carolina,37107.0,808,17.0,3.0,,,,0.049699999
229822,2020-09-03,Lenoir,North Carolina,37107.0,824,18.0,16.0,,,,0.026799998999999998
229823,2020-09-04,Lenoir,North Carolina,37107.0,832,18.0,8.0,,,,-0.0141
229824,2020-09-05,Lenoir,North Carolina,37107.0,845,19.0,13.0,,,,0.034000002
229825,2020-09-06,Lenoir,North Carolina,37107.0,854,19.0,9.0,,,,0.033300001
229826,2020-09-07,Lenoir,North Carolina,37107.0,857,19.0,3.0,,,,-0.0123
229827,2020-09-08,Lenoir,North Carolina,37107.0,857,19.0,0.0,,,,-0.033300001
229828,2020-09-09,Lenoir,North Carolina,37107.0,863,21.0,6.0,,,,0.08959999699999999
229829,2020-09-10,Lenoir,North Carolina,37107.0,879,21.0,16.0,,,,0.28999999
229830,2020-09-11,Lenoir,North Carolina,37107.0,889,21.0,10.0,,,,0.38699999
229831,2020-09-12,Lenoir,North Carolina,37107.0,892,22.0,3.0,,,,0.317
229832,2020-09-13,Lenoir,North Carolina,37107.0,898,22.0,6.0,,,,0.16500001
229833,2020-09-14,Lenoir,North Carolina,37107.0,903,22.0,5.0,,,,0.113
229834,2020-09-15,Lenoir,North Carolina,37107.0,907,22.0,4.0,,,,0.046100002
229835,2020-09-16,Lenoir,North Carolina,37107.0,913,24.0,6.0,,,,-0.0241
229836,2020-09-17,Lenoir,North Carolina,37107.0,924,26.0,11.0,,,,-0.051199999
229837,2020-09-18,Lenoir,North Carolina,37107.0,930,26.0,6.0,,,,-0.12800001
229838,2020-09-19,Lenoir,North Carolina,37107.0,937,27.0,7.0,,,,-0.145
229839,2020-09-20,Lenoir,North Carolina,37107.0,939,27.0,2.0,,,,-0.109
229840,2020-09-21,Lenoir,North Carolina,37107.0,939,27.0,0.0,,,,-0.13600001
229841,2020-09-22,Lenoir,North Carolina,37107.0,947,29.0,8.0,,,,-0.105
229842,2020-09-23,Lenoir,North Carolina,37107.0,946,29.0,-1.0,,,,-0.0232
229843,2020-09-24,Lenoir,North Carolina,37107.0,953,31.0,7.0,,,,-0.0535
229844,2020-09-25,Lenoir,North Carolina,37107.0,996,31.0,43.0,,,,-0.067699999
229845,2020-09-26,Lenoir,North Carolina,37107.0,1005,32.0,9.0,,,,-0.030099999
229846,2020-09-27,Lenoir,North Carolina,37107.0,1011,32.0,6.0,,,,-0.068700001
229847,2020-09-28,Lenoir,North Carolina,37107.0,1016,32.0,5.0,,,,-0.08070000299999999
229848,2020-09-29,Lenoir,North Carolina,37107.0,1014,33.0,-2.0,,,,-0.098499998
229849,2020-09-30,Lenoir,North Carolina,37107.0,1021,33.0,7.0,,,,-0.107
229850,2020-10-01,Lenoir,North Carolina,37107.0,1031,33.0,10.0,,,,-0.114
229851,2020-10-02,Lenoir,North Carolina,37107.0,1040,33.0,9.0,,,,-0.035
229852,2020-10-03,Lenoir,North Carolina,37107.0,1049,33.0,9.0,,,,-0.062799998
229853,2020-10-04,Lenoir,North Carolina,37107.0,1054,33.0,5.0,,,,-0.039700001
229854,2020-10-05,Lenoir,North Carolina,37107.0,1065,33.0,11.0,,,,-0.0295
229855,2020-10-06,Lenoir,North Carolina,37107.0,1069,33.0,4.0,,,,-0.0517
229856,2020-10-07,Lenoir,North Carolina,37107.0,1079,33.0,10.0,,,,-0.0231
229857,2020-10-08,Lenoir,North Carolina,37107.0,1093,33.0,14.0,,,,0.0337
229858,2020-10-09,Lenoir,North Carolina,37107.0,1108,34.0,15.0,,,,-0.0123
229859,2020-10-10,Lenoir,North Carolina,37107.0,1125,34.0,17.0,,,,0.0491
229860,2020-10-11,Lenoir,North Carolina,37107.0,1138,34.0,13.0,,,,0.052900000999999995
229861,2020-10-12,Lenoir,North Carolina,37107.0,1142,34.0,4.0,,,,0.042300001
229862,2020-10-13,Lenoir,North Carolina,37107.0,1161,34.0,19.0,,,,0.030200001
229863,2020-10-14,Lenoir,North Carolina,37107.0,1171,34.0,10.0,,,,0.039099998999999996
229864,2020-10-15,Lenoir,North Carolina,37107.0,1209,34.0,38.0,,,,-0.00112
229865,2020-10-16,Lenoir,North Carolina,37107.0,1236,35.0,27.0,,,,0.0359
229866,2020-10-17,Lenoir,North Carolina,37107.0,1257,35.0,21.0,,,,0.020099999
229867,2020-10-18,Lenoir,North Carolina,37107.0,1284,35.0,27.0,,,,0.102
229868,2020-10-19,Lenoir,North Carolina,37107.0,1291,35.0,7.0,,,,0.08640000199999999
229869,2020-10-20,Lenoir,North Carolina,37107.0,1302,37.0,11.0,,,,0.0876
229870,2020-10-21,Lenoir,North Carolina,37107.0,1311,38.0,9.0,,,,0.0462
229871,2020-10-22,Lenoir,North Carolina,37107.0,1325,38.0,14.0,,,,0.037799999
229872,2020-10-23,Lenoir,North Carolina,37107.0,1346,38.0,21.0,,,,0.087300003
229873,2020-10-24,Lenoir,North Carolina,37107.0,1380,39.0,34.0,,,,0.075999998
229874,2020-10-25,Lenoir,North Carolina,37107.0,1395,39.0,15.0,,,,-0.0284
229875,2020-10-26,Lenoir,North Carolina,37107.0,1418,39.0,23.0,,,,0.0447
229876,2020-10-27,Lenoir,North Carolina,37107.0,1437,40.0,19.0,,,,0.068899997
229877,2020-10-28,Lenoir,North Carolina,37107.0,1450,41.0,13.0,,,,0.068400003
229878,2020-10-29,Lenoir,North Carolina,37107.0,1470,41.0,20.0,,,,0.139
229879,2020-10-30,Lenoir,North Carolina,37107.0,1499,41.0,29.0,,,,0.070699997
229880,2020-10-31,Lenoir,North Carolina,37107.0,1528,41.0,29.0,,,,0.106
229881,2020-11-01,Lenoir,North Carolina,37107.0,1538,41.0,10.0,,,,0.0513
229882,2020-11-02,Lenoir,North Carolina,37107.0,1550,41.0,12.0,,,,0.017999999
229883,2020-11-03,Lenoir,North Carolina,37107.0,1556,42.0,6.0,,,,0.016000001
229884,2020-11-04,Lenoir,North Carolina,37107.0,1563,42.0,7.0,,,,-0.033199999
229885,2020-11-05,Lenoir,North Carolina,37107.0,1586,42.0,23.0,,,,-0.09440000400000001
229886,2020-11-06,Lenoir,North Carolina,37107.0,1610,42.0,24.0,,,,-0.10300000000000001
229887,2020-11-07,Lenoir,North Carolina,37107.0,1643,42.0,33.0,,,,-0.18899999999999997
229888,2020-11-08,Lenoir,North Carolina,37107.0,1651,42.0,8.0,,,,-0.13699999
229889,2020-11-09,Lenoir,North Carolina,37107.0,1661,42.0,10.0,,,,-0.13699999
229890,2020-11-10,Lenoir,North Carolina,37107.0,1674,44.0,13.0,,,,-0.16399999999999998
229891,2020-11-11,Lenoir,North Carolina,37107.0,1683,45.0,9.0,,,,-0.11900000000000001
229892,2020-11-12,Lenoir,North Carolina,37107.0,1704,45.0,21.0,,,,-0.163
229893,2020-11-13,Lenoir,North Carolina,37107.0,1718,45.0,14.0,,,,-0.17900001
229894,2020-11-14,Lenoir,North Carolina,37107.0,1751,45.0,33.0,,,,-0.105
229895,2020-11-15,Lenoir,North Carolina,37107.0,1767,46.0,16.0,,,,-0.11699999999999999
229896,2020-11-16,Lenoir,North Carolina,37107.0,1784,46.0,17.0,,,,-0.087399997
229897,2020-11-17,Lenoir,North Carolina,37107.0,1803,46.0,19.0,,,,-0.044000000000000004
229898,2020-11-18,Lenoir,North Carolina,37107.0,1843,46.0,40.0,,,,0.0148
229899,2020-11-19,Lenoir,North Carolina,37107.0,1877,49.0,34.0,,,,0.066399999
229900,2020-11-20,Lenoir,North Carolina,37107.0,1910,49.0,33.0,,,,0.0484
229901,2020-11-21,Lenoir,North Carolina,37107.0,1935,50.0,25.0,,,,0.056299999
229902,2020-11-22,Lenoir,North Carolina,37107.0,1965,50.0,30.0,,,,0.107
