,date,county,state,fips,cases,deaths,new_cases,emp_combined,emp_combined_inclow,revenue_all,spend_all
233540,2020-03-27,Person,North Carolina,37145.0,1,0.0,0.0,,,,-0.177
233541,2020-03-28,Person,North Carolina,37145.0,1,0.0,0.0,,,,-0.23399999999999999
233542,2020-03-29,Person,North Carolina,37145.0,1,0.0,0.0,,,,-0.23100001
233543,2020-03-30,Person,North Carolina,37145.0,1,0.0,0.0,,,,-0.249
233544,2020-03-31,Person,North Carolina,37145.0,2,0.0,1.0,,,,-0.33299999999999996
233545,2020-04-01,Person,North Carolina,37145.0,2,0.0,0.0,,,,-0.34799999
233546,2020-04-02,Person,North Carolina,37145.0,2,0.0,0.0,,,,-0.34
233547,2020-04-03,Person,North Carolina,37145.0,2,0.0,0.0,,,,-0.30500001
233548,2020-04-04,Person,North Carolina,37145.0,3,0.0,1.0,,,,-0.27200001
233549,2020-04-05,Person,North Carolina,37145.0,4,0.0,1.0,,,,-0.23800001
233550,2020-04-06,Person,North Carolina,37145.0,6,0.0,2.0,,,,-0.273
233551,2020-04-07,Person,North Carolina,37145.0,7,0.0,1.0,,,,-0.25400001
233552,2020-04-08,Person,North Carolina,37145.0,7,0.0,0.0,,,,-0.324
233553,2020-04-09,Person,North Carolina,37145.0,8,0.0,1.0,,,,-0.26199999
233554,2020-04-10,Person,North Carolina,37145.0,8,0.0,0.0,,,,-0.26300001
233555,2020-04-11,Person,North Carolina,37145.0,8,0.0,0.0,,,,-0.266
233556,2020-04-12,Person,North Carolina,37145.0,8,0.0,0.0,,,,-0.32100001
233557,2020-04-13,Person,North Carolina,37145.0,8,0.0,0.0,,,,-0.35200000000000004
233558,2020-04-14,Person,North Carolina,37145.0,11,0.0,3.0,,,,-0.33700001
233559,2020-04-15,Person,North Carolina,37145.0,11,0.0,0.0,,,,-0.308
233560,2020-04-16,Person,North Carolina,37145.0,11,0.0,0.0,,,,-0.35600001
233561,2020-04-17,Person,North Carolina,37145.0,14,0.0,3.0,,,,-0.34999999
233562,2020-04-18,Person,North Carolina,37145.0,16,0.0,2.0,,,,-0.34799999
233563,2020-04-19,Person,North Carolina,37145.0,15,0.0,-1.0,,,,-0.30000001
233564,2020-04-20,Person,North Carolina,37145.0,15,0.0,0.0,,,,-0.249
233565,2020-04-21,Person,North Carolina,37145.0,18,0.0,3.0,,,,-0.248
233566,2020-04-22,Person,North Carolina,37145.0,17,0.0,-1.0,,,,-0.193
233567,2020-04-23,Person,North Carolina,37145.0,19,0.0,2.0,,,,-0.207
233568,2020-04-24,Person,North Carolina,37145.0,18,0.0,-1.0,,,,-0.24100000000000002
233569,2020-04-25,Person,North Carolina,37145.0,18,0.0,0.0,,,,-0.223
233570,2020-04-26,Person,North Carolina,37145.0,19,0.0,1.0,,,,-0.243
233571,2020-04-27,Person,North Carolina,37145.0,19,0.0,0.0,,,,-0.23800001
233572,2020-04-28,Person,North Carolina,37145.0,19,0.0,0.0,,,,-0.25799999
233573,2020-04-29,Person,North Carolina,37145.0,20,1.0,1.0,,,,-0.23600000000000002
233574,2020-04-30,Person,North Carolina,37145.0,20,1.0,0.0,,,,-0.19499999
233575,2020-05-01,Person,North Carolina,37145.0,21,1.0,1.0,,,,-0.191
233576,2020-05-02,Person,North Carolina,37145.0,22,1.0,1.0,,,,-0.198
233577,2020-05-03,Person,North Carolina,37145.0,23,1.0,1.0,,,,-0.17600000000000002
233578,2020-05-04,Person,North Carolina,37145.0,23,1.0,0.0,,,,-0.13500001
233579,2020-05-05,Person,North Carolina,37145.0,23,1.0,0.0,,,,-0.10800000000000001
233580,2020-05-06,Person,North Carolina,37145.0,23,1.0,0.0,,,,-0.155
233581,2020-05-07,Person,North Carolina,37145.0,27,1.0,4.0,,,,-0.168
233582,2020-05-08,Person,North Carolina,37145.0,29,1.0,2.0,,,,-0.134
233583,2020-05-09,Person,North Carolina,37145.0,30,1.0,1.0,,,,-0.11599999999999999
233584,2020-05-10,Person,North Carolina,37145.0,30,1.0,0.0,,,,-0.106
233585,2020-05-11,Person,North Carolina,37145.0,31,1.0,1.0,,,,-0.183
233586,2020-05-12,Person,North Carolina,37145.0,31,1.0,0.0,,,,-0.207
233587,2020-05-13,Person,North Carolina,37145.0,31,1.0,0.0,,,,-0.19400001
233588,2020-05-14,Person,North Carolina,37145.0,31,1.0,0.0,,,,-0.252
233589,2020-05-15,Person,North Carolina,37145.0,32,1.0,1.0,,,,-0.22499999
233590,2020-05-16,Person,North Carolina,37145.0,32,1.0,0.0,,,,-0.28200001
233591,2020-05-17,Person,North Carolina,37145.0,31,1.0,-1.0,,,,-0.28799999
233592,2020-05-18,Person,North Carolina,37145.0,33,1.0,2.0,,,,-0.28799999
233593,2020-05-19,Person,North Carolina,37145.0,34,1.0,1.0,,,,-0.31999999
233594,2020-05-20,Person,North Carolina,37145.0,34,1.0,0.0,,,,-0.37400001
233595,2020-05-21,Person,North Carolina,37145.0,34,1.0,0.0,,,,-0.31999999
233596,2020-05-22,Person,North Carolina,37145.0,34,1.0,0.0,,,,-0.317
233597,2020-05-23,Person,North Carolina,37145.0,37,1.0,3.0,,,,-0.30500001
233598,2020-05-24,Person,North Carolina,37145.0,37,1.0,0.0,,,,-0.35699999
233599,2020-05-25,Person,North Carolina,37145.0,37,1.0,0.0,,,,-0.30399999
233600,2020-05-26,Person,North Carolina,37145.0,38,1.0,1.0,,,,-0.23899999
233601,2020-05-27,Person,North Carolina,37145.0,39,1.0,1.0,,,,-0.145
233602,2020-05-28,Person,North Carolina,37145.0,44,1.0,5.0,,,,-0.12300000000000001
233603,2020-05-29,Person,North Carolina,37145.0,45,1.0,1.0,,,,-0.09960000199999999
233604,2020-05-30,Person,North Carolina,37145.0,48,1.0,3.0,,,,-0.0548
233605,2020-05-31,Person,North Carolina,37145.0,48,1.0,0.0,,,,0.021500001
233606,2020-06-01,Person,North Carolina,37145.0,50,1.0,2.0,,,,0.048900001
233607,2020-06-02,Person,North Carolina,37145.0,50,1.0,0.0,,,,-0.016899999
233608,2020-06-03,Person,North Carolina,37145.0,54,1.0,4.0,,,,-0.057500000999999995
233609,2020-06-04,Person,North Carolina,37145.0,55,1.0,1.0,,,,-0.063699998
233610,2020-06-05,Person,North Carolina,37145.0,57,1.0,2.0,,,,-0.066699997
233611,2020-06-06,Person,North Carolina,37145.0,57,1.0,0.0,,,,-0.075499997
233612,2020-06-07,Person,North Carolina,37145.0,58,1.0,1.0,,,,-0.084399998
233613,2020-06-08,Person,North Carolina,37145.0,61,1.0,3.0,,,,-0.0801
233614,2020-06-09,Person,North Carolina,37145.0,63,1.0,2.0,,,,-0.066
233615,2020-06-10,Person,North Carolina,37145.0,65,1.0,2.0,,,,-0.080899999
233616,2020-06-11,Person,North Carolina,37145.0,70,1.0,5.0,,,,-0.091300003
233617,2020-06-12,Person,North Carolina,37145.0,72,1.0,2.0,,,,-0.105
233618,2020-06-13,Person,North Carolina,37145.0,73,1.0,1.0,,,,-0.078599997
233619,2020-06-14,Person,North Carolina,37145.0,79,1.0,6.0,,,,-0.10099999999999999
233620,2020-06-15,Person,North Carolina,37145.0,79,1.0,0.0,,,,-0.029100001
233621,2020-06-16,Person,North Carolina,37145.0,82,1.0,3.0,,,,-0.0309
233622,2020-06-17,Person,North Carolina,37145.0,83,1.0,1.0,,,,0.0111
233623,2020-06-18,Person,North Carolina,37145.0,86,1.0,3.0,,,,0.0491
233624,2020-06-19,Person,North Carolina,37145.0,88,1.0,2.0,,,,0.071599998
233625,2020-06-20,Person,North Carolina,37145.0,91,1.0,3.0,,,,0.106
233626,2020-06-21,Person,North Carolina,37145.0,92,1.0,1.0,,,,0.070799999
233627,2020-06-22,Person,North Carolina,37145.0,92,1.0,0.0,,,,0.00186
233628,2020-06-23,Person,North Carolina,37145.0,92,1.0,0.0,,,,-0.015900001
233629,2020-06-24,Person,North Carolina,37145.0,97,1.0,5.0,,,,-0.017999999
233630,2020-06-25,Person,North Carolina,37145.0,96,1.0,-1.0,,,,-0.094999999
233631,2020-06-26,Person,North Carolina,37145.0,100,1.0,4.0,,,,-0.162
233632,2020-06-27,Person,North Carolina,37145.0,103,1.0,3.0,,,,-0.20800000000000002
233633,2020-06-28,Person,North Carolina,37145.0,104,1.0,1.0,,,,-0.18600000000000003
233634,2020-06-29,Person,North Carolina,37145.0,107,1.0,3.0,,,,-0.19599999
233635,2020-06-30,Person,North Carolina,37145.0,106,1.0,-1.0,,,,-0.147
233636,2020-07-01,Person,North Carolina,37145.0,107,1.0,1.0,,,,-0.152
233637,2020-07-02,Person,North Carolina,37145.0,107,1.0,0.0,,,,-0.10300000000000001
233638,2020-07-03,Person,North Carolina,37145.0,112,1.0,5.0,,,,-0.06580000400000001
233639,2020-07-04,Person,North Carolina,37145.0,114,1.0,2.0,,,,-0.07630000299999999
233640,2020-07-05,Person,North Carolina,37145.0,117,1.0,3.0,,,,-0.0902
233641,2020-07-06,Person,North Carolina,37145.0,120,1.0,3.0,,,,-0.057100002000000004
233642,2020-07-07,Person,North Carolina,37145.0,123,1.0,3.0,,,,-0.088699996
233643,2020-07-08,Person,North Carolina,37145.0,124,1.0,1.0,,,,-0.090400003
233644,2020-07-09,Person,North Carolina,37145.0,125,1.0,1.0,,,,-0.127
233645,2020-07-10,Person,North Carolina,37145.0,127,1.0,2.0,,,,-0.113
233646,2020-07-11,Person,North Carolina,37145.0,128,1.0,1.0,,,,-0.11
233647,2020-07-12,Person,North Carolina,37145.0,130,1.0,2.0,,,,-0.057599999000000006
233648,2020-07-13,Person,North Carolina,37145.0,131,1.0,1.0,,,,-0.054400000999999996
233649,2020-07-14,Person,North Carolina,37145.0,134,1.0,3.0,,,,-0.00471
233650,2020-07-15,Person,North Carolina,37145.0,135,1.0,1.0,,,,0.0143
233651,2020-07-16,Person,North Carolina,37145.0,136,1.0,1.0,,,,0.022600001
233652,2020-07-17,Person,North Carolina,37145.0,139,1.0,3.0,,,,0.076700002
233653,2020-07-18,Person,North Carolina,37145.0,141,1.0,2.0,,,,0.048500000999999994
233654,2020-07-19,Person,North Carolina,37145.0,143,1.0,2.0,,,,0.0007910000299999999
233655,2020-07-20,Person,North Carolina,37145.0,144,1.0,1.0,,,,-0.0149
233656,2020-07-21,Person,North Carolina,37145.0,151,1.0,7.0,,,,-0.071900003
233657,2020-07-22,Person,North Carolina,37145.0,157,1.0,6.0,,,,-0.053800002
233658,2020-07-23,Person,North Carolina,37145.0,159,1.0,2.0,,,,-0.021299999
233659,2020-07-24,Person,North Carolina,37145.0,167,1.0,8.0,,,,-0.10099999999999999
233660,2020-07-25,Person,North Carolina,37145.0,169,1.0,2.0,,,,-0.076800004
233661,2020-07-26,Person,North Carolina,37145.0,174,1.0,5.0,,,,-0.146
233662,2020-07-27,Person,North Carolina,37145.0,176,1.0,2.0,,,,-0.193
233663,2020-07-28,Person,North Carolina,37145.0,185,1.0,9.0,,,,-0.22
233664,2020-07-29,Person,North Carolina,37145.0,186,1.0,1.0,,,,-0.28799999
233665,2020-07-30,Person,North Carolina,37145.0,187,2.0,1.0,,,,-0.29699999
233666,2020-07-31,Person,North Carolina,37145.0,189,2.0,2.0,,,,-0.25999999
233667,2020-08-01,Person,North Carolina,37145.0,191,2.0,2.0,,,,-0.259
233668,2020-08-02,Person,North Carolina,37145.0,193,2.0,2.0,,,,-0.19400001
233669,2020-08-03,Person,North Carolina,37145.0,201,2.0,8.0,,,,-0.16500001
233670,2020-08-04,Person,North Carolina,37145.0,201,2.0,0.0,,,,-0.141
233671,2020-08-05,Person,North Carolina,37145.0,202,2.0,1.0,,,,-0.133
233672,2020-08-06,Person,North Carolina,37145.0,203,2.0,1.0,,,,-0.0023699999
233673,2020-08-07,Person,North Carolina,37145.0,207,2.0,4.0,,,,-0.017899999
233674,2020-08-08,Person,North Carolina,37145.0,208,2.0,1.0,,,,0.073200002
233675,2020-08-09,Person,North Carolina,37145.0,223,2.0,15.0,,,,-0.0515
233676,2020-08-10,Person,North Carolina,37145.0,223,2.0,0.0,,,,-0.0296
233677,2020-08-11,Person,North Carolina,37145.0,226,2.0,3.0,,,,-0.0252
233678,2020-08-12,Person,North Carolina,37145.0,228,2.0,2.0,,,,-0.124
233679,2020-08-13,Person,North Carolina,37145.0,234,2.0,6.0,,,,-0.185
233680,2020-08-14,Person,North Carolina,37145.0,237,2.0,3.0,,,,-0.212
233681,2020-08-15,Person,North Carolina,37145.0,243,2.0,6.0,,,,-0.27599999
233682,2020-08-16,Person,North Carolina,37145.0,247,2.0,4.0,,,,-0.22
233683,2020-08-17,Person,North Carolina,37145.0,247,2.0,0.0,,,,-0.198
233684,2020-08-18,Person,North Carolina,37145.0,250,2.0,3.0,,,,-0.222
233685,2020-08-19,Person,North Carolina,37145.0,252,2.0,2.0,,,,-0.193
233686,2020-08-20,Person,North Carolina,37145.0,259,2.0,7.0,,,,-0.126
233687,2020-08-21,Person,North Carolina,37145.0,265,2.0,6.0,,,,-0.09030000099999999
233688,2020-08-22,Person,North Carolina,37145.0,271,2.0,6.0,,,,-0.090700001
233689,2020-08-23,Person,North Carolina,37145.0,276,2.0,5.0,,,,-0.057799999000000005
233690,2020-08-24,Person,North Carolina,37145.0,279,2.0,3.0,,,,-0.127
233691,2020-08-25,Person,North Carolina,37145.0,282,2.0,3.0,,,,-0.0942
233692,2020-08-26,Person,North Carolina,37145.0,298,2.0,16.0,,,,-0.08680000199999999
233693,2020-08-27,Person,North Carolina,37145.0,302,3.0,4.0,,,,-0.10800000000000001
233694,2020-08-28,Person,North Carolina,37145.0,307,3.0,5.0,,,,-0.077200003
233695,2020-08-29,Person,North Carolina,37145.0,316,5.0,9.0,,,,-0.07540000200000001
233696,2020-08-30,Person,North Carolina,37145.0,322,5.0,6.0,,,,-0.098999999
233697,2020-08-31,Person,North Carolina,37145.0,323,5.0,1.0,,,,-0.06329999900000001
233698,2020-09-01,Person,North Carolina,37145.0,332,5.0,9.0,,,,-0.0447
233699,2020-09-02,Person,North Carolina,37145.0,336,5.0,4.0,,,,-0.0286
233700,2020-09-03,Person,North Carolina,37145.0,343,6.0,7.0,,,,-0.0128
233701,2020-09-04,Person,North Carolina,37145.0,347,6.0,4.0,,,,-0.02
233702,2020-09-05,Person,North Carolina,37145.0,354,6.0,7.0,,,,0.037599999
233703,2020-09-06,Person,North Carolina,37145.0,356,6.0,2.0,,,,-0.0139
233704,2020-09-07,Person,North Carolina,37145.0,357,6.0,1.0,,,,-0.027799999
233705,2020-09-08,Person,North Carolina,37145.0,358,6.0,1.0,,,,-0.037099997999999995
233706,2020-09-09,Person,North Carolina,37145.0,360,6.0,2.0,,,,-0.0113
233707,2020-09-10,Person,North Carolina,37145.0,366,6.0,6.0,,,,-0.0265
233708,2020-09-11,Person,North Carolina,37145.0,376,6.0,10.0,,,,-0.0298
233709,2020-09-12,Person,North Carolina,37145.0,379,6.0,3.0,,,,-0.050299998
233710,2020-09-13,Person,North Carolina,37145.0,383,6.0,4.0,,,,-0.04309999900000001
233711,2020-09-14,Person,North Carolina,37145.0,384,6.0,1.0,,,,8.4799998e-05
233712,2020-09-15,Person,North Carolina,37145.0,385,6.0,1.0,,,,0.068499997
233713,2020-09-16,Person,North Carolina,37145.0,388,6.0,3.0,,,,0.12300000000000001
233714,2020-09-17,Person,North Carolina,37145.0,393,6.0,5.0,,,,0.15800001
233715,2020-09-18,Person,North Carolina,37145.0,398,6.0,5.0,,,,0.08590000099999999
233716,2020-09-19,Person,North Carolina,37145.0,405,6.0,7.0,,,,0.14
233717,2020-09-20,Person,North Carolina,37145.0,407,6.0,2.0,,,,0.147
233718,2020-09-21,Person,North Carolina,37145.0,410,6.0,3.0,,,,0.127
233719,2020-09-22,Person,North Carolina,37145.0,414,6.0,4.0,,,,0.088600002
233720,2020-09-23,Person,North Carolina,37145.0,417,6.0,3.0,,,,0.08640000199999999
233721,2020-09-24,Person,North Carolina,37145.0,421,6.0,4.0,,,,0.10800000000000001
233722,2020-09-25,Person,North Carolina,37145.0,427,7.0,6.0,,,,0.12899999
233723,2020-09-26,Person,North Carolina,37145.0,430,7.0,3.0,,,,0.064400002
233724,2020-09-27,Person,North Carolina,37145.0,436,7.0,6.0,,,,0.041200001
233725,2020-09-28,Person,North Carolina,37145.0,437,7.0,1.0,,,,0.099699996
233726,2020-09-29,Person,North Carolina,37145.0,437,8.0,0.0,,,,0.081200004
233727,2020-09-30,Person,North Carolina,37145.0,441,8.0,4.0,,,,0.046799999
233728,2020-10-01,Person,North Carolina,37145.0,446,8.0,5.0,,,,-0.059599999
233729,2020-10-02,Person,North Carolina,37145.0,449,8.0,3.0,,,,-0.05840000099999999
233730,2020-10-03,Person,North Carolina,37145.0,456,8.0,7.0,,,,-0.0175
233731,2020-10-04,Person,North Carolina,37145.0,456,8.0,0.0,,,,-0.024
233732,2020-10-05,Person,North Carolina,37145.0,466,8.0,10.0,,,,-0.111
233733,2020-10-06,Person,North Carolina,37145.0,470,8.0,4.0,,,,-0.082800001
233734,2020-10-07,Person,North Carolina,37145.0,473,8.0,3.0,,,,0.0007980000200000001
233735,2020-10-08,Person,North Carolina,37145.0,487,8.0,14.0,,,,0.021299999
233736,2020-10-09,Person,North Carolina,37145.0,491,9.0,4.0,,,,0.141
233737,2020-10-10,Person,North Carolina,37145.0,502,9.0,11.0,,,,0.056899998
233738,2020-10-11,Person,North Carolina,37145.0,511,9.0,9.0,,,,0.05519999900000001
233739,2020-10-12,Person,North Carolina,37145.0,515,9.0,4.0,,,,0.0121
233740,2020-10-13,Person,North Carolina,37145.0,520,9.0,5.0,,,,0.0114
233741,2020-10-14,Person,North Carolina,37145.0,525,9.0,5.0,,,,-0.035999998
233742,2020-10-15,Person,North Carolina,37145.0,534,9.0,9.0,,,,-0.17
233743,2020-10-16,Person,North Carolina,37145.0,541,9.0,7.0,,,,-0.152
233744,2020-10-17,Person,North Carolina,37145.0,549,9.0,8.0,,,,-0.12899999
233745,2020-10-18,Person,North Carolina,37145.0,566,9.0,17.0,,,,-0.15800001
233746,2020-10-19,Person,North Carolina,37145.0,577,9.0,11.0,,,,-0.175
233747,2020-10-20,Person,North Carolina,37145.0,582,9.0,5.0,,,,-0.12300000000000001
233748,2020-10-21,Person,North Carolina,37145.0,588,9.0,6.0,,,,-0.094300002
233749,2020-10-22,Person,North Carolina,37145.0,602,10.0,14.0,,,,-0.049699999
233750,2020-10-23,Person,North Carolina,37145.0,610,10.0,8.0,,,,-0.052200000999999996
233751,2020-10-24,Person,North Carolina,37145.0,622,10.0,12.0,,,,-0.039700001
233752,2020-10-25,Person,North Carolina,37145.0,638,10.0,16.0,,,,-0.0154
233753,2020-10-26,Person,North Carolina,37145.0,653,10.0,15.0,,,,0.0493
233754,2020-10-27,Person,North Carolina,37145.0,661,10.0,8.0,,,,0.075999998
233755,2020-10-28,Person,North Carolina,37145.0,662,10.0,1.0,,,,0.142
233756,2020-10-29,Person,North Carolina,37145.0,677,10.0,15.0,,,,0.11800000000000001
233757,2020-10-30,Person,North Carolina,37145.0,696,10.0,19.0,,,,0.10099999999999999
233758,2020-10-31,Person,North Carolina,37145.0,705,10.0,9.0,,,,0.09359999699999999
233759,2020-11-01,Person,North Carolina,37145.0,713,10.0,8.0,,,,0.111
233760,2020-11-02,Person,North Carolina,37145.0,716,10.0,3.0,,,,0.12300000000000001
233761,2020-11-03,Person,North Carolina,37145.0,730,10.0,14.0,,,,0.076499999
233762,2020-11-04,Person,North Carolina,37145.0,734,10.0,4.0,,,,0.0020399999
233763,2020-11-05,Person,North Carolina,37145.0,745,10.0,11.0,,,,-0.0022100001
233764,2020-11-06,Person,North Carolina,37145.0,757,10.0,12.0,,,,0.0233
233765,2020-11-07,Person,North Carolina,37145.0,761,10.0,4.0,,,,0.046700001
233766,2020-11-08,Person,North Carolina,37145.0,768,10.0,7.0,,,,0.0199
233767,2020-11-09,Person,North Carolina,37145.0,778,10.0,10.0,,,,-0.018999999
233768,2020-11-10,Person,North Carolina,37145.0,779,10.0,1.0,,,,-0.050500002
233769,2020-11-11,Person,North Carolina,37145.0,786,10.0,7.0,,,,-0.029899999
233770,2020-11-12,Person,North Carolina,37145.0,796,10.0,10.0,,,,-0.023499999
233771,2020-11-13,Person,North Carolina,37145.0,799,10.0,3.0,,,,0.0138
233772,2020-11-14,Person,North Carolina,37145.0,819,10.0,20.0,,,,0.0153
233773,2020-11-15,Person,North Carolina,37145.0,828,10.0,9.0,,,,0.0638
233774,2020-11-16,Person,North Carolina,37145.0,835,10.0,7.0,,,,0.14399999
233775,2020-11-17,Person,North Carolina,37145.0,846,10.0,11.0,,,,0.15000001
233776,2020-11-18,Person,North Carolina,37145.0,849,11.0,3.0,,,,0.182
233777,2020-11-19,Person,North Carolina,37145.0,855,11.0,6.0,,,,0.107
233778,2020-11-20,Person,North Carolina,37145.0,865,11.0,10.0,,,,0.09279999900000001
233779,2020-11-21,Person,North Carolina,37145.0,875,11.0,10.0,,,,0.11199999999999999
233780,2020-11-22,Person,North Carolina,37145.0,894,11.0,19.0,,,,0.127
