,date,county,state,fips,cases,deaths,new_cases,emp_combined,emp_combined_inclow,revenue_all,spend_all
236227,2020-04-02,Stokes,North Carolina,37169.0,2,0.0,0.0,,,,-0.20800000000000002
236228,2020-04-03,Stokes,North Carolina,37169.0,3,0.0,1.0,,,,-0.21699999
236229,2020-04-04,Stokes,North Carolina,37169.0,5,0.0,2.0,,,,-0.205
236230,2020-04-05,Stokes,North Carolina,37169.0,6,0.0,1.0,,,,-0.18899999999999997
236231,2020-04-06,Stokes,North Carolina,37169.0,8,0.0,2.0,,,,-0.19899999999999998
236232,2020-04-07,Stokes,North Carolina,37169.0,8,0.0,0.0,,,,-0.237
236233,2020-04-08,Stokes,North Carolina,37169.0,8,0.0,0.0,,,,-0.266
236234,2020-04-09,Stokes,North Carolina,37169.0,8,0.0,0.0,,,,-0.29600000000000004
236235,2020-04-10,Stokes,North Carolina,37169.0,8,0.0,0.0,,,,-0.354
236236,2020-04-11,Stokes,North Carolina,37169.0,9,0.0,1.0,,,,-0.273
236237,2020-04-12,Stokes,North Carolina,37169.0,9,0.0,0.0,,,,-0.287
236238,2020-04-13,Stokes,North Carolina,37169.0,9,0.0,0.0,,,,-0.32800001
236239,2020-04-14,Stokes,North Carolina,37169.0,9,0.0,0.0,,,,-0.301
236240,2020-04-15,Stokes,North Carolina,37169.0,10,0.0,1.0,,,,-0.273
236241,2020-04-16,Stokes,North Carolina,37169.0,10,0.0,0.0,,,,-0.27500001
236242,2020-04-17,Stokes,North Carolina,37169.0,10,0.0,0.0,,,,-0.23399999999999999
236243,2020-04-18,Stokes,North Carolina,37169.0,10,0.0,0.0,,,,-0.29800001
236244,2020-04-19,Stokes,North Carolina,37169.0,10,0.0,0.0,,,,-0.23
236245,2020-04-20,Stokes,North Carolina,37169.0,10,0.0,0.0,,,,-0.235
236246,2020-04-21,Stokes,North Carolina,37169.0,10,0.0,0.0,,,,-0.215
236247,2020-04-22,Stokes,North Carolina,37169.0,11,0.0,1.0,,,,-0.198
236248,2020-04-23,Stokes,North Carolina,37169.0,11,0.0,0.0,,,,-0.198
236249,2020-04-24,Stokes,North Carolina,37169.0,11,0.0,0.0,,,,-0.18700001
236250,2020-04-25,Stokes,North Carolina,37169.0,11,0.0,0.0,,,,-0.207
236251,2020-04-26,Stokes,North Carolina,37169.0,11,0.0,0.0,,,,-0.24600001
236252,2020-04-27,Stokes,North Carolina,37169.0,11,0.0,0.0,,,,-0.207
236253,2020-04-28,Stokes,North Carolina,37169.0,11,0.0,0.0,,,,-0.223
236254,2020-04-29,Stokes,North Carolina,37169.0,11,0.0,0.0,,,,-0.222
236255,2020-04-30,Stokes,North Carolina,37169.0,11,0.0,0.0,,,,-0.20299999
236256,2020-05-01,Stokes,North Carolina,37169.0,11,0.0,0.0,,,,-0.14399999
236257,2020-05-02,Stokes,North Carolina,37169.0,11,0.0,0.0,,,,-0.14
236258,2020-05-03,Stokes,North Carolina,37169.0,10,0.0,-1.0,,,,-0.15899999
236259,2020-05-04,Stokes,North Carolina,37169.0,10,0.0,0.0,,,,-0.124
236260,2020-05-05,Stokes,North Carolina,37169.0,10,0.0,0.0,,,,-0.134
236261,2020-05-06,Stokes,North Carolina,37169.0,10,0.0,0.0,,,,-0.126
236262,2020-05-07,Stokes,North Carolina,37169.0,10,0.0,0.0,,,,-0.134
236263,2020-05-08,Stokes,North Carolina,37169.0,11,0.0,1.0,,,,-0.177
236264,2020-05-09,Stokes,North Carolina,37169.0,11,0.0,0.0,,,,-0.191
236265,2020-05-10,Stokes,North Carolina,37169.0,11,0.0,0.0,,,,-0.193
236266,2020-05-11,Stokes,North Carolina,37169.0,11,0.0,0.0,,,,-0.222
236267,2020-05-12,Stokes,North Carolina,37169.0,14,0.0,3.0,,,,-0.21600001
236268,2020-05-13,Stokes,North Carolina,37169.0,18,0.0,4.0,,,,-0.19400001
236269,2020-05-14,Stokes,North Carolina,37169.0,20,0.0,2.0,,,,-0.21899999999999997
236270,2020-05-15,Stokes,North Carolina,37169.0,23,0.0,3.0,,,,-0.20100001
236271,2020-05-16,Stokes,North Carolina,37169.0,26,0.0,3.0,,,,-0.212
236272,2020-05-17,Stokes,North Carolina,37169.0,30,0.0,4.0,,,,-0.20200001
236273,2020-05-18,Stokes,North Carolina,37169.0,36,0.0,6.0,,,,-0.18000001
236274,2020-05-19,Stokes,North Carolina,37169.0,39,0.0,3.0,,,,-0.16899999999999998
236275,2020-05-20,Stokes,North Carolina,37169.0,39,0.0,0.0,,,,-0.213
236276,2020-05-21,Stokes,North Carolina,37169.0,42,0.0,3.0,,,,-0.17900001
236277,2020-05-22,Stokes,North Carolina,37169.0,42,0.0,0.0,,,,-0.182
236278,2020-05-23,Stokes,North Carolina,37169.0,50,0.0,8.0,,,,-0.16599999
236279,2020-05-24,Stokes,North Carolina,37169.0,55,0.0,5.0,,,,-0.18000001
236280,2020-05-25,Stokes,North Carolina,37169.0,56,0.0,1.0,,,,-0.182
236281,2020-05-26,Stokes,North Carolina,37169.0,57,0.0,1.0,,,,-0.214
236282,2020-05-27,Stokes,North Carolina,37169.0,58,0.0,1.0,,,,-0.185
236283,2020-05-28,Stokes,North Carolina,37169.0,60,0.0,2.0,,,,-0.171
236284,2020-05-29,Stokes,North Carolina,37169.0,65,0.0,5.0,,,,-0.168
236285,2020-05-30,Stokes,North Carolina,37169.0,66,0.0,1.0,,,,-0.149
236286,2020-05-31,Stokes,North Carolina,37169.0,67,0.0,1.0,,,,-0.153
236287,2020-06-01,Stokes,North Carolina,37169.0,69,0.0,2.0,,,,-0.121
236288,2020-06-02,Stokes,North Carolina,37169.0,69,0.0,0.0,,,,-0.10300000000000001
236289,2020-06-03,Stokes,North Carolina,37169.0,75,0.0,6.0,,,,-0.11900000000000001
236290,2020-06-04,Stokes,North Carolina,37169.0,79,0.0,4.0,,,,-0.082999997
236291,2020-06-05,Stokes,North Carolina,37169.0,81,0.0,2.0,,,,-0.073700003
236292,2020-06-06,Stokes,North Carolina,37169.0,83,0.0,2.0,,,,-0.09390000300000001
236293,2020-06-07,Stokes,North Carolina,37169.0,85,0.0,2.0,,,,-0.054699998
236294,2020-06-08,Stokes,North Carolina,37169.0,86,0.0,1.0,,,,-0.075099997
236295,2020-06-09,Stokes,North Carolina,37169.0,89,0.0,3.0,,,,-0.09830000300000001
236296,2020-06-10,Stokes,North Carolina,37169.0,89,0.0,0.0,,,,-0.064499997
236297,2020-06-11,Stokes,North Carolina,37169.0,90,0.0,1.0,,,,-0.09440000400000001
236298,2020-06-12,Stokes,North Carolina,37169.0,91,0.0,1.0,,,,-0.098200001
236299,2020-06-13,Stokes,North Carolina,37169.0,92,0.0,1.0,,,,-0.075499997
236300,2020-06-14,Stokes,North Carolina,37169.0,94,0.0,2.0,,,,-0.094300002
236301,2020-06-15,Stokes,North Carolina,37169.0,95,0.0,1.0,,,,-0.091600001
236302,2020-06-16,Stokes,North Carolina,37169.0,95,0.0,0.0,,,,-0.07620000099999999
236303,2020-06-17,Stokes,North Carolina,37169.0,96,0.0,1.0,,,,-0.086199999
236304,2020-06-18,Stokes,North Carolina,37169.0,98,0.0,2.0,,,,-0.102
236305,2020-06-19,Stokes,North Carolina,37169.0,101,0.0,3.0,,,,-0.126
236306,2020-06-20,Stokes,North Carolina,37169.0,102,0.0,1.0,,,,-0.156
236307,2020-06-21,Stokes,North Carolina,37169.0,105,1.0,3.0,,,,-0.127
236308,2020-06-22,Stokes,North Carolina,37169.0,109,1.0,4.0,,,,-0.133
236309,2020-06-23,Stokes,North Carolina,37169.0,110,1.0,1.0,,,,-0.115
236310,2020-06-24,Stokes,North Carolina,37169.0,112,1.0,2.0,,,,-0.15700001
236311,2020-06-25,Stokes,North Carolina,37169.0,115,1.0,3.0,,,,-0.139
236312,2020-06-26,Stokes,North Carolina,37169.0,121,1.0,6.0,,,,-0.16500001
236313,2020-06-27,Stokes,North Carolina,37169.0,124,1.0,3.0,,,,-0.19499999
236314,2020-06-28,Stokes,North Carolina,37169.0,125,1.0,1.0,,,,-0.23899999
236315,2020-06-29,Stokes,North Carolina,37169.0,125,1.0,0.0,,,,-0.223
236316,2020-06-30,Stokes,North Carolina,37169.0,125,1.0,0.0,,,,-0.20800000000000002
236317,2020-07-01,Stokes,North Carolina,37169.0,129,1.0,4.0,,,,-0.14800000000000002
236318,2020-07-02,Stokes,North Carolina,37169.0,129,1.0,0.0,,,,-0.077500001
236319,2020-07-03,Stokes,North Carolina,37169.0,133,1.0,4.0,,,,-0.035700001
236320,2020-07-04,Stokes,North Carolina,37169.0,135,1.0,2.0,,,,-0.0069800001
236321,2020-07-05,Stokes,North Carolina,37169.0,139,1.0,4.0,,,,-0.025900001000000002
236322,2020-07-06,Stokes,North Carolina,37169.0,143,1.0,4.0,,,,0.0132
236323,2020-07-07,Stokes,North Carolina,37169.0,147,1.0,4.0,,,,0.0137
236324,2020-07-08,Stokes,North Carolina,37169.0,148,1.0,1.0,,,,-0.066200003
236325,2020-07-09,Stokes,North Carolina,37169.0,155,1.0,7.0,,,,-0.107
236326,2020-07-10,Stokes,North Carolina,37169.0,162,1.0,7.0,,,,-0.081200004
236327,2020-07-11,Stokes,North Carolina,37169.0,164,1.0,2.0,,,,-0.034200002
236328,2020-07-12,Stokes,North Carolina,37169.0,168,1.0,4.0,,,,-0.039500002
236329,2020-07-13,Stokes,North Carolina,37169.0,169,1.0,1.0,,,,-0.0447
236330,2020-07-14,Stokes,North Carolina,37169.0,170,1.0,1.0,,,,-0.037300002
236331,2020-07-15,Stokes,North Carolina,37169.0,176,1.0,6.0,,,,-0.0177
236332,2020-07-16,Stokes,North Carolina,37169.0,183,1.0,7.0,,,,-0.066299997
236333,2020-07-17,Stokes,North Carolina,37169.0,184,1.0,1.0,,,,-0.124
236334,2020-07-18,Stokes,North Carolina,37169.0,194,1.0,10.0,,,,-0.14300001
236335,2020-07-19,Stokes,North Carolina,37169.0,198,1.0,4.0,,,,-0.10400000000000001
236336,2020-07-20,Stokes,North Carolina,37169.0,199,1.0,1.0,,,,-0.109
236337,2020-07-21,Stokes,North Carolina,37169.0,200,1.0,1.0,,,,-0.133
236338,2020-07-22,Stokes,North Carolina,37169.0,202,1.0,2.0,,,,-0.154
236339,2020-07-23,Stokes,North Carolina,37169.0,207,1.0,5.0,,,,-0.102
236340,2020-07-24,Stokes,North Carolina,37169.0,211,2.0,4.0,,,,-0.0427
236341,2020-07-25,Stokes,North Carolina,37169.0,215,2.0,4.0,,,,-0.077699997
236342,2020-07-26,Stokes,North Carolina,37169.0,218,2.0,3.0,,,,-0.086199999
236343,2020-07-27,Stokes,North Carolina,37169.0,221,2.0,3.0,,,,-0.09470000099999999
236344,2020-07-28,Stokes,North Carolina,37169.0,221,3.0,0.0,,,,-0.088399999
236345,2020-07-29,Stokes,North Carolina,37169.0,229,3.0,8.0,,,,-0.071400002
236346,2020-07-30,Stokes,North Carolina,37169.0,239,3.0,10.0,,,,-0.087300003
236347,2020-07-31,Stokes,North Carolina,37169.0,248,3.0,9.0,,,,-0.124
236348,2020-08-01,Stokes,North Carolina,37169.0,256,3.0,8.0,,,,-0.09440000400000001
236349,2020-08-02,Stokes,North Carolina,37169.0,265,3.0,9.0,,,,-0.131
236350,2020-08-03,Stokes,North Carolina,37169.0,266,3.0,1.0,,,,-0.107
236351,2020-08-04,Stokes,North Carolina,37169.0,270,3.0,4.0,,,,-0.10400000000000001
236352,2020-08-05,Stokes,North Carolina,37169.0,277,3.0,7.0,,,,-0.10400000000000001
236353,2020-08-06,Stokes,North Carolina,37169.0,282,3.0,5.0,,,,-0.102
236354,2020-08-07,Stokes,North Carolina,37169.0,284,3.0,2.0,,,,-0.126
236355,2020-08-08,Stokes,North Carolina,37169.0,287,3.0,3.0,,,,-0.11800000000000001
236356,2020-08-09,Stokes,North Carolina,37169.0,290,3.0,3.0,,,,-0.078699999
236357,2020-08-10,Stokes,North Carolina,37169.0,289,3.0,-1.0,,,,-0.087700002
236358,2020-08-11,Stokes,North Carolina,37169.0,289,3.0,0.0,,,,-0.086300001
236359,2020-08-12,Stokes,North Carolina,37169.0,289,3.0,0.0,,,,-0.07389999900000001
236360,2020-08-13,Stokes,North Carolina,37169.0,295,3.0,6.0,,,,-0.081500001
236361,2020-08-14,Stokes,North Carolina,37169.0,295,3.0,0.0,,,,0.0013599999999999999
236362,2020-08-15,Stokes,North Carolina,37169.0,301,3.0,6.0,,,,-0.0178
236363,2020-08-16,Stokes,North Carolina,37169.0,304,3.0,3.0,,,,-0.0285
236364,2020-08-17,Stokes,North Carolina,37169.0,303,3.0,-1.0,,,,-0.035999998
236365,2020-08-18,Stokes,North Carolina,37169.0,306,3.0,3.0,,,,-0.0091399997
236366,2020-08-19,Stokes,North Carolina,37169.0,308,3.0,2.0,,,,-0.00361
236367,2020-08-20,Stokes,North Carolina,37169.0,310,3.0,2.0,,,,-0.0166
236368,2020-08-21,Stokes,North Carolina,37169.0,314,3.0,4.0,,,,-0.037000000000000005
236369,2020-08-22,Stokes,North Carolina,37169.0,318,3.0,4.0,,,,-0.00728
236370,2020-08-23,Stokes,North Carolina,37169.0,319,3.0,1.0,,,,-0.0261
236371,2020-08-24,Stokes,North Carolina,37169.0,320,3.0,1.0,,,,-0.10800000000000001
236372,2020-08-25,Stokes,North Carolina,37169.0,320,3.0,0.0,,,,-0.162
236373,2020-08-26,Stokes,North Carolina,37169.0,321,3.0,1.0,,,,-0.175
236374,2020-08-27,Stokes,North Carolina,37169.0,322,3.0,1.0,,,,-0.125
236375,2020-08-28,Stokes,North Carolina,37169.0,325,3.0,3.0,,,,-0.08550000199999999
236376,2020-08-29,Stokes,North Carolina,37169.0,328,3.0,3.0,,,,-0.11800000000000001
236377,2020-08-30,Stokes,North Carolina,37169.0,331,3.0,3.0,,,,-0.10400000000000001
236378,2020-08-31,Stokes,North Carolina,37169.0,331,3.0,0.0,,,,-0.084600002
236379,2020-09-01,Stokes,North Carolina,37169.0,335,3.0,4.0,,,,0.0132
236380,2020-09-02,Stokes,North Carolina,37169.0,337,3.0,2.0,,,,0.0103
236381,2020-09-03,Stokes,North Carolina,37169.0,342,3.0,5.0,,,,-0.0115
236382,2020-09-04,Stokes,North Carolina,37169.0,347,3.0,5.0,,,,-0.024700001
236383,2020-09-05,Stokes,North Carolina,37169.0,355,3.0,8.0,,,,0.0189
236384,2020-09-06,Stokes,North Carolina,37169.0,357,3.0,2.0,,,,0.033199999
236385,2020-09-07,Stokes,North Carolina,37169.0,361,3.0,4.0,,,,0.0449
236386,2020-09-08,Stokes,North Carolina,37169.0,363,3.0,2.0,,,,0.049400002
236387,2020-09-09,Stokes,North Carolina,37169.0,369,3.0,6.0,,,,0.060400002
236388,2020-09-10,Stokes,North Carolina,37169.0,375,3.0,6.0,,,,0.13699999
236389,2020-09-11,Stokes,North Carolina,37169.0,382,3.0,7.0,,,,0.133
236390,2020-09-12,Stokes,North Carolina,37169.0,388,3.0,6.0,,,,0.102
236391,2020-09-13,Stokes,North Carolina,37169.0,387,3.0,-1.0,,,,0.1
236392,2020-09-14,Stokes,North Carolina,37169.0,387,3.0,0.0,,,,0.07970000099999999
236393,2020-09-15,Stokes,North Carolina,37169.0,391,3.0,4.0,,,,0.16699999999999998
236394,2020-09-16,Stokes,North Carolina,37169.0,394,3.0,3.0,,,,0.09470000099999999
236395,2020-09-17,Stokes,North Carolina,37169.0,398,3.0,4.0,,,,0.0352
236396,2020-09-18,Stokes,North Carolina,37169.0,403,3.0,5.0,,,,0.0528
236397,2020-09-19,Stokes,North Carolina,37169.0,404,3.0,1.0,,,,0.0517
236398,2020-09-20,Stokes,North Carolina,37169.0,407,3.0,3.0,,,,0.0726
236399,2020-09-21,Stokes,North Carolina,37169.0,407,3.0,0.0,,,,0.09719999900000001
236400,2020-09-22,Stokes,North Carolina,37169.0,413,3.0,6.0,,,,0.022299998999999997
236401,2020-09-23,Stokes,North Carolina,37169.0,414,3.0,1.0,,,,0.065200001
236402,2020-09-24,Stokes,North Carolina,37169.0,417,3.0,3.0,,,,0.058499999000000004
236403,2020-09-25,Stokes,North Carolina,37169.0,424,3.0,7.0,,,,0.05739999900000001
236404,2020-09-26,Stokes,North Carolina,37169.0,431,3.0,7.0,,,,0.069200002
236405,2020-09-27,Stokes,North Carolina,37169.0,441,3.0,10.0,,,,0.074299999
236406,2020-09-28,Stokes,North Carolina,37169.0,447,3.0,6.0,,,,0.031300001
236407,2020-09-29,Stokes,North Carolina,37169.0,453,3.0,6.0,,,,0.073600002
236408,2020-09-30,Stokes,North Carolina,37169.0,458,4.0,5.0,,,,0.038199998
236409,2020-10-01,Stokes,North Carolina,37169.0,468,4.0,10.0,,,,0.0102
236410,2020-10-02,Stokes,North Carolina,37169.0,476,4.0,8.0,,,,0.0156
236411,2020-10-03,Stokes,North Carolina,37169.0,479,4.0,3.0,,,,0.0125
236412,2020-10-04,Stokes,North Carolina,37169.0,481,4.0,2.0,,,,-0.00722
236413,2020-10-05,Stokes,North Carolina,37169.0,490,4.0,9.0,,,,0.0148
236414,2020-10-06,Stokes,North Carolina,37169.0,499,4.0,9.0,,,,0.048599999000000005
236415,2020-10-07,Stokes,North Carolina,37169.0,518,4.0,19.0,,,,0.045499999000000006
236416,2020-10-08,Stokes,North Carolina,37169.0,525,4.0,7.0,,,,0.10800000000000001
236417,2020-10-09,Stokes,North Carolina,37169.0,533,4.0,8.0,,,,0.11199999999999999
236418,2020-10-10,Stokes,North Carolina,37169.0,538,5.0,5.0,,,,0.155
236419,2020-10-11,Stokes,North Carolina,37169.0,542,5.0,4.0,,,,0.15000001
236420,2020-10-12,Stokes,North Carolina,37169.0,551,5.0,9.0,,,,0.207
236421,2020-10-13,Stokes,North Carolina,37169.0,553,5.0,2.0,,,,0.11800000000000001
236422,2020-10-14,Stokes,North Carolina,37169.0,578,5.0,25.0,,,,0.106
236423,2020-10-15,Stokes,North Carolina,37169.0,595,5.0,17.0,,,,0.0647
236424,2020-10-16,Stokes,North Carolina,37169.0,604,5.0,9.0,,,,0.0035399998999999997
236425,2020-10-17,Stokes,North Carolina,37169.0,615,5.0,11.0,,,,-0.009220000400000001
236426,2020-10-18,Stokes,North Carolina,37169.0,626,5.0,11.0,,,,0.0374
236427,2020-10-19,Stokes,North Carolina,37169.0,626,5.0,0.0,,,,0.0076899999
236428,2020-10-20,Stokes,North Carolina,37169.0,631,8.0,5.0,,,,0.0085300002
236429,2020-10-21,Stokes,North Carolina,37169.0,635,8.0,4.0,,,,0.074900001
236430,2020-10-22,Stokes,North Carolina,37169.0,643,9.0,8.0,,,,0.15000001
236431,2020-10-23,Stokes,North Carolina,37169.0,653,9.0,10.0,,,,0.22
236432,2020-10-24,Stokes,North Carolina,37169.0,664,9.0,11.0,,,,0.22
236433,2020-10-25,Stokes,North Carolina,37169.0,667,9.0,3.0,,,,0.192
236434,2020-10-26,Stokes,North Carolina,37169.0,675,10.0,8.0,,,,0.162
236435,2020-10-27,Stokes,North Carolina,37169.0,673,10.0,-2.0,,,,0.207
236436,2020-10-28,Stokes,North Carolina,37169.0,685,10.0,12.0,,,,0.16599999
236437,2020-10-29,Stokes,North Carolina,37169.0,692,10.0,7.0,,,,0.08269999900000001
236438,2020-10-30,Stokes,North Carolina,37169.0,707,11.0,15.0,,,,0.029899999
236439,2020-10-31,Stokes,North Carolina,37169.0,710,12.0,3.0,,,,0.022600001
236440,2020-11-01,Stokes,North Carolina,37169.0,719,12.0,9.0,,,,0.0009550000000000001
236441,2020-11-02,Stokes,North Carolina,37169.0,726,13.0,7.0,,,,0.0186
236442,2020-11-03,Stokes,North Carolina,37169.0,730,13.0,4.0,,,,0.0175
236443,2020-11-04,Stokes,North Carolina,37169.0,747,13.0,17.0,,,,0.022000000000000002
236444,2020-11-05,Stokes,North Carolina,37169.0,767,13.0,20.0,,,,0.0594
236445,2020-11-06,Stokes,North Carolina,37169.0,781,13.0,14.0,,,,0.048999999
236446,2020-11-07,Stokes,North Carolina,37169.0,794,13.0,13.0,,,,0.0546
236447,2020-11-08,Stokes,North Carolina,37169.0,813,13.0,19.0,,,,0.061299998
236448,2020-11-09,Stokes,North Carolina,37169.0,819,13.0,6.0,,,,0.0385
236449,2020-11-10,Stokes,North Carolina,37169.0,825,13.0,6.0,,,,0.028999999
236450,2020-11-11,Stokes,North Carolina,37169.0,842,13.0,17.0,,,,0.023399998999999998
236451,2020-11-12,Stokes,North Carolina,37169.0,854,13.0,12.0,,,,0.011000000000000001
236452,2020-11-13,Stokes,North Carolina,37169.0,867,13.0,13.0,,,,0.05840000099999999
236453,2020-11-14,Stokes,North Carolina,37169.0,885,13.0,18.0,,,,0.081699997
236454,2020-11-15,Stokes,North Carolina,37169.0,905,13.0,20.0,,,,0.114
236455,2020-11-16,Stokes,North Carolina,37169.0,912,14.0,7.0,,,,0.13500001
236456,2020-11-17,Stokes,North Carolina,37169.0,926,14.0,14.0,,,,0.17
236457,2020-11-18,Stokes,North Carolina,37169.0,949,14.0,23.0,,,,0.24100000000000002
236458,2020-11-19,Stokes,North Carolina,37169.0,977,14.0,28.0,,,,0.33000001
236459,2020-11-20,Stokes,North Carolina,37169.0,1002,16.0,25.0,,,,0.37799999
236460,2020-11-21,Stokes,North Carolina,37169.0,1020,16.0,18.0,,,,0.324
236461,2020-11-22,Stokes,North Carolina,37169.0,1040,16.0,20.0,,,,0.27900001
