,date,county,state,fips,cases,deaths,new_cases,emp_combined,emp_combined_inclow,revenue_all,spend_all
245820,2020-03-26,Athens,Ohio,39009.0,1,0.0,0.0,-0.00108,.,,-0.37099999
245821,2020-03-27,Athens,Ohio,39009.0,1,0.0,0.0,-0.00294,.,,-0.382
245822,2020-03-28,Athens,Ohio,39009.0,2,0.0,1.0,-0.00489,.,,-0.39700001
245823,2020-03-29,Athens,Ohio,39009.0,3,0.0,1.0,-0.00689,.,,-0.36500001
245824,2020-03-30,Athens,Ohio,39009.0,3,1.0,0.0,-0.00896,.,,-0.37
245825,2020-03-31,Athens,Ohio,39009.0,3,1.0,0.0,-0.0111,.,,-0.34
245826,2020-04-01,Athens,Ohio,39009.0,3,1.0,0.0,-0.0131,.,,-0.32699999
245827,2020-04-02,Athens,Ohio,39009.0,3,1.0,0.0,-0.0152,.,,-0.31999999
245828,2020-04-03,Athens,Ohio,39009.0,3,1.0,0.0,-0.0172,.,,-0.31200001
245829,2020-04-04,Athens,Ohio,39009.0,3,1.0,0.0,-0.019,.,,-0.30199999
245830,2020-04-05,Athens,Ohio,39009.0,3,1.0,0.0,-0.0208,.,,-0.31200001
245831,2020-04-06,Athens,Ohio,39009.0,3,1.0,0.0,-0.0225,.,,-0.30399999
245832,2020-04-07,Athens,Ohio,39009.0,3,1.0,0.0,-0.0242,.,,-0.294
245833,2020-04-08,Athens,Ohio,39009.0,3,1.0,0.0,-0.0259,.,,-0.294
245834,2020-04-09,Athens,Ohio,39009.0,3,1.0,0.0,-0.0276,.,,-0.289
245835,2020-04-10,Athens,Ohio,39009.0,3,1.0,0.0,-0.0293,.,,-0.29300001
245836,2020-04-11,Athens,Ohio,39009.0,3,1.0,0.0,-0.0309,.,,-0.32699999
245837,2020-04-12,Athens,Ohio,39009.0,3,1.0,0.0,-0.0323,.,,-0.336
245838,2020-04-13,Athens,Ohio,39009.0,3,1.0,0.0,-0.0336,.,,-0.33899999
245839,2020-04-14,Athens,Ohio,39009.0,3,1.0,0.0,-0.0348,.,,-0.33299999999999996
245840,2020-04-15,Athens,Ohio,39009.0,3,1.0,0.0,-0.0358,.,,-0.285
245841,2020-04-16,Athens,Ohio,39009.0,3,1.0,0.0,-0.0367,.,,-0.30599999
245842,2020-04-17,Athens,Ohio,39009.0,3,1.0,0.0,-0.0375,.,,-0.264
245843,2020-04-18,Athens,Ohio,39009.0,3,1.0,0.0,-0.0383,.,,-0.221
245844,2020-04-19,Athens,Ohio,39009.0,3,1.0,0.0,-0.0392,.,,-0.205
245845,2020-04-20,Athens,Ohio,39009.0,3,1.0,0.0,-0.0401,.,,-0.193
245846,2020-04-21,Athens,Ohio,39009.0,3,1.0,0.0,-0.0411,.,,-0.15700001
245847,2020-04-22,Athens,Ohio,39009.0,3,1.0,0.0,-0.042,.,,-0.191
245848,2020-04-23,Athens,Ohio,39009.0,4,1.0,1.0,-0.0429,.,,-0.162
245849,2020-04-24,Athens,Ohio,39009.0,3,1.0,-1.0,-0.0437,.,,-0.204
245850,2020-04-25,Athens,Ohio,39009.0,3,1.0,0.0,-0.0445,.,,-0.255
245851,2020-04-26,Athens,Ohio,39009.0,3,1.0,0.0,-0.0451,.,,-0.257
245852,2020-04-27,Athens,Ohio,39009.0,3,1.0,0.0,-0.0455,.,,-0.252
245853,2020-04-28,Athens,Ohio,39009.0,3,1.0,0.0,-0.0458,.,,-0.271
245854,2020-04-29,Athens,Ohio,39009.0,3,1.0,0.0,-0.0461,.,,-0.26499999
245855,2020-04-30,Athens,Ohio,39009.0,3,1.0,0.0,-0.0463,.,,-0.26699999
245856,2020-05-01,Athens,Ohio,39009.0,4,1.0,1.0,-0.0466,.,,-0.242
245857,2020-05-02,Athens,Ohio,39009.0,4,1.0,0.0,-0.047,.,,-0.214
245858,2020-05-03,Athens,Ohio,39009.0,4,1.0,0.0,-0.0475,.,,-0.207
245859,2020-05-04,Athens,Ohio,39009.0,4,1.0,0.0,-0.0481,.,,-0.185
245860,2020-05-05,Athens,Ohio,39009.0,4,1.0,0.0,-0.0488,.,,-0.175
245861,2020-05-06,Athens,Ohio,39009.0,4,1.0,0.0,-0.0495,.,,-0.17
245862,2020-05-07,Athens,Ohio,39009.0,4,1.0,0.0,-0.0501,.,,-0.17600000000000002
245863,2020-05-08,Athens,Ohio,39009.0,4,1.0,0.0,-0.0507,.,,-0.18799999
245864,2020-05-09,Athens,Ohio,39009.0,5,1.0,1.0,-0.0509,.,,-0.18700001
245865,2020-05-10,Athens,Ohio,39009.0,6,1.0,1.0,-0.0508,.,,-0.191
245866,2020-05-11,Athens,Ohio,39009.0,6,1.0,0.0,-0.0507,.,,-0.21899999999999997
245867,2020-05-12,Athens,Ohio,39009.0,6,1.0,0.0,-0.0503,.,,-0.235
245868,2020-05-13,Athens,Ohio,39009.0,6,1.0,0.0,-0.0499,.,,-0.24699999
245869,2020-05-14,Athens,Ohio,39009.0,6,1.0,0.0,-0.0494,.,,-0.23399999999999999
245870,2020-05-15,Athens,Ohio,39009.0,8,1.0,2.0,-0.0488,.,,-0.222
245871,2020-05-16,Athens,Ohio,39009.0,8,1.0,0.0,-0.0479,.,,-0.2
245872,2020-05-17,Athens,Ohio,39009.0,8,1.0,0.0,-0.0471,.,,-0.22
245873,2020-05-18,Athens,Ohio,39009.0,9,1.0,1.0,-0.0462,.,,-0.18899999999999997
245874,2020-05-19,Athens,Ohio,39009.0,13,1.0,4.0,-0.0453,.,,-0.17200001
245875,2020-05-20,Athens,Ohio,39009.0,13,1.0,0.0,-0.0445,.,,-0.16899999999999998
245876,2020-05-21,Athens,Ohio,39009.0,13,1.0,0.0,-0.0437,.,,-0.17299999
245877,2020-05-22,Athens,Ohio,39009.0,13,1.0,0.0,-0.0429,.,,-0.17200001
245878,2020-05-23,Athens,Ohio,39009.0,13,1.0,0.0,-0.0425,.,,-0.182
245879,2020-05-24,Athens,Ohio,39009.0,14,1.0,1.0,-0.0421,.,,-0.149
245880,2020-05-25,Athens,Ohio,39009.0,14,1.0,0.0,-0.0416,.,,-0.15700001
245881,2020-05-26,Athens,Ohio,39009.0,18,1.0,4.0,-0.0412,.,,-0.156
245882,2020-05-27,Athens,Ohio,39009.0,18,1.0,0.0,-0.0406,.,,-0.139
245883,2020-05-28,Athens,Ohio,39009.0,18,1.0,0.0,-0.04,.,,-0.11199999999999999
245884,2020-05-29,Athens,Ohio,39009.0,18,1.0,0.0,-0.0392,.,,-0.12
245885,2020-05-30,Athens,Ohio,39009.0,18,1.0,0.0,-0.0383,.,,-0.0339
245886,2020-05-31,Athens,Ohio,39009.0,18,1.0,0.0,-0.0373,.,,-0.0147
245887,2020-06-01,Athens,Ohio,39009.0,18,1.0,0.0,-0.0361,.,,0.0295
245888,2020-06-02,Athens,Ohio,39009.0,18,1.0,0.0,-0.0348,.,,-0.0044800001
245889,2020-06-03,Athens,Ohio,39009.0,18,1.0,0.0,-0.0335,.,,-0.0189
245890,2020-06-04,Athens,Ohio,39009.0,18,1.0,0.0,-0.0323,.,,-0.051100001
245891,2020-06-05,Athens,Ohio,39009.0,18,1.0,0.0,-0.0314,.,,-0.04410000099999999
245892,2020-06-06,Athens,Ohio,39009.0,18,1.0,0.0,-0.0304,.,,-0.13500001
245893,2020-06-07,Athens,Ohio,39009.0,18,1.0,0.0,-0.0297,.,,-0.155
245894,2020-06-08,Athens,Ohio,39009.0,18,1.0,0.0,-0.0291,.,,-0.19899999999999998
245895,2020-06-09,Athens,Ohio,39009.0,18,1.0,0.0,-0.0288,.,,-0.18899999999999997
245896,2020-06-10,Athens,Ohio,39009.0,22,1.0,4.0,-0.0288,.,,-0.132
245897,2020-06-11,Athens,Ohio,39009.0,23,1.0,1.0,-0.0289,.,,-0.127
245898,2020-06-12,Athens,Ohio,39009.0,23,1.0,0.0,-0.029,.,,-0.11599999999999999
245899,2020-06-13,Athens,Ohio,39009.0,23,1.0,0.0,-0.0294,.,,-0.107
245900,2020-06-14,Athens,Ohio,39009.0,23,1.0,0.0,-0.0299,.,,-0.10300000000000001
245901,2020-06-15,Athens,Ohio,39009.0,23,1.0,0.0,-0.0306,.,,-0.09809999900000001
245902,2020-06-16,Athens,Ohio,39009.0,23,1.0,0.0,-0.0314,.,,-0.08569999800000001
245903,2020-06-17,Athens,Ohio,39009.0,24,1.0,1.0,-0.0322,.,,-0.114
245904,2020-06-18,Athens,Ohio,39009.0,24,1.0,0.0,-0.0332,.,,-0.111
245905,2020-06-19,Athens,Ohio,39009.0,24,1.0,0.0,-0.0341,.,,-0.133
245906,2020-06-20,Athens,Ohio,39009.0,24,1.0,0.0,-0.035,.,,-0.134
245907,2020-06-21,Athens,Ohio,39009.0,25,1.0,1.0,-0.036,.,,-0.131
245908,2020-06-22,Athens,Ohio,39009.0,25,1.0,0.0,-0.0369,.,,-0.13500001
245909,2020-06-23,Athens,Ohio,39009.0,26,1.0,1.0,-0.0378,.,,-0.132
245910,2020-06-24,Athens,Ohio,39009.0,28,1.0,2.0,-0.0386,.,,-0.184
245911,2020-06-25,Athens,Ohio,39009.0,29,1.0,1.0,-0.0395,.,,-0.17200001
245912,2020-06-26,Athens,Ohio,39009.0,29,1.0,0.0,-0.0404,.,,-0.233
245913,2020-06-27,Athens,Ohio,39009.0,30,1.0,1.0,-0.0412,.,,-0.215
245914,2020-06-28,Athens,Ohio,39009.0,30,1.0,0.0,-0.042,.,,-0.20299999
245915,2020-06-29,Athens,Ohio,39009.0,32,1.0,2.0,-0.0426,.,,-0.18000001
245916,2020-06-30,Athens,Ohio,39009.0,33,1.0,1.0,-0.0433,.,,-0.19699999999999998
245917,2020-07-01,Athens,Ohio,39009.0,37,1.0,4.0,-0.0438,.,,-0.15899999
245918,2020-07-02,Athens,Ohio,39009.0,37,1.0,0.0,-0.0443,.,,-0.17900001
245919,2020-07-03,Athens,Ohio,39009.0,43,1.0,6.0,-0.0447,.,,-0.133
245920,2020-07-04,Athens,Ohio,39009.0,49,1.0,6.0,-0.0453,.,,-0.11699999999999999
245921,2020-07-05,Athens,Ohio,39009.0,56,1.0,7.0,-0.0457,.,,-0.162
245922,2020-07-06,Athens,Ohio,39009.0,59,1.0,3.0,-0.0461,.,,-0.149
245923,2020-07-07,Athens,Ohio,39009.0,63,1.0,4.0,-0.0465,.,,-0.16
245924,2020-07-08,Athens,Ohio,39009.0,79,1.0,16.0,-0.0467,.,,-0.17
245925,2020-07-09,Athens,Ohio,39009.0,91,1.0,12.0,-0.0469,.,,-0.17900001
245926,2020-07-10,Athens,Ohio,39009.0,111,1.0,20.0,-0.0471,.,,-0.193
245927,2020-07-11,Athens,Ohio,39009.0,139,1.0,28.0,-0.0475,.,,-0.19
245928,2020-07-12,Athens,Ohio,39009.0,167,1.0,28.0,-0.0478,.,,-0.20200001
245929,2020-07-13,Athens,Ohio,39009.0,192,1.0,25.0,-0.0481,.,,-0.213
245930,2020-07-14,Athens,Ohio,39009.0,201,1.0,9.0,-0.0483,.,,-0.207
245931,2020-07-15,Athens,Ohio,39009.0,220,1.0,19.0,-0.0485,.,,-0.226
245932,2020-07-16,Athens,Ohio,39009.0,234,1.0,14.0,-0.0487,.,,-0.23800001
245933,2020-07-17,Athens,Ohio,39009.0,250,1.0,16.0,-0.0487,.,,-0.242
245934,2020-07-18,Athens,Ohio,39009.0,260,1.0,10.0,-0.0482,.,,-0.243
245935,2020-07-19,Athens,Ohio,39009.0,268,1.0,8.0,-0.0476,.,,-0.25600001
245936,2020-07-20,Athens,Ohio,39009.0,274,1.0,6.0,-0.0471,.,,-0.259
245937,2020-07-21,Athens,Ohio,39009.0,284,1.0,10.0,-0.0466,.,,-0.26300001
245938,2020-07-22,Athens,Ohio,39009.0,292,1.0,8.0,-0.0461,.,,-0.233
245939,2020-07-23,Athens,Ohio,39009.0,303,1.0,11.0,-0.0457,.,,-0.212
245940,2020-07-24,Athens,Ohio,39009.0,309,1.0,6.0,-0.0456,.,,-0.2
245941,2020-07-25,Athens,Ohio,39009.0,315,1.0,6.0,-0.0458,.,,-0.18899999999999997
245942,2020-07-26,Athens,Ohio,39009.0,318,1.0,3.0,-0.0462,.,,-0.175
245943,2020-07-27,Athens,Ohio,39009.0,319,1.0,1.0,-0.0468,.,,-0.15700001
245944,2020-07-28,Athens,Ohio,39009.0,326,1.0,7.0,-0.0475,.,,-0.14399999
245945,2020-07-29,Athens,Ohio,39009.0,330,1.0,4.0,-0.0483,.,,-0.15099999
245946,2020-07-30,Athens,Ohio,39009.0,334,1.0,4.0,-0.0491,.,,-0.15899999
245947,2020-07-31,Athens,Ohio,39009.0,339,1.0,5.0,-0.0498,.,,-0.18899999999999997
245948,2020-08-01,Athens,Ohio,39009.0,342,1.0,3.0,-0.0505,.,,-0.19899999999999998
245949,2020-08-02,Athens,Ohio,39009.0,344,1.0,2.0,-0.051,.,,-0.212
245950,2020-08-03,Athens,Ohio,39009.0,345,1.0,1.0,-0.0513,.,,-0.24100000000000002
245951,2020-08-04,Athens,Ohio,39009.0,350,1.0,5.0,-0.0514,.,,-0.22899999999999998
245952,2020-08-05,Athens,Ohio,39009.0,352,1.0,2.0,-0.0513,.,,-0.242
245953,2020-08-06,Athens,Ohio,39009.0,353,1.0,1.0,-0.051,.,,-0.23399999999999999
245954,2020-08-07,Athens,Ohio,39009.0,356,1.0,3.0,-0.0504,.,,-0.21600001
245955,2020-08-08,Athens,Ohio,39009.0,356,1.0,0.0,-0.0496,.,,-0.214
245956,2020-08-09,Athens,Ohio,39009.0,357,1.0,1.0,-0.0486,.,,-0.19400001
245957,2020-08-10,Athens,Ohio,39009.0,359,1.0,2.0,-0.0475,.,,-0.185
245958,2020-08-11,Athens,Ohio,39009.0,360,2.0,1.0,-0.0462,.,,-0.20299999
245959,2020-08-12,Athens,Ohio,39009.0,361,2.0,1.0,-0.045,.,,-0.17900001
245960,2020-08-13,Athens,Ohio,39009.0,364,2.0,3.0,-0.0438,.,,-0.17900001
245961,2020-08-14,Athens,Ohio,39009.0,366,2.0,2.0,-0.0404,.,,-0.185
245962,2020-08-15,Athens,Ohio,39009.0,366,2.0,0.0,-0.0372,.,,-0.192
245963,2020-08-16,Athens,Ohio,39009.0,367,2.0,1.0,-0.0342,.,,-0.185
245964,2020-08-17,Athens,Ohio,39009.0,368,2.0,1.0,-0.0314,.,,-0.16599999
245965,2020-08-18,Athens,Ohio,39009.0,368,2.0,0.0,-0.0289,.,,-0.16399999999999998
245966,2020-08-19,Athens,Ohio,39009.0,368,2.0,0.0,-0.0267,.,,-0.15899999
245967,2020-08-20,Athens,Ohio,39009.0,369,2.0,1.0,-0.0248,.,,-0.162
245968,2020-08-21,Athens,Ohio,39009.0,370,2.0,1.0,-0.0255,.,,-0.18799999
245969,2020-08-22,Athens,Ohio,39009.0,372,2.0,2.0,-0.0264,.,,-0.162
245970,2020-08-23,Athens,Ohio,39009.0,373,2.0,1.0,-0.0275,.,,-0.15800001
245971,2020-08-24,Athens,Ohio,39009.0,373,2.0,0.0,-0.0288,.,,-0.18799999
245972,2020-08-25,Athens,Ohio,39009.0,374,2.0,1.0,-0.0302,.,,-0.182
245973,2020-08-26,Athens,Ohio,39009.0,376,2.0,2.0,-0.0316,.,,-0.153
245974,2020-08-27,Athens,Ohio,39009.0,376,2.0,0.0,-0.0331,.,,-0.175
245975,2020-08-28,Athens,Ohio,39009.0,381,2.0,5.0,-0.0346,.,,-0.13500001
245976,2020-08-29,Athens,Ohio,39009.0,385,2.0,4.0,-0.0359,.,,-0.155
245977,2020-08-30,Athens,Ohio,39009.0,387,2.0,2.0,-0.0372,.,,-0.20100001
245978,2020-08-31,Athens,Ohio,39009.0,389,2.0,2.0,-0.0384,.,,-0.185
245979,2020-09-01,Athens,Ohio,39009.0,396,2.0,7.0,-0.0396,.,,-0.18700001
245980,2020-09-02,Athens,Ohio,39009.0,399,2.0,3.0,-0.0409,.,,-0.15700001
245981,2020-09-03,Athens,Ohio,39009.0,404,2.0,5.0,-0.0422,.,,-0.12800001
245982,2020-09-04,Athens,Ohio,39009.0,408,2.0,4.0,-0.0434,.,,-0.15099999
245983,2020-09-05,Athens,Ohio,39009.0,419,2.0,11.0,-0.0449,.,,-0.13500001
245984,2020-09-06,Athens,Ohio,39009.0,424,2.0,5.0,-0.0464,.,,-0.092200004
245985,2020-09-07,Athens,Ohio,39009.0,434,2.0,10.0,-0.0479,.,,-0.0995
245986,2020-09-08,Athens,Ohio,39009.0,437,2.0,3.0,-0.0494,.,,-0.106
245987,2020-09-09,Athens,Ohio,39009.0,447,2.0,10.0,-0.0508,.,,-0.114
245988,2020-09-10,Athens,Ohio,39009.0,464,2.0,17.0,-0.0522,.,,-0.161
245989,2020-09-11,Athens,Ohio,39009.0,491,2.0,27.0,-0.0534,.,,-0.122
245990,2020-09-12,Athens,Ohio,39009.0,501,2.0,10.0,-0.0543,.,,-0.14399999
245991,2020-09-13,Athens,Ohio,39009.0,508,2.0,7.0,-0.055,.,,-0.14300001
245992,2020-09-14,Athens,Ohio,39009.0,532,2.0,24.0,-0.0555,.,,-0.14300001
245993,2020-09-15,Athens,Ohio,39009.0,540,2.0,8.0,-0.0557,.,,-0.141
245994,2020-09-16,Athens,Ohio,39009.0,557,2.0,17.0,-0.0558,.,,-0.12899999
245995,2020-09-17,Athens,Ohio,39009.0,569,2.0,12.0,-0.0558,.,,-0.138
245996,2020-09-18,Athens,Ohio,39009.0,581,2.0,12.0,-0.0557,.,,-0.13600001
245997,2020-09-19,Athens,Ohio,39009.0,588,2.0,7.0,-0.0557,.,,-0.122
245998,2020-09-20,Athens,Ohio,39009.0,597,2.0,9.0,-0.0561,.,,-0.121
245999,2020-09-21,Athens,Ohio,39009.0,616,2.0,19.0,-0.0568,.,,-0.11
246000,2020-09-22,Athens,Ohio,39009.0,629,2.0,13.0,-0.058,.,,-0.0744
246001,2020-09-23,Athens,Ohio,39009.0,636,2.0,7.0,-0.0599,.,,-0.0359
246002,2020-09-24,Athens,Ohio,39009.0,653,2.0,17.0,-0.0625,.,,-0.064499997
246003,2020-09-25,Athens,Ohio,39009.0,669,2.0,16.0,-0.0659,.,,-0.09749999599999999
246004,2020-09-26,Athens,Ohio,39009.0,678,2.0,9.0,-0.0699,.,,-0.10800000000000001
246005,2020-09-27,Athens,Ohio,39009.0,707,2.0,29.0,-0.0741,.,,-0.098800004
246006,2020-09-28,Athens,Ohio,39009.0,724,2.0,17.0,-0.0785,.,,-0.11900000000000001
246007,2020-09-29,Athens,Ohio,39009.0,740,2.0,16.0,-0.0826,.,,-0.16399999999999998
246008,2020-09-30,Athens,Ohio,39009.0,757,2.0,17.0,-0.0862,.,,-0.19400001
246009,2020-10-01,Athens,Ohio,39009.0,773,2.0,16.0,,,,-0.152
246010,2020-10-02,Athens,Ohio,39009.0,793,2.0,20.0,,,,-0.15000001
246011,2020-10-03,Athens,Ohio,39009.0,814,2.0,21.0,,,,-0.145
246012,2020-10-04,Athens,Ohio,39009.0,829,2.0,15.0,,,,-0.152
246013,2020-10-05,Athens,Ohio,39009.0,843,2.0,14.0,,,,-0.12800001
246014,2020-10-06,Athens,Ohio,39009.0,862,2.0,19.0,,,,-0.11800000000000001
246015,2020-10-07,Athens,Ohio,39009.0,887,2.0,25.0,,,,-0.113
246016,2020-10-08,Athens,Ohio,39009.0,909,2.0,22.0,,,,-0.088600002
246017,2020-10-09,Athens,Ohio,39009.0,955,2.0,46.0,,,,-0.0127
246018,2020-10-10,Athens,Ohio,39009.0,986,2.0,31.0,,,,0.0124
246019,2020-10-11,Athens,Ohio,39009.0,1014,2.0,28.0,,,,0.043200000999999995
246020,2020-10-12,Athens,Ohio,39009.0,1027,2.0,13.0,,,,-0.0060800002
246021,2020-10-13,Athens,Ohio,39009.0,1053,2.0,26.0,,,,0.0283
246022,2020-10-14,Athens,Ohio,39009.0,1073,2.0,20.0,,,,0.00038300001000000005
246023,2020-10-15,Athens,Ohio,39009.0,1102,2.0,29.0,,,,-0.0138
246024,2020-10-16,Athens,Ohio,39009.0,1121,2.0,19.0,,,,-0.07620000099999999
246025,2020-10-17,Athens,Ohio,39009.0,1141,2.0,20.0,,,,-0.099399999
246026,2020-10-18,Athens,Ohio,39009.0,1145,2.0,4.0,,,,-0.124
246027,2020-10-19,Athens,Ohio,39009.0,1157,2.0,12.0,,,,-0.141
246028,2020-10-20,Athens,Ohio,39009.0,1174,2.0,17.0,,,,-0.13600001
246029,2020-10-21,Athens,Ohio,39009.0,1184,2.0,10.0,,,,-0.149
246030,2020-10-22,Athens,Ohio,39009.0,1205,2.0,21.0,,,,-0.191
246031,2020-10-23,Athens,Ohio,39009.0,1235,2.0,30.0,,,,-0.19499999
246032,2020-10-24,Athens,Ohio,39009.0,1259,2.0,24.0,,,,-0.2
246033,2020-10-25,Athens,Ohio,39009.0,1273,2.0,14.0,,,,-0.20600000000000002
246034,2020-10-26,Athens,Ohio,39009.0,1281,2.0,8.0,,,,-0.214
246035,2020-10-27,Athens,Ohio,39009.0,1311,2.0,30.0,,,,-0.228
246036,2020-10-28,Athens,Ohio,39009.0,1331,2.0,20.0,,,,-0.223
246037,2020-10-29,Athens,Ohio,39009.0,1346,2.0,15.0,,,,-0.24100000000000002
246038,2020-10-30,Athens,Ohio,39009.0,1361,2.0,15.0,,,,-0.22899999999999998
246039,2020-10-31,Athens,Ohio,39009.0,1378,2.0,17.0,,,,-0.22
246040,2020-11-01,Athens,Ohio,39009.0,1388,2.0,10.0,,,,-0.215
246041,2020-11-02,Athens,Ohio,39009.0,1393,2.0,5.0,,,,-0.20800000000000002
246042,2020-11-03,Athens,Ohio,39009.0,1402,2.0,9.0,,,,-0.17900001
246043,2020-11-04,Athens,Ohio,39009.0,1423,2.0,21.0,,,,-0.18700001
246044,2020-11-05,Athens,Ohio,39009.0,1438,2.0,15.0,,,,-0.152
246045,2020-11-06,Athens,Ohio,39009.0,1452,4.0,14.0,,,,-0.15099999
246046,2020-11-07,Athens,Ohio,39009.0,1467,4.0,15.0,,,,-0.15000001
246047,2020-11-08,Athens,Ohio,39009.0,1476,4.0,9.0,,,,-0.147
246048,2020-11-09,Athens,Ohio,39009.0,1492,4.0,16.0,,,,-0.171
246049,2020-11-10,Athens,Ohio,39009.0,1522,4.0,30.0,,,,-0.19400001
246050,2020-11-11,Athens,Ohio,39009.0,1547,4.0,25.0,,,,-0.19400001
246051,2020-11-12,Athens,Ohio,39009.0,1569,4.0,22.0,,,,-0.17600000000000002
246052,2020-11-13,Athens,Ohio,39009.0,1596,4.0,27.0,,,,-0.15899999
246053,2020-11-14,Athens,Ohio,39009.0,1608,4.0,12.0,,,,-0.141
246054,2020-11-15,Athens,Ohio,39009.0,1636,4.0,28.0,,,,-0.139
246055,2020-11-16,Athens,Ohio,39009.0,1648,4.0,12.0,,,,-0.141
246056,2020-11-17,Athens,Ohio,39009.0,1665,4.0,17.0,,,,-0.106
246057,2020-11-18,Athens,Ohio,39009.0,1682,4.0,17.0,,,,-0.09560000199999999
246058,2020-11-19,Athens,Ohio,39009.0,1706,4.0,24.0,,,,-0.125
246059,2020-11-20,Athens,Ohio,39009.0,1730,4.0,24.0,,,,-0.11699999999999999
246060,2020-11-21,Athens,Ohio,39009.0,1773,4.0,43.0,,,,-0.141
246061,2020-11-22,Athens,Ohio,39009.0,1795,4.0,22.0,,,,-0.138
