,date,county,state,fips,cases,deaths,new_cases,emp_combined,emp_combined_inclow,revenue_all,spend_all
247041,2020-03-24,Crawford,Ohio,39033.0,1,0.0,0.0,,,,-0.10300000000000001
247042,2020-03-25,Crawford,Ohio,39033.0,1,0.0,0.0,,,,-0.13600001
247043,2020-03-26,Crawford,Ohio,39033.0,1,0.0,0.0,,,,-0.18099999
247044,2020-03-27,Crawford,Ohio,39033.0,1,0.0,0.0,,,,-0.213
247045,2020-03-28,Crawford,Ohio,39033.0,2,0.0,1.0,,,,-0.21100000000000002
247046,2020-03-29,Crawford,Ohio,39033.0,2,0.0,0.0,,,,-0.23100001
247047,2020-03-30,Crawford,Ohio,39033.0,5,0.0,3.0,,,,-0.223
247048,2020-03-31,Crawford,Ohio,39033.0,5,0.0,0.0,,,,-0.14399999
247049,2020-04-01,Crawford,Ohio,39033.0,5,0.0,0.0,,,,-0.17399999
247050,2020-04-02,Crawford,Ohio,39033.0,6,0.0,1.0,,,,-0.25099999
247051,2020-04-03,Crawford,Ohio,39033.0,7,0.0,1.0,,,,-0.23600000000000002
247052,2020-04-04,Crawford,Ohio,39033.0,7,0.0,0.0,,,,-0.22699999999999998
247053,2020-04-05,Crawford,Ohio,39033.0,9,0.0,2.0,,,,-0.21899999999999997
247054,2020-04-06,Crawford,Ohio,39033.0,9,0.0,0.0,,,,-0.18600000000000003
247055,2020-04-07,Crawford,Ohio,39033.0,9,0.0,0.0,,,,-0.20900001
247056,2020-04-08,Crawford,Ohio,39033.0,9,0.0,0.0,,,,-0.243
247057,2020-04-09,Crawford,Ohio,39033.0,12,0.0,3.0,,,,-0.175
247058,2020-04-10,Crawford,Ohio,39033.0,13,0.0,1.0,,,,-0.19400001
247059,2020-04-11,Crawford,Ohio,39033.0,13,0.0,0.0,,,,-0.18899999999999997
247060,2020-04-12,Crawford,Ohio,39033.0,16,0.0,3.0,,,,-0.245
247061,2020-04-13,Crawford,Ohio,39033.0,17,0.0,1.0,,,,-0.31900001
247062,2020-04-14,Crawford,Ohio,39033.0,19,0.0,2.0,,,,-0.185
247063,2020-04-15,Crawford,Ohio,39033.0,23,0.0,4.0,,,,-0.156
247064,2020-04-16,Crawford,Ohio,39033.0,26,0.0,3.0,,,,0.017899999
247065,2020-04-17,Crawford,Ohio,39033.0,28,0.0,2.0,,,,-0.0078699999
247066,2020-04-18,Crawford,Ohio,39033.0,36,0.0,8.0,,,,-0.0623
247067,2020-04-19,Crawford,Ohio,39033.0,41,0.0,5.0,,,,-0.037700001000000004
247068,2020-04-20,Crawford,Ohio,39033.0,37,0.0,-4.0,,,,-0.0094900001
247069,2020-04-21,Crawford,Ohio,39033.0,37,0.0,0.0,,,,-0.13500001
247070,2020-04-22,Crawford,Ohio,39033.0,36,0.0,-1.0,,,,-0.183
247071,2020-04-23,Crawford,Ohio,39033.0,37,0.0,1.0,,,,-0.23199999
247072,2020-04-24,Crawford,Ohio,39033.0,38,0.0,1.0,,,,-0.41200000000000003
247073,2020-04-25,Crawford,Ohio,39033.0,39,0.0,1.0,,,,-0.38
247074,2020-04-26,Crawford,Ohio,39033.0,39,0.0,0.0,,,,-0.377
247075,2020-04-27,Crawford,Ohio,39033.0,41,0.0,2.0,,,,-0.391
247076,2020-04-28,Crawford,Ohio,39033.0,41,0.0,0.0,,,,-0.354
247077,2020-04-29,Crawford,Ohio,39033.0,45,0.0,4.0,,,,-0.37599999
247078,2020-04-30,Crawford,Ohio,39033.0,45,0.0,0.0,,,,-0.28999999
247079,2020-05-01,Crawford,Ohio,39033.0,48,0.0,3.0,,,,-0.289
247080,2020-05-02,Crawford,Ohio,39033.0,50,0.0,2.0,,,,-0.35100001
247081,2020-05-03,Crawford,Ohio,39033.0,52,1.0,2.0,,,,-0.35299999
247082,2020-05-04,Crawford,Ohio,39033.0,56,1.0,4.0,,,,-0.34
247083,2020-05-05,Crawford,Ohio,39033.0,57,1.0,1.0,,,,-0.38
247084,2020-05-06,Crawford,Ohio,39033.0,60,1.0,3.0,,,,-0.33199999
247085,2020-05-07,Crawford,Ohio,39033.0,65,1.0,5.0,,,,-0.375
247086,2020-05-08,Crawford,Ohio,39033.0,69,1.0,4.0,,,,-0.41
247087,2020-05-09,Crawford,Ohio,39033.0,71,1.0,2.0,,,,-0.33000001
247088,2020-05-10,Crawford,Ohio,39033.0,72,1.0,1.0,,,,-0.35800001
247089,2020-05-11,Crawford,Ohio,39033.0,77,1.0,5.0,,,,-0.41999999
247090,2020-05-12,Crawford,Ohio,39033.0,79,1.0,2.0,,,,-0.35299999
247091,2020-05-13,Crawford,Ohio,39033.0,86,2.0,7.0,,,,-0.35600001
247092,2020-05-14,Crawford,Ohio,39033.0,89,2.0,3.0,,,,-0.32300001
247093,2020-05-15,Crawford,Ohio,39033.0,92,2.0,3.0,,,,-0.28600001
247094,2020-05-16,Crawford,Ohio,39033.0,94,2.0,2.0,,,,-0.345
247095,2020-05-17,Crawford,Ohio,39033.0,94,2.0,0.0,,,,-0.30399999
247096,2020-05-18,Crawford,Ohio,39033.0,97,2.0,3.0,,,,-0.289
247097,2020-05-19,Crawford,Ohio,39033.0,98,2.0,1.0,,,,-0.25
247098,2020-05-20,Crawford,Ohio,39033.0,101,3.0,3.0,,,,-0.22699999999999998
247099,2020-05-21,Crawford,Ohio,39033.0,103,3.0,2.0,,,,-0.184
247100,2020-05-22,Crawford,Ohio,39033.0,104,3.0,1.0,,,,-0.207
247101,2020-05-23,Crawford,Ohio,39033.0,104,3.0,0.0,,,,-0.17
247102,2020-05-24,Crawford,Ohio,39033.0,104,3.0,0.0,,,,-0.198
247103,2020-05-25,Crawford,Ohio,39033.0,104,3.0,0.0,,,,-0.21899999999999997
247104,2020-05-26,Crawford,Ohio,39033.0,106,3.0,2.0,,,,-0.22899999999999998
247105,2020-05-27,Crawford,Ohio,39033.0,110,3.0,4.0,,,,-0.21799999
247106,2020-05-28,Crawford,Ohio,39033.0,110,3.0,0.0,,,,-0.19899999999999998
247107,2020-05-29,Crawford,Ohio,39033.0,110,4.0,0.0,,,,-0.21600001
247108,2020-05-30,Crawford,Ohio,39033.0,114,4.0,4.0,,,,-0.24100000000000002
247109,2020-05-31,Crawford,Ohio,39033.0,114,4.0,0.0,,,,-0.21600001
247110,2020-06-01,Crawford,Ohio,39033.0,115,4.0,1.0,,,,-0.15899999
247111,2020-06-02,Crawford,Ohio,39033.0,116,4.0,1.0,,,,-0.14
247112,2020-06-03,Crawford,Ohio,39033.0,117,4.0,1.0,,,,-0.21899999999999997
247113,2020-06-04,Crawford,Ohio,39033.0,118,4.0,1.0,,,,-0.20600000000000002
247114,2020-06-05,Crawford,Ohio,39033.0,118,4.0,0.0,,,,-0.16699999999999998
247115,2020-06-06,Crawford,Ohio,39033.0,118,4.0,0.0,,,,-0.162
247116,2020-06-07,Crawford,Ohio,39033.0,120,4.0,2.0,,,,-0.15099999
247117,2020-06-08,Crawford,Ohio,39033.0,121,4.0,1.0,,,,-0.191
247118,2020-06-09,Crawford,Ohio,39033.0,121,4.0,0.0,,,,-0.233
247119,2020-06-10,Crawford,Ohio,39033.0,121,4.0,0.0,,,,-0.17800000000000002
247120,2020-06-11,Crawford,Ohio,39033.0,123,4.0,2.0,,,,-0.17900001
247121,2020-06-12,Crawford,Ohio,39033.0,122,4.0,-1.0,,,,-0.18099999
247122,2020-06-13,Crawford,Ohio,39033.0,122,4.0,0.0,,,,-0.171
247123,2020-06-14,Crawford,Ohio,39033.0,122,5.0,0.0,,,,-0.17600000000000002
247124,2020-06-15,Crawford,Ohio,39033.0,123,5.0,1.0,,,,-0.18099999
247125,2020-06-16,Crawford,Ohio,39033.0,123,5.0,0.0,,,,-0.16699999999999998
247126,2020-06-17,Crawford,Ohio,39033.0,122,5.0,-1.0,,,,-0.16899999999999998
247127,2020-06-18,Crawford,Ohio,39033.0,122,5.0,0.0,,,,-0.17
247128,2020-06-19,Crawford,Ohio,39033.0,122,5.0,0.0,,,,-0.15000001
247129,2020-06-20,Crawford,Ohio,39033.0,122,5.0,0.0,,,,-0.13
247130,2020-06-21,Crawford,Ohio,39033.0,122,5.0,0.0,,,,-0.154
247131,2020-06-22,Crawford,Ohio,39033.0,122,5.0,0.0,,,,-0.19699999999999998
247132,2020-06-23,Crawford,Ohio,39033.0,125,5.0,3.0,,,,-0.19499999
247133,2020-06-24,Crawford,Ohio,39033.0,125,5.0,0.0,,,,-0.20900001
247134,2020-06-25,Crawford,Ohio,39033.0,126,5.0,1.0,,,,-0.23100001
247135,2020-06-26,Crawford,Ohio,39033.0,127,5.0,1.0,,,,-0.237
247136,2020-06-27,Crawford,Ohio,39033.0,129,5.0,2.0,,,,-0.245
247137,2020-06-28,Crawford,Ohio,39033.0,130,6.0,1.0,,,,-0.242
247138,2020-06-29,Crawford,Ohio,39033.0,132,6.0,2.0,,,,-0.192
247139,2020-06-30,Crawford,Ohio,39033.0,135,6.0,3.0,,,,-0.18899999999999997
247140,2020-07-01,Crawford,Ohio,39033.0,135,7.0,0.0,,,,-0.22499999
247141,2020-07-02,Crawford,Ohio,39033.0,135,7.0,0.0,,,,-0.226
247142,2020-07-03,Crawford,Ohio,39033.0,134,5.0,-1.0,,,,-0.25299999
247143,2020-07-04,Crawford,Ohio,39033.0,135,5.0,1.0,,,,-0.243
247144,2020-07-05,Crawford,Ohio,39033.0,135,5.0,0.0,,,,-0.204
247145,2020-07-06,Crawford,Ohio,39033.0,135,5.0,0.0,,,,-0.22
247146,2020-07-07,Crawford,Ohio,39033.0,136,5.0,1.0,,,,-0.18799999
247147,2020-07-08,Crawford,Ohio,39033.0,136,5.0,0.0,,,,-0.198
247148,2020-07-09,Crawford,Ohio,39033.0,137,5.0,1.0,,,,-0.20299999
247149,2020-07-10,Crawford,Ohio,39033.0,138,5.0,1.0,,,,-0.145
247150,2020-07-11,Crawford,Ohio,39033.0,138,5.0,0.0,,,,-0.13
247151,2020-07-12,Crawford,Ohio,39033.0,141,5.0,3.0,,,,-0.121
247152,2020-07-13,Crawford,Ohio,39033.0,140,5.0,-1.0,,,,-0.16399999999999998
247153,2020-07-14,Crawford,Ohio,39033.0,140,5.0,0.0,,,,-0.215
247154,2020-07-15,Crawford,Ohio,39033.0,140,5.0,0.0,,,,-0.19
247155,2020-07-16,Crawford,Ohio,39033.0,146,5.0,6.0,,,,-0.152
247156,2020-07-17,Crawford,Ohio,39033.0,149,5.0,3.0,,,,-0.19499999
247157,2020-07-18,Crawford,Ohio,39033.0,151,5.0,2.0,,,,-0.20100001
247158,2020-07-19,Crawford,Ohio,39033.0,153,5.0,2.0,,,,-0.23399999999999999
247159,2020-07-20,Crawford,Ohio,39033.0,152,5.0,-1.0,,,,-0.303
247160,2020-07-21,Crawford,Ohio,39033.0,152,5.0,0.0,,,,-0.34599999
247161,2020-07-22,Crawford,Ohio,39033.0,153,5.0,1.0,,,,-0.373
247162,2020-07-23,Crawford,Ohio,39033.0,153,5.0,0.0,,,,-0.39899999
247163,2020-07-24,Crawford,Ohio,39033.0,154,5.0,1.0,,,,-0.39399999
247164,2020-07-25,Crawford,Ohio,39033.0,155,5.0,1.0,,,,-0.40900001
247165,2020-07-26,Crawford,Ohio,39033.0,158,5.0,3.0,,,,-0.373
247166,2020-07-27,Crawford,Ohio,39033.0,158,5.0,0.0,,,,-0.29699999
247167,2020-07-28,Crawford,Ohio,39033.0,158,5.0,0.0,,,,-0.213
247168,2020-07-29,Crawford,Ohio,39033.0,160,5.0,2.0,,,,-0.20200001
247169,2020-07-30,Crawford,Ohio,39033.0,160,5.0,0.0,,,,-0.23
247170,2020-07-31,Crawford,Ohio,39033.0,163,5.0,3.0,,,,-0.221
247171,2020-08-01,Crawford,Ohio,39033.0,164,5.0,1.0,,,,-0.248
247172,2020-08-02,Crawford,Ohio,39033.0,164,5.0,0.0,,,,-0.266
247173,2020-08-03,Crawford,Ohio,39033.0,168,5.0,4.0,,,,-0.29499999
247174,2020-08-04,Crawford,Ohio,39033.0,168,5.0,0.0,,,,-0.31400001
247175,2020-08-05,Crawford,Ohio,39033.0,168,5.0,0.0,,,,-0.294
247176,2020-08-06,Crawford,Ohio,39033.0,171,5.0,3.0,,,,-0.32300001
247177,2020-08-07,Crawford,Ohio,39033.0,172,5.0,1.0,,,,-0.405
247178,2020-08-08,Crawford,Ohio,39033.0,174,5.0,2.0,,,,-0.39799999999999996
247179,2020-08-09,Crawford,Ohio,39033.0,174,5.0,0.0,,,,-0.32699999
247180,2020-08-10,Crawford,Ohio,39033.0,174,5.0,0.0,,,,-0.26199999
247181,2020-08-11,Crawford,Ohio,39033.0,175,5.0,1.0,,,,-0.31900001
247182,2020-08-12,Crawford,Ohio,39033.0,177,5.0,2.0,,,,-0.33500001
247183,2020-08-13,Crawford,Ohio,39033.0,177,5.0,0.0,,,,-0.37
247184,2020-08-14,Crawford,Ohio,39033.0,181,5.0,4.0,,,,-0.396
247185,2020-08-15,Crawford,Ohio,39033.0,183,5.0,2.0,,,,-0.36000001
247186,2020-08-16,Crawford,Ohio,39033.0,183,5.0,0.0,,,,-0.38699999
247187,2020-08-17,Crawford,Ohio,39033.0,183,5.0,0.0,,,,-0.37799999
247188,2020-08-18,Crawford,Ohio,39033.0,184,5.0,1.0,,,,-0.30599999
247189,2020-08-19,Crawford,Ohio,39033.0,184,5.0,0.0,,,,-0.324
247190,2020-08-20,Crawford,Ohio,39033.0,185,5.0,1.0,,,,-0.26699999
247191,2020-08-21,Crawford,Ohio,39033.0,187,5.0,2.0,,,,-0.18099999
247192,2020-08-22,Crawford,Ohio,39033.0,187,5.0,0.0,,,,-0.20600000000000002
247193,2020-08-23,Crawford,Ohio,39033.0,188,5.0,1.0,,,,-0.242
247194,2020-08-24,Crawford,Ohio,39033.0,189,5.0,1.0,,,,-0.28299999
247195,2020-08-25,Crawford,Ohio,39033.0,189,5.0,0.0,,,,-0.31600001
247196,2020-08-26,Crawford,Ohio,39033.0,190,5.0,1.0,,,,-0.29800001
247197,2020-08-27,Crawford,Ohio,39033.0,191,5.0,1.0,,,,-0.28299999
247198,2020-08-28,Crawford,Ohio,39033.0,193,5.0,2.0,,,,-0.31099999
247199,2020-08-29,Crawford,Ohio,39033.0,193,5.0,0.0,,,,-0.289
247200,2020-08-30,Crawford,Ohio,39033.0,193,5.0,0.0,,,,-0.285
247201,2020-08-31,Crawford,Ohio,39033.0,194,5.0,1.0,,,,-0.28
247202,2020-09-01,Crawford,Ohio,39033.0,196,5.0,2.0,,,,-0.278
247203,2020-09-02,Crawford,Ohio,39033.0,197,5.0,1.0,,,,-0.264
247204,2020-09-03,Crawford,Ohio,39033.0,199,5.0,2.0,,,,-0.245
247205,2020-09-04,Crawford,Ohio,39033.0,202,5.0,3.0,,,,-0.20100001
247206,2020-09-05,Crawford,Ohio,39033.0,203,5.0,1.0,,,,-0.175
247207,2020-09-06,Crawford,Ohio,39033.0,204,5.0,1.0,,,,-0.141
247208,2020-09-07,Crawford,Ohio,39033.0,205,5.0,1.0,,,,-0.20900001
247209,2020-09-08,Crawford,Ohio,39033.0,205,5.0,0.0,,,,-0.23899999
247210,2020-09-09,Crawford,Ohio,39033.0,206,5.0,1.0,,,,-0.21100000000000002
247211,2020-09-10,Crawford,Ohio,39033.0,206,5.0,0.0,,,,-0.19899999999999998
247212,2020-09-11,Crawford,Ohio,39033.0,206,6.0,0.0,,,,-0.20900001
247213,2020-09-12,Crawford,Ohio,39033.0,207,6.0,1.0,,,,-0.22699999999999998
247214,2020-09-13,Crawford,Ohio,39033.0,208,6.0,1.0,,,,-0.29800001
247215,2020-09-14,Crawford,Ohio,39033.0,208,6.0,0.0,,,,-0.31900001
247216,2020-09-15,Crawford,Ohio,39033.0,208,6.0,0.0,,,,-0.43200001
247217,2020-09-16,Crawford,Ohio,39033.0,208,6.0,0.0,,,,-0.50599998
247218,2020-09-17,Crawford,Ohio,39033.0,208,6.0,0.0,,,,-0.49200001
247219,2020-09-18,Crawford,Ohio,39033.0,213,6.0,5.0,,,,-0.47499999
247220,2020-09-19,Crawford,Ohio,39033.0,217,6.0,4.0,,,,-0.51999998
247221,2020-09-20,Crawford,Ohio,39033.0,218,6.0,1.0,,,,-0.449
247222,2020-09-21,Crawford,Ohio,39033.0,222,6.0,4.0,,,,-0.41200000000000003
247223,2020-09-22,Crawford,Ohio,39033.0,227,6.0,5.0,,,,-0.257
247224,2020-09-23,Crawford,Ohio,39033.0,228,6.0,1.0,,,,-0.17299999
247225,2020-09-24,Crawford,Ohio,39033.0,231,6.0,3.0,,,,-0.12300000000000001
247226,2020-09-25,Crawford,Ohio,39033.0,236,6.0,5.0,,,,-0.14300001
247227,2020-09-26,Crawford,Ohio,39033.0,238,6.0,2.0,,,,-0.149
247228,2020-09-27,Crawford,Ohio,39033.0,244,6.0,6.0,,,,-0.185
247229,2020-09-28,Crawford,Ohio,39033.0,247,6.0,3.0,,,,-0.249
247230,2020-09-29,Crawford,Ohio,39033.0,248,6.0,1.0,,,,-0.248
247231,2020-09-30,Crawford,Ohio,39033.0,249,6.0,1.0,,,,-0.244
247232,2020-10-01,Crawford,Ohio,39033.0,256,7.0,7.0,,,,-0.26199999
247233,2020-10-02,Crawford,Ohio,39033.0,260,6.0,4.0,,,,-0.212
247234,2020-10-03,Crawford,Ohio,39033.0,263,6.0,3.0,,,,-0.18000001
247235,2020-10-04,Crawford,Ohio,39033.0,272,6.0,9.0,,,,-0.228
247236,2020-10-05,Crawford,Ohio,39033.0,274,6.0,2.0,,,,-0.26499999
247237,2020-10-06,Crawford,Ohio,39033.0,281,6.0,7.0,,,,-0.31
247238,2020-10-07,Crawford,Ohio,39033.0,286,6.0,5.0,,,,-0.39199999
247239,2020-10-08,Crawford,Ohio,39033.0,294,6.0,8.0,,,,-0.36500001
247240,2020-10-09,Crawford,Ohio,39033.0,305,6.0,11.0,,,,-0.257
247241,2020-10-10,Crawford,Ohio,39033.0,314,6.0,9.0,,,,-0.336
247242,2020-10-11,Crawford,Ohio,39033.0,317,6.0,3.0,,,,-0.34799999
247243,2020-10-12,Crawford,Ohio,39033.0,326,6.0,9.0,,,,-0.34599999
247244,2020-10-13,Crawford,Ohio,39033.0,330,6.0,4.0,,,,-0.226
247245,2020-10-14,Crawford,Ohio,39033.0,353,7.0,23.0,,,,-0.163
247246,2020-10-15,Crawford,Ohio,39033.0,365,7.0,12.0,,,,-0.22400001
247247,2020-10-16,Crawford,Ohio,39033.0,376,8.0,11.0,,,,-0.33799999999999997
247248,2020-10-17,Crawford,Ohio,39033.0,401,8.0,25.0,,,,-0.405
247249,2020-10-18,Crawford,Ohio,39033.0,408,8.0,7.0,,,,-0.33399999
247250,2020-10-19,Crawford,Ohio,39033.0,417,8.0,9.0,,,,-0.33299999999999996
247251,2020-10-20,Crawford,Ohio,39033.0,430,8.0,13.0,,,,-0.375
247252,2020-10-21,Crawford,Ohio,39033.0,441,8.0,11.0,,,,-0.38499999
247253,2020-10-22,Crawford,Ohio,39033.0,452,8.0,11.0,,,,-0.42899999
247254,2020-10-23,Crawford,Ohio,39033.0,468,8.0,16.0,,,,-0.419
247255,2020-10-24,Crawford,Ohio,39033.0,503,8.0,35.0,,,,-0.37599999
247256,2020-10-25,Crawford,Ohio,39033.0,513,8.0,10.0,,,,-0.42699999
247257,2020-10-26,Crawford,Ohio,39033.0,526,8.0,13.0,,,,-0.50099999
247258,2020-10-27,Crawford,Ohio,39033.0,540,8.0,14.0,,,,-0.391
247259,2020-10-28,Crawford,Ohio,39033.0,548,8.0,8.0,,,,-0.33799999999999997
247260,2020-10-29,Crawford,Ohio,39033.0,581,8.0,33.0,,,,-0.29300001
247261,2020-10-30,Crawford,Ohio,39033.0,594,8.0,13.0,,,,-0.175
247262,2020-10-31,Crawford,Ohio,39033.0,599,8.0,5.0,,,,-0.252
247263,2020-11-01,Crawford,Ohio,39033.0,609,8.0,10.0,,,,-0.30199999
247264,2020-11-02,Crawford,Ohio,39033.0,618,8.0,9.0,,,,-0.245
247265,2020-11-03,Crawford,Ohio,39033.0,631,8.0,13.0,,,,-0.33399999
247266,2020-11-04,Crawford,Ohio,39033.0,648,8.0,17.0,,,,-0.42399999
247267,2020-11-05,Crawford,Ohio,39033.0,665,9.0,17.0,,,,-0.43900001
247268,2020-11-06,Crawford,Ohio,39033.0,680,9.0,15.0,,,,-0.486
247269,2020-11-07,Crawford,Ohio,39033.0,698,9.0,18.0,,,,-0.44
247270,2020-11-08,Crawford,Ohio,39033.0,717,9.0,19.0,,,,-0.396
247271,2020-11-09,Crawford,Ohio,39033.0,744,9.0,27.0,,,,-0.45300001
247272,2020-11-10,Crawford,Ohio,39033.0,766,9.0,22.0,,,,-0.50400001
247273,2020-11-11,Crawford,Ohio,39033.0,808,13.0,42.0,,,,-0.491
247274,2020-11-12,Crawford,Ohio,39033.0,832,13.0,24.0,,,,-0.38499999
247275,2020-11-13,Crawford,Ohio,39033.0,864,13.0,32.0,,,,-0.35800001
247276,2020-11-14,Crawford,Ohio,39033.0,892,14.0,28.0,,,,-0.31600001
247277,2020-11-15,Crawford,Ohio,39033.0,917,14.0,25.0,,,,-0.34200001
247278,2020-11-16,Crawford,Ohio,39033.0,948,14.0,31.0,,,,-0.31799999
247279,2020-11-17,Crawford,Ohio,39033.0,972,14.0,24.0,,,,-0.287
247280,2020-11-18,Crawford,Ohio,39033.0,1000,15.0,28.0,,,,-0.389
247281,2020-11-19,Crawford,Ohio,39033.0,1028,15.0,28.0,,,,-0.26800001
247282,2020-11-20,Crawford,Ohio,39033.0,1072,16.0,44.0,,,,-0.419
247283,2020-11-21,Crawford,Ohio,39033.0,1115,16.0,43.0,,,,-0.48899999
247284,2020-11-22,Crawford,Ohio,39033.0,1142,16.0,27.0,,,,-0.44999999
