,date,county,state,fips,cases,deaths,new_cases,emp_combined,emp_combined_inclow,revenue_all,spend_all
247544,2020-03-21,Defiance,Ohio,39039.0,2,0.0,0.0,,,,-0.20800000000000002
247545,2020-03-22,Defiance,Ohio,39039.0,2,0.0,0.0,,,,-0.252
247546,2020-03-23,Defiance,Ohio,39039.0,2,0.0,0.0,,,,-0.20999999
247547,2020-03-24,Defiance,Ohio,39039.0,2,0.0,0.0,,,,-0.23800001
247548,2020-03-25,Defiance,Ohio,39039.0,2,0.0,0.0,,,,-0.24100000000000002
247549,2020-03-26,Defiance,Ohio,39039.0,2,0.0,0.0,,,,-0.23899999
247550,2020-03-27,Defiance,Ohio,39039.0,5,0.0,3.0,,,,-0.361
247551,2020-03-28,Defiance,Ohio,39039.0,5,0.0,0.0,,,,-0.38699999
247552,2020-03-29,Defiance,Ohio,39039.0,5,0.0,0.0,,,,-0.37
247553,2020-03-30,Defiance,Ohio,39039.0,5,0.0,0.0,,,,-0.37599999
247554,2020-03-31,Defiance,Ohio,39039.0,5,0.0,0.0,,,,-0.27000001
247555,2020-04-01,Defiance,Ohio,39039.0,6,0.0,1.0,,,,-0.259
247556,2020-04-02,Defiance,Ohio,39039.0,6,0.0,0.0,,,,-0.30000001
247557,2020-04-03,Defiance,Ohio,39039.0,6,0.0,0.0,,,,-0.27200001
247558,2020-04-04,Defiance,Ohio,39039.0,7,0.0,1.0,,,,-0.259
247559,2020-04-05,Defiance,Ohio,39039.0,7,0.0,0.0,,,,-0.27500001
247560,2020-04-06,Defiance,Ohio,39039.0,8,0.0,1.0,,,,-0.26800001
247561,2020-04-07,Defiance,Ohio,39039.0,9,0.0,1.0,,,,-0.33000001
247562,2020-04-08,Defiance,Ohio,39039.0,10,0.0,1.0,,,,-0.34599999
247563,2020-04-09,Defiance,Ohio,39039.0,10,0.0,0.0,,,,-0.31200001
247564,2020-04-10,Defiance,Ohio,39039.0,11,0.0,1.0,,,,-0.30500001
247565,2020-04-11,Defiance,Ohio,39039.0,11,0.0,0.0,,,,-0.30000001
247566,2020-04-12,Defiance,Ohio,39039.0,11,0.0,0.0,,,,-0.301
247567,2020-04-13,Defiance,Ohio,39039.0,12,0.0,1.0,,,,-0.303
247568,2020-04-14,Defiance,Ohio,39039.0,12,0.0,0.0,,,,-0.17
247569,2020-04-15,Defiance,Ohio,39039.0,12,0.0,0.0,,,,-0.056299999
247570,2020-04-16,Defiance,Ohio,39039.0,12,0.0,0.0,,,,-0.005160000200000001
247571,2020-04-17,Defiance,Ohio,39039.0,13,0.0,1.0,,,,-0.0352
247572,2020-04-18,Defiance,Ohio,39039.0,13,0.0,0.0,,,,-0.0986
247573,2020-04-19,Defiance,Ohio,39039.0,14,0.0,1.0,,,,-0.07540000200000001
247574,2020-04-20,Defiance,Ohio,39039.0,15,0.0,1.0,,,,0.013000000000000001
247575,2020-04-21,Defiance,Ohio,39039.0,15,0.0,0.0,,,,-0.0436
247576,2020-04-22,Defiance,Ohio,39039.0,17,0.0,2.0,,,,-0.17900001
247577,2020-04-23,Defiance,Ohio,39039.0,17,1.0,0.0,,,,-0.252
247578,2020-04-24,Defiance,Ohio,39039.0,18,1.0,1.0,,,,-0.21899999999999997
247579,2020-04-25,Defiance,Ohio,39039.0,19,1.0,1.0,,,,-0.177
247580,2020-04-26,Defiance,Ohio,39039.0,19,1.0,0.0,,,,-0.145
247581,2020-04-27,Defiance,Ohio,39039.0,19,1.0,0.0,,,,-0.198
247582,2020-04-28,Defiance,Ohio,39039.0,20,1.0,1.0,,,,-0.21100000000000002
247583,2020-04-29,Defiance,Ohio,39039.0,20,1.0,0.0,,,,-0.19699999999999998
247584,2020-04-30,Defiance,Ohio,39039.0,20,1.0,0.0,,,,-0.09269999699999999
247585,2020-05-01,Defiance,Ohio,39039.0,20,1.0,0.0,,,,-0.039500002
247586,2020-05-02,Defiance,Ohio,39039.0,20,1.0,0.0,,,,-0.0462
247587,2020-05-03,Defiance,Ohio,39039.0,20,1.0,0.0,,,,-0.076800004
247588,2020-05-04,Defiance,Ohio,39039.0,20,1.0,0.0,,,,-0.058699999
247589,2020-05-05,Defiance,Ohio,39039.0,21,1.0,1.0,,,,-0.0308
247590,2020-05-06,Defiance,Ohio,39039.0,21,1.0,0.0,,,,0.0069700000000000005
247591,2020-05-07,Defiance,Ohio,39039.0,21,1.0,0.0,,,,-0.060699999000000004
247592,2020-05-08,Defiance,Ohio,39039.0,21,1.0,0.0,,,,-0.09189999800000001
247593,2020-05-09,Defiance,Ohio,39039.0,26,1.0,5.0,,,,-0.061299998
247594,2020-05-10,Defiance,Ohio,39039.0,26,1.0,0.0,,,,-0.0561
247595,2020-05-11,Defiance,Ohio,39039.0,26,1.0,0.0,,,,-0.083400004
247596,2020-05-12,Defiance,Ohio,39039.0,26,1.0,0.0,,,,-0.095799997
247597,2020-05-13,Defiance,Ohio,39039.0,26,1.0,0.0,,,,-0.059099998
247598,2020-05-14,Defiance,Ohio,39039.0,26,1.0,0.0,,,,-0.032200001
247599,2020-05-15,Defiance,Ohio,39039.0,26,1.0,0.0,,,,0.0132
247600,2020-05-16,Defiance,Ohio,39039.0,26,1.0,0.0,,,,0.08070000299999999
247601,2020-05-17,Defiance,Ohio,39039.0,26,1.0,0.0,,,,0.081900001
247602,2020-05-18,Defiance,Ohio,39039.0,27,1.0,1.0,,,,0.063699998
247603,2020-05-19,Defiance,Ohio,39039.0,28,1.0,1.0,,,,0.20900001
247604,2020-05-20,Defiance,Ohio,39039.0,30,1.0,2.0,,,,0.15099999
247605,2020-05-21,Defiance,Ohio,39039.0,30,2.0,0.0,,,,0.121
247606,2020-05-22,Defiance,Ohio,39039.0,32,2.0,2.0,,,,0.207
247607,2020-05-23,Defiance,Ohio,39039.0,32,2.0,0.0,,,,0.146
247608,2020-05-24,Defiance,Ohio,39039.0,32,2.0,0.0,,,,0.16599999
247609,2020-05-25,Defiance,Ohio,39039.0,32,2.0,0.0,,,,0.23100001
247610,2020-05-26,Defiance,Ohio,39039.0,32,2.0,0.0,,,,0.152
247611,2020-05-27,Defiance,Ohio,39039.0,33,2.0,1.0,,,,0.145
247612,2020-05-28,Defiance,Ohio,39039.0,33,2.0,0.0,,,,0.38499999
247613,2020-05-29,Defiance,Ohio,39039.0,33,2.0,0.0,,,,0.132
247614,2020-05-30,Defiance,Ohio,39039.0,33,2.0,0.0,,,,0.243
247615,2020-05-31,Defiance,Ohio,39039.0,34,2.0,1.0,,,,0.11900000000000001
247616,2020-06-01,Defiance,Ohio,39039.0,34,2.0,0.0,,,,0.21100000000000002
247617,2020-06-02,Defiance,Ohio,39039.0,34,2.0,0.0,,,,0.20600000000000002
247618,2020-06-03,Defiance,Ohio,39039.0,34,2.0,0.0,,,,0.0559
247619,2020-06-04,Defiance,Ohio,39039.0,34,2.0,0.0,,,,-0.115
247620,2020-06-05,Defiance,Ohio,39039.0,34,2.0,0.0,,,,-0.08940000099999999
247621,2020-06-06,Defiance,Ohio,39039.0,35,2.0,1.0,,,,-0.09030000099999999
247622,2020-06-07,Defiance,Ohio,39039.0,36,2.0,1.0,,,,-0.0276
247623,2020-06-08,Defiance,Ohio,39039.0,37,2.0,1.0,,,,-0.08640000199999999
247624,2020-06-09,Defiance,Ohio,39039.0,38,2.0,1.0,,,,-0.034699999
247625,2020-06-10,Defiance,Ohio,39039.0,39,2.0,1.0,,,,-0.076499999
247626,2020-06-11,Defiance,Ohio,39039.0,40,2.0,1.0,,,,-0.0416
247627,2020-06-12,Defiance,Ohio,39039.0,40,2.0,0.0,,,,0.0164
247628,2020-06-13,Defiance,Ohio,39039.0,40,2.0,0.0,,,,-0.070299998
247629,2020-06-14,Defiance,Ohio,39039.0,40,2.0,0.0,,,,-0.08800000000000001
247630,2020-06-15,Defiance,Ohio,39039.0,40,2.0,0.0,,,,-0.0977
247631,2020-06-16,Defiance,Ohio,39039.0,40,2.0,0.0,,,,-0.168
247632,2020-06-17,Defiance,Ohio,39039.0,40,2.0,0.0,,,,-0.069799997
247633,2020-06-18,Defiance,Ohio,39039.0,40,2.0,0.0,,,,-0.037700001000000004
247634,2020-06-19,Defiance,Ohio,39039.0,40,2.0,0.0,,,,-0.17600000000000002
247635,2020-06-20,Defiance,Ohio,39039.0,42,2.0,2.0,,,,-0.115
247636,2020-06-21,Defiance,Ohio,39039.0,42,2.0,0.0,,,,-0.045400000999999995
247637,2020-06-22,Defiance,Ohio,39039.0,42,2.0,0.0,,,,-0.0277
247638,2020-06-23,Defiance,Ohio,39039.0,43,3.0,1.0,,,,-0.0814
247639,2020-06-24,Defiance,Ohio,39039.0,43,3.0,0.0,,,,-0.06329999900000001
247640,2020-06-25,Defiance,Ohio,39039.0,43,3.0,0.0,,,,-0.045699999000000005
247641,2020-06-26,Defiance,Ohio,39039.0,43,3.0,0.0,,,,-0.0207
247642,2020-06-27,Defiance,Ohio,39039.0,44,3.0,1.0,,,,-0.034600001
247643,2020-06-28,Defiance,Ohio,39039.0,45,3.0,1.0,,,,-0.053599997999999996
247644,2020-06-29,Defiance,Ohio,39039.0,45,3.0,0.0,,,,-0.0143
247645,2020-06-30,Defiance,Ohio,39039.0,45,3.0,0.0,,,,0.37900001
247646,2020-07-01,Defiance,Ohio,39039.0,48,3.0,3.0,,,,0.06419999900000001
247647,2020-07-02,Defiance,Ohio,39039.0,48,3.0,0.0,,,,0.20999999
247648,2020-07-03,Defiance,Ohio,39039.0,49,3.0,1.0,,,,0.23100001
247649,2020-07-04,Defiance,Ohio,39039.0,50,3.0,1.0,,,,0.221
247650,2020-07-05,Defiance,Ohio,39039.0,50,3.0,0.0,,,,0.221
247651,2020-07-06,Defiance,Ohio,39039.0,51,3.0,1.0,,,,0.175
247652,2020-07-07,Defiance,Ohio,39039.0,51,3.0,0.0,,,,0.12899999
247653,2020-07-08,Defiance,Ohio,39039.0,53,3.0,2.0,,,,-0.0383
247654,2020-07-09,Defiance,Ohio,39039.0,54,3.0,1.0,,,,-0.163
247655,2020-07-10,Defiance,Ohio,39039.0,53,3.0,-1.0,,,,-0.18099999
247656,2020-07-11,Defiance,Ohio,39039.0,53,3.0,0.0,,,,-0.16500001
247657,2020-07-12,Defiance,Ohio,39039.0,54,3.0,1.0,,,,-0.10099999999999999
247658,2020-07-13,Defiance,Ohio,39039.0,55,3.0,1.0,,,,-0.07150000299999999
247659,2020-07-14,Defiance,Ohio,39039.0,56,3.0,1.0,,,,-0.09839999699999999
247660,2020-07-15,Defiance,Ohio,39039.0,58,3.0,2.0,,,,-0.22
247661,2020-07-16,Defiance,Ohio,39039.0,62,3.0,4.0,,,,-0.078500003
247662,2020-07-17,Defiance,Ohio,39039.0,68,3.0,6.0,,,,-0.037000000000000005
247663,2020-07-18,Defiance,Ohio,39039.0,72,3.0,4.0,,,,-0.04769999900000001
247664,2020-07-19,Defiance,Ohio,39039.0,75,3.0,3.0,,,,-0.091300003
247665,2020-07-20,Defiance,Ohio,39039.0,77,3.0,2.0,,,,-0.0036299999
247666,2020-07-21,Defiance,Ohio,39039.0,80,4.0,3.0,,,,0.0524
247667,2020-07-22,Defiance,Ohio,39039.0,88,4.0,8.0,,,,-0.0076199998
247668,2020-07-23,Defiance,Ohio,39039.0,96,4.0,8.0,,,,-0.0154
247669,2020-07-24,Defiance,Ohio,39039.0,102,4.0,6.0,,,,-0.0026899999999999997
247670,2020-07-25,Defiance,Ohio,39039.0,106,4.0,4.0,,,,-0.064499997
247671,2020-07-26,Defiance,Ohio,39039.0,110,4.0,4.0,,,,-0.051100001
247672,2020-07-27,Defiance,Ohio,39039.0,115,4.0,5.0,,,,-0.00182
247673,2020-07-28,Defiance,Ohio,39039.0,118,4.0,3.0,,,,0.047499999
247674,2020-07-29,Defiance,Ohio,39039.0,120,4.0,2.0,,,,0.38699999
247675,2020-07-30,Defiance,Ohio,39039.0,124,4.0,4.0,,,,0.32800001
247676,2020-07-31,Defiance,Ohio,39039.0,127,4.0,3.0,,,,0.19499999
247677,2020-08-01,Defiance,Ohio,39039.0,129,4.0,2.0,,,,0.21699999
247678,2020-08-02,Defiance,Ohio,39039.0,129,4.0,0.0,,,,0.294
247679,2020-08-03,Defiance,Ohio,39039.0,129,4.0,0.0,,,,0.23199999
247680,2020-08-04,Defiance,Ohio,39039.0,132,4.0,3.0,,,,0.16899999999999998
247681,2020-08-05,Defiance,Ohio,39039.0,133,4.0,1.0,,,,-0.26899999
247682,2020-08-06,Defiance,Ohio,39039.0,133,4.0,0.0,,,,-0.213
247683,2020-08-07,Defiance,Ohio,39039.0,139,4.0,6.0,,,,-0.12
247684,2020-08-08,Defiance,Ohio,39039.0,142,4.0,3.0,,,,-0.07289999700000001
247685,2020-08-09,Defiance,Ohio,39039.0,144,4.0,2.0,,,,-0.14300001
247686,2020-08-10,Defiance,Ohio,39039.0,148,4.0,4.0,,,,-0.10300000000000001
247687,2020-08-11,Defiance,Ohio,39039.0,150,4.0,2.0,,,,0.19499999
247688,2020-08-12,Defiance,Ohio,39039.0,154,4.0,4.0,,,,0.14
247689,2020-08-13,Defiance,Ohio,39039.0,155,4.0,1.0,,,,0.17399999
247690,2020-08-14,Defiance,Ohio,39039.0,157,4.0,2.0,,,,0.21899999999999997
247691,2020-08-15,Defiance,Ohio,39039.0,164,4.0,7.0,,,,0.125
247692,2020-08-16,Defiance,Ohio,39039.0,169,4.0,5.0,,,,0.13600001
247693,2020-08-17,Defiance,Ohio,39039.0,172,4.0,3.0,,,,0.0112
247694,2020-08-18,Defiance,Ohio,39039.0,178,4.0,6.0,,,,-0.080499999
247695,2020-08-19,Defiance,Ohio,39039.0,180,4.0,2.0,,,,-0.089000002
247696,2020-08-20,Defiance,Ohio,39039.0,184,4.0,4.0,,,,-0.141
247697,2020-08-21,Defiance,Ohio,39039.0,184,4.0,0.0,,,,-0.105
247698,2020-08-22,Defiance,Ohio,39039.0,188,4.0,4.0,,,,-0.052499998
247699,2020-08-23,Defiance,Ohio,39039.0,188,4.0,0.0,,,,-0.075999998
247700,2020-08-24,Defiance,Ohio,39039.0,191,5.0,3.0,,,,-0.17
247701,2020-08-25,Defiance,Ohio,39039.0,192,5.0,1.0,,,,-0.18000001
247702,2020-08-26,Defiance,Ohio,39039.0,196,5.0,4.0,,,,-0.171
247703,2020-08-27,Defiance,Ohio,39039.0,202,5.0,6.0,,,,-0.09399999699999999
247704,2020-08-28,Defiance,Ohio,39039.0,203,5.0,1.0,,,,-0.16699999999999998
247705,2020-08-29,Defiance,Ohio,39039.0,207,5.0,4.0,,,,-0.14399999
247706,2020-08-30,Defiance,Ohio,39039.0,209,5.0,2.0,,,,-0.192
247707,2020-08-31,Defiance,Ohio,39039.0,210,6.0,1.0,,,,-0.131
247708,2020-09-01,Defiance,Ohio,39039.0,213,7.0,3.0,,,,-0.07
247709,2020-09-02,Defiance,Ohio,39039.0,212,7.0,-1.0,,,,0.13699999
247710,2020-09-03,Defiance,Ohio,39039.0,215,7.0,3.0,,,,0.183
247711,2020-09-04,Defiance,Ohio,39039.0,223,7.0,8.0,,,,0.184
247712,2020-09-05,Defiance,Ohio,39039.0,227,7.0,4.0,,,,0.17
247713,2020-09-06,Defiance,Ohio,39039.0,233,7.0,6.0,,,,0.23399999999999999
247714,2020-09-07,Defiance,Ohio,39039.0,233,7.0,0.0,,,,0.205
247715,2020-09-08,Defiance,Ohio,39039.0,237,8.0,4.0,,,,0.0317
247716,2020-09-09,Defiance,Ohio,39039.0,238,8.0,1.0,,,,0.12800001
247717,2020-09-10,Defiance,Ohio,39039.0,246,8.0,8.0,,,,0.036499999
247718,2020-09-11,Defiance,Ohio,39039.0,248,9.0,2.0,,,,0.088100001
247719,2020-09-12,Defiance,Ohio,39039.0,250,9.0,2.0,,,,0.039700001
247720,2020-09-13,Defiance,Ohio,39039.0,253,9.0,3.0,,,,0.030099999
247721,2020-09-14,Defiance,Ohio,39039.0,258,9.0,5.0,,,,-0.0427
247722,2020-09-15,Defiance,Ohio,39039.0,260,9.0,2.0,,,,0.0229
247723,2020-09-16,Defiance,Ohio,39039.0,263,9.0,3.0,,,,-0.034499998999999996
247724,2020-09-17,Defiance,Ohio,39039.0,269,10.0,6.0,,,,-0.0361
247725,2020-09-18,Defiance,Ohio,39039.0,276,10.0,7.0,,,,0.0152
247726,2020-09-19,Defiance,Ohio,39039.0,279,10.0,3.0,,,,0.097400002
247727,2020-09-20,Defiance,Ohio,39039.0,281,10.0,2.0,,,,0.111
247728,2020-09-21,Defiance,Ohio,39039.0,283,10.0,2.0,,,,0.076399997
247729,2020-09-22,Defiance,Ohio,39039.0,287,10.0,4.0,,,,0.0067500002
247730,2020-09-23,Defiance,Ohio,39039.0,286,10.0,-1.0,,,,0.00911
247731,2020-09-24,Defiance,Ohio,39039.0,288,11.0,2.0,,,,0.048500000999999994
247732,2020-09-25,Defiance,Ohio,39039.0,289,11.0,1.0,,,,0.0165
247733,2020-09-26,Defiance,Ohio,39039.0,292,11.0,3.0,,,,-0.034499998999999996
247734,2020-09-27,Defiance,Ohio,39039.0,325,11.0,33.0,,,,-0.055
247735,2020-09-28,Defiance,Ohio,39039.0,330,12.0,5.0,,,,-0.0218
247736,2020-09-29,Defiance,Ohio,39039.0,332,12.0,2.0,,,,0.0127
247737,2020-09-30,Defiance,Ohio,39039.0,334,12.0,2.0,,,,0.122
247738,2020-10-01,Defiance,Ohio,39039.0,350,12.0,16.0,,,,0.0713
247739,2020-10-02,Defiance,Ohio,39039.0,370,12.0,20.0,,,,0.013999999999999999
247740,2020-10-03,Defiance,Ohio,39039.0,371,12.0,1.0,,,,0.049600001
247741,2020-10-04,Defiance,Ohio,39039.0,375,12.0,4.0,,,,0.027000001000000003
247742,2020-10-05,Defiance,Ohio,39039.0,382,12.0,7.0,,,,-0.079000004
247743,2020-10-06,Defiance,Ohio,39039.0,382,13.0,0.0,,,,0.0506
247744,2020-10-07,Defiance,Ohio,39039.0,385,13.0,3.0,,,,0.289
247745,2020-10-08,Defiance,Ohio,39039.0,390,13.0,5.0,,,,0.24699999
247746,2020-10-09,Defiance,Ohio,39039.0,397,13.0,7.0,,,,0.17600000000000002
247747,2020-10-10,Defiance,Ohio,39039.0,399,13.0,2.0,,,,0.096900001
247748,2020-10-11,Defiance,Ohio,39039.0,405,13.0,6.0,,,,0.11
247749,2020-10-12,Defiance,Ohio,39039.0,410,13.0,5.0,,,,0.077
247750,2020-10-13,Defiance,Ohio,39039.0,416,13.0,6.0,,,,0.044399999
247751,2020-10-14,Defiance,Ohio,39039.0,418,13.0,2.0,,,,0.0119
247752,2020-10-15,Defiance,Ohio,39039.0,422,13.0,4.0,,,,-0.0207
247753,2020-10-16,Defiance,Ohio,39039.0,425,13.0,3.0,,,,-0.053199999000000005
247754,2020-10-17,Defiance,Ohio,39039.0,429,13.0,4.0,,,,-0.11900000000000001
247755,2020-10-18,Defiance,Ohio,39039.0,437,13.0,8.0,,,,-0.11800000000000001
247756,2020-10-19,Defiance,Ohio,39039.0,442,13.0,5.0,,,,-0.098700002
247757,2020-10-20,Defiance,Ohio,39039.0,444,13.0,2.0,,,,-0.038600001
247758,2020-10-21,Defiance,Ohio,39039.0,446,13.0,2.0,,,,-0.024900001
247759,2020-10-22,Defiance,Ohio,39039.0,460,13.0,14.0,,,,-0.122
247760,2020-10-23,Defiance,Ohio,39039.0,466,13.0,6.0,,,,-0.124
247761,2020-10-24,Defiance,Ohio,39039.0,481,13.0,15.0,,,,0.0040199999
247762,2020-10-25,Defiance,Ohio,39039.0,493,13.0,12.0,,,,0.0064699999
247763,2020-10-26,Defiance,Ohio,39039.0,505,13.0,12.0,,,,0.0141
247764,2020-10-27,Defiance,Ohio,39039.0,514,13.0,9.0,,,,-0.0052899997999999995
247765,2020-10-28,Defiance,Ohio,39039.0,529,13.0,15.0,,,,0.0185
247766,2020-10-29,Defiance,Ohio,39039.0,549,13.0,20.0,,,,0.109
247767,2020-10-30,Defiance,Ohio,39039.0,567,14.0,18.0,,,,0.204
247768,2020-10-31,Defiance,Ohio,39039.0,586,14.0,19.0,,,,0.09470000099999999
247769,2020-11-01,Defiance,Ohio,39039.0,607,14.0,21.0,,,,0.11199999999999999
247770,2020-11-02,Defiance,Ohio,39039.0,619,14.0,12.0,,,,0.19699999999999998
247771,2020-11-03,Defiance,Ohio,39039.0,667,14.0,48.0,,,,0.168
247772,2020-11-04,Defiance,Ohio,39039.0,694,14.0,27.0,,,,0.162
247773,2020-11-05,Defiance,Ohio,39039.0,715,14.0,21.0,,,,0.182
247774,2020-11-06,Defiance,Ohio,39039.0,746,15.0,31.0,,,,0.017999999
247775,2020-11-07,Defiance,Ohio,39039.0,773,15.0,27.0,,,,0.0164
247776,2020-11-08,Defiance,Ohio,39039.0,804,15.0,31.0,,,,-0.0196
247777,2020-11-09,Defiance,Ohio,39039.0,832,15.0,28.0,,,,-0.147
247778,2020-11-10,Defiance,Ohio,39039.0,869,16.0,37.0,,,,-0.0047599999
247779,2020-11-11,Defiance,Ohio,39039.0,882,16.0,13.0,,,,0.094300002
247780,2020-11-12,Defiance,Ohio,39039.0,903,16.0,21.0,,,,-0.052999999000000006
247781,2020-11-13,Defiance,Ohio,39039.0,954,16.0,51.0,,,,0.066799998
247782,2020-11-14,Defiance,Ohio,39039.0,995,16.0,41.0,,,,0.16699999999999998
247783,2020-11-15,Defiance,Ohio,39039.0,1035,16.0,40.0,,,,0.16599999
247784,2020-11-16,Defiance,Ohio,39039.0,1061,17.0,26.0,,,,0.207
247785,2020-11-17,Defiance,Ohio,39039.0,1092,17.0,31.0,,,,0.161
247786,2020-11-18,Defiance,Ohio,39039.0,1117,20.0,25.0,,,,0.16
247787,2020-11-19,Defiance,Ohio,39039.0,1153,21.0,36.0,,,,0.25299999
247788,2020-11-20,Defiance,Ohio,39039.0,1250,21.0,97.0,,,,0.146
247789,2020-11-21,Defiance,Ohio,39039.0,1302,21.0,52.0,,,,0.0669
247790,2020-11-22,Defiance,Ohio,39039.0,1311,21.0,9.0,,,,0.11699999999999999
