,date,county,state,fips,cases,deaths,new_cases,emp_combined,emp_combined_inclow,revenue_all,spend_all
255848,2020-03-28,Van Wert,Ohio,39161.0,1,0.0,0.0,,,,-0.361
255849,2020-03-29,Van Wert,Ohio,39161.0,1,0.0,0.0,,,,-0.38800001
255850,2020-03-30,Van Wert,Ohio,39161.0,1,0.0,0.0,,,,-0.40900001
255851,2020-03-31,Van Wert,Ohio,39161.0,1,0.0,0.0,,,,-0.37599999
255852,2020-04-01,Van Wert,Ohio,39161.0,2,0.0,1.0,,,,-0.28099999
255853,2020-04-02,Van Wert,Ohio,39161.0,2,0.0,0.0,,,,-0.152
255854,2020-04-03,Van Wert,Ohio,39161.0,2,0.0,0.0,,,,-0.228
255855,2020-04-04,Van Wert,Ohio,39161.0,2,0.0,0.0,,,,-0.31799999
255856,2020-04-05,Van Wert,Ohio,39161.0,2,0.0,0.0,,,,-0.29600000000000004
255857,2020-04-06,Van Wert,Ohio,39161.0,2,0.0,0.0,,,,-0.22899999999999998
255858,2020-04-07,Van Wert,Ohio,39161.0,2,0.0,0.0,,,,-0.28799999
255859,2020-04-08,Van Wert,Ohio,39161.0,2,0.0,0.0,,,,-0.345
255860,2020-04-09,Van Wert,Ohio,39161.0,2,0.0,0.0,,,,-0.40900001
255861,2020-04-10,Van Wert,Ohio,39161.0,2,0.0,0.0,,,,-0.375
255862,2020-04-11,Van Wert,Ohio,39161.0,2,0.0,0.0,,,,-0.32600001
255863,2020-04-12,Van Wert,Ohio,39161.0,2,0.0,0.0,,,,-0.36399999
255864,2020-04-13,Van Wert,Ohio,39161.0,2,0.0,0.0,,,,-0.28799999
255865,2020-04-14,Van Wert,Ohio,39161.0,2,0.0,0.0,,,,-0.32699999
255866,2020-04-15,Van Wert,Ohio,39161.0,2,0.0,0.0,,,,0.10400000000000001
255867,2020-04-16,Van Wert,Ohio,39161.0,2,0.0,0.0,,,,-0.061000001
255868,2020-04-17,Van Wert,Ohio,39161.0,2,0.0,0.0,,,,-0.10300000000000001
255869,2020-04-18,Van Wert,Ohio,39161.0,2,0.0,0.0,,,,-0.078699999
255870,2020-04-19,Van Wert,Ohio,39161.0,3,0.0,1.0,,,,-0.235
255871,2020-04-20,Van Wert,Ohio,39161.0,3,0.0,0.0,,,,-0.26899999
255872,2020-04-21,Van Wert,Ohio,39161.0,3,0.0,0.0,,,,-0.207
255873,2020-04-22,Van Wert,Ohio,39161.0,3,0.0,0.0,,,,-0.44800001
255874,2020-04-23,Van Wert,Ohio,39161.0,3,0.0,0.0,,,,-0.33299999999999996
255875,2020-04-24,Van Wert,Ohio,39161.0,3,0.0,0.0,,,,-0.36199999
255876,2020-04-25,Van Wert,Ohio,39161.0,3,0.0,0.0,,,,-0.331
255877,2020-04-26,Van Wert,Ohio,39161.0,3,0.0,0.0,,,,-0.138
255878,2020-04-27,Van Wert,Ohio,39161.0,3,0.0,0.0,,,,-0.23399999999999999
255879,2020-04-28,Van Wert,Ohio,39161.0,3,0.0,0.0,,,,-0.33799999999999997
255880,2020-04-29,Van Wert,Ohio,39161.0,3,0.0,0.0,,,,-0.37799999
255881,2020-04-30,Van Wert,Ohio,39161.0,3,0.0,0.0,,,,-0.389
255882,2020-05-01,Van Wert,Ohio,39161.0,3,0.0,0.0,,,,-0.26199999
255883,2020-05-02,Van Wert,Ohio,39161.0,3,0.0,0.0,,,,-0.18099999
255884,2020-05-03,Van Wert,Ohio,39161.0,3,0.0,0.0,,,,-0.221
255885,2020-05-04,Van Wert,Ohio,39161.0,3,0.0,0.0,,,,-0.17
255886,2020-05-05,Van Wert,Ohio,39161.0,3,0.0,0.0,,,,-0.052499998
255887,2020-05-06,Van Wert,Ohio,39161.0,3,0.0,0.0,,,,0.028999999
255888,2020-05-07,Van Wert,Ohio,39161.0,3,0.0,0.0,,,,-0.00294
255889,2020-05-08,Van Wert,Ohio,39161.0,3,0.0,0.0,,,,-0.039999999
255890,2020-05-09,Van Wert,Ohio,39161.0,3,0.0,0.0,,,,-0.12
255891,2020-05-10,Van Wert,Ohio,39161.0,3,0.0,0.0,,,,-0.163
255892,2020-05-11,Van Wert,Ohio,39161.0,3,0.0,0.0,,,,-0.114
255893,2020-05-12,Van Wert,Ohio,39161.0,3,0.0,0.0,,,,-0.127
255894,2020-05-13,Van Wert,Ohio,39161.0,3,0.0,0.0,,,,-0.213
255895,2020-05-14,Van Wert,Ohio,39161.0,3,0.0,0.0,,,,-0.20900001
255896,2020-05-15,Van Wert,Ohio,39161.0,3,0.0,0.0,,,,-0.177
255897,2020-05-16,Van Wert,Ohio,39161.0,4,0.0,1.0,,,,-0.177
255898,2020-05-17,Van Wert,Ohio,39161.0,4,0.0,0.0,,,,-0.14800000000000002
255899,2020-05-18,Van Wert,Ohio,39161.0,5,0.0,1.0,,,,-0.138
255900,2020-05-19,Van Wert,Ohio,39161.0,5,0.0,0.0,,,,-0.149
255901,2020-05-20,Van Wert,Ohio,39161.0,4,0.0,-1.0,,,,-0.11599999999999999
255902,2020-05-21,Van Wert,Ohio,39161.0,5,0.0,1.0,,,,-0.036800001
255903,2020-05-22,Van Wert,Ohio,39161.0,5,0.0,0.0,,,,-0.10800000000000001
255904,2020-05-23,Van Wert,Ohio,39161.0,5,0.0,0.0,,,,-0.102
255905,2020-05-24,Van Wert,Ohio,39161.0,5,0.0,0.0,,,,-0.028200001000000002
255906,2020-05-25,Van Wert,Ohio,39161.0,5,0.0,0.0,,,,0.030400001
255907,2020-05-26,Van Wert,Ohio,39161.0,6,0.0,1.0,,,,-0.061500002000000005
255908,2020-05-27,Van Wert,Ohio,39161.0,6,0.0,0.0,,,,-0.0009069999800000001
255909,2020-05-28,Van Wert,Ohio,39161.0,6,0.0,0.0,,,,0.0462
255910,2020-05-29,Van Wert,Ohio,39161.0,6,0.0,0.0,,,,0.016899999
255911,2020-05-30,Van Wert,Ohio,39161.0,6,0.0,0.0,,,,0.0070400001
255912,2020-05-31,Van Wert,Ohio,39161.0,6,0.0,0.0,,,,-0.07289999700000001
255913,2020-06-01,Van Wert,Ohio,39161.0,6,0.0,0.0,,,,-0.060899999
255914,2020-06-02,Van Wert,Ohio,39161.0,7,0.0,1.0,,,,-0.062799998
255915,2020-06-03,Van Wert,Ohio,39161.0,7,0.0,0.0,,,,-0.156
255916,2020-06-04,Van Wert,Ohio,39161.0,7,0.0,0.0,,,,-0.19
255917,2020-06-05,Van Wert,Ohio,39161.0,7,0.0,0.0,,,,-0.033799998
255918,2020-06-06,Van Wert,Ohio,39161.0,8,0.0,1.0,,,,-0.031399999
255919,2020-06-07,Van Wert,Ohio,39161.0,8,0.0,0.0,,,,-0.0385
255920,2020-06-08,Van Wert,Ohio,39161.0,8,0.0,0.0,,,,-0.038199998
255921,2020-06-09,Van Wert,Ohio,39161.0,8,0.0,0.0,,,,0.0436
255922,2020-06-10,Van Wert,Ohio,39161.0,8,0.0,0.0,,,,0.091700003
255923,2020-06-11,Van Wert,Ohio,39161.0,9,0.0,1.0,,,,0.061900000999999996
255924,2020-06-12,Van Wert,Ohio,39161.0,10,0.0,1.0,,,,-0.0064599997999999995
255925,2020-06-13,Van Wert,Ohio,39161.0,10,0.0,0.0,,,,-0.026900001
255926,2020-06-14,Van Wert,Ohio,39161.0,13,0.0,3.0,,,,-0.0022199998999999997
255927,2020-06-15,Van Wert,Ohio,39161.0,14,0.0,1.0,,,,-0.0103
255928,2020-06-16,Van Wert,Ohio,39161.0,14,0.0,0.0,,,,-0.031300001
255929,2020-06-17,Van Wert,Ohio,39161.0,14,0.0,0.0,,,,-0.0147
255930,2020-06-18,Van Wert,Ohio,39161.0,14,0.0,0.0,,,,-0.08269999900000001
255931,2020-06-19,Van Wert,Ohio,39161.0,15,0.0,1.0,,,,-0.126
255932,2020-06-20,Van Wert,Ohio,39161.0,16,0.0,1.0,,,,-0.072099999
255933,2020-06-21,Van Wert,Ohio,39161.0,16,0.0,0.0,,,,-0.075000003
255934,2020-06-22,Van Wert,Ohio,39161.0,16,0.0,0.0,,,,-0.040800001
255935,2020-06-23,Van Wert,Ohio,39161.0,18,0.0,2.0,,,,-0.060400002
255936,2020-06-24,Van Wert,Ohio,39161.0,19,0.0,1.0,,,,-0.0898
255937,2020-06-25,Van Wert,Ohio,39161.0,20,0.0,1.0,,,,0.083800003
255938,2020-06-26,Van Wert,Ohio,39161.0,21,0.0,1.0,,,,0.088100001
255939,2020-06-27,Van Wert,Ohio,39161.0,21,0.0,0.0,,,,0.0132
255940,2020-06-28,Van Wert,Ohio,39161.0,21,0.0,0.0,,,,0.0308
255941,2020-06-29,Van Wert,Ohio,39161.0,23,0.0,2.0,,,,0.115
255942,2020-06-30,Van Wert,Ohio,39161.0,24,0.0,1.0,,,,0.16899999999999998
255943,2020-07-01,Van Wert,Ohio,39161.0,27,0.0,3.0,,,,0.193
255944,2020-07-02,Van Wert,Ohio,39161.0,27,0.0,0.0,,,,0.0273
255945,2020-07-03,Van Wert,Ohio,39161.0,32,0.0,5.0,,,,0.032699998
255946,2020-07-04,Van Wert,Ohio,39161.0,34,0.0,2.0,,,,0.149
255947,2020-07-05,Van Wert,Ohio,39161.0,35,0.0,1.0,,,,0.14399999
255948,2020-07-06,Van Wert,Ohio,39161.0,35,0.0,0.0,,,,0.134
255949,2020-07-07,Van Wert,Ohio,39161.0,38,0.0,3.0,,,,0.06459999799999999
255950,2020-07-08,Van Wert,Ohio,39161.0,42,0.0,4.0,,,,0.09539999800000001
255951,2020-07-09,Van Wert,Ohio,39161.0,43,0.0,1.0,,,,0.14
255952,2020-07-10,Van Wert,Ohio,39161.0,45,1.0,2.0,,,,0.127
255953,2020-07-11,Van Wert,Ohio,39161.0,47,1.0,2.0,,,,0.193
255954,2020-07-12,Van Wert,Ohio,39161.0,49,1.0,2.0,,,,0.23800001
255955,2020-07-13,Van Wert,Ohio,39161.0,49,1.0,0.0,,,,0.20600000000000002
255956,2020-07-14,Van Wert,Ohio,39161.0,50,1.0,1.0,,,,0.035300002000000004
255957,2020-07-15,Van Wert,Ohio,39161.0,51,1.0,1.0,,,,0.0328
255958,2020-07-16,Van Wert,Ohio,39161.0,52,1.0,1.0,,,,0.08550000199999999
255959,2020-07-17,Van Wert,Ohio,39161.0,53,1.0,1.0,,,,0.139
255960,2020-07-18,Van Wert,Ohio,39161.0,53,1.0,0.0,,,,0.11900000000000001
255961,2020-07-19,Van Wert,Ohio,39161.0,53,1.0,0.0,,,,0.018300001
255962,2020-07-20,Van Wert,Ohio,39161.0,56,1.0,3.0,,,,0.081
255963,2020-07-21,Van Wert,Ohio,39161.0,56,1.0,0.0,,,,0.09629999800000001
255964,2020-07-22,Van Wert,Ohio,39161.0,58,1.0,2.0,,,,0.294
255965,2020-07-23,Van Wert,Ohio,39161.0,58,1.0,0.0,,,,0.198
255966,2020-07-24,Van Wert,Ohio,39161.0,59,1.0,1.0,,,,0.23899999
255967,2020-07-25,Van Wert,Ohio,39161.0,60,1.0,1.0,,,,0.23899999
255968,2020-07-26,Van Wert,Ohio,39161.0,61,1.0,1.0,,,,0.29100001
255969,2020-07-27,Van Wert,Ohio,39161.0,61,1.0,0.0,,,,0.23600000000000002
255970,2020-07-28,Van Wert,Ohio,39161.0,62,1.0,1.0,,,,0.08789999800000001
255971,2020-07-29,Van Wert,Ohio,39161.0,63,1.0,1.0,,,,0.07389999900000001
255972,2020-07-30,Van Wert,Ohio,39161.0,65,1.0,2.0,,,,0.043499999000000004
255973,2020-07-31,Van Wert,Ohio,39161.0,65,1.0,0.0,,,,-0.0175
255974,2020-08-01,Van Wert,Ohio,39161.0,66,1.0,1.0,,,,-0.037900001
255975,2020-08-02,Van Wert,Ohio,39161.0,68,1.0,2.0,,,,-0.092900001
255976,2020-08-03,Van Wert,Ohio,39161.0,69,1.0,1.0,,,,-0.080399998
255977,2020-08-04,Van Wert,Ohio,39161.0,70,1.0,1.0,,,,-0.156
255978,2020-08-05,Van Wert,Ohio,39161.0,70,1.0,0.0,,,,-0.14
255979,2020-08-06,Van Wert,Ohio,39161.0,70,1.0,0.0,,,,-0.025599999
255980,2020-08-07,Van Wert,Ohio,39161.0,71,1.0,1.0,,,,-0.114
255981,2020-08-08,Van Wert,Ohio,39161.0,71,1.0,0.0,,,,-0.145
255982,2020-08-09,Van Wert,Ohio,39161.0,71,1.0,0.0,,,,-0.098999999
255983,2020-08-10,Van Wert,Ohio,39161.0,72,1.0,1.0,,,,-0.048700001
255984,2020-08-11,Van Wert,Ohio,39161.0,73,2.0,1.0,,,,0.0052399999
255985,2020-08-12,Van Wert,Ohio,39161.0,73,2.0,0.0,,,,0.0118
255986,2020-08-13,Van Wert,Ohio,39161.0,73,2.0,0.0,,,,0.0104
255987,2020-08-14,Van Wert,Ohio,39161.0,73,2.0,0.0,,,,0.086499996
255988,2020-08-15,Van Wert,Ohio,39161.0,73,2.0,0.0,,,,0.122
255989,2020-08-16,Van Wert,Ohio,39161.0,74,2.0,1.0,,,,0.15800001
255990,2020-08-17,Van Wert,Ohio,39161.0,74,2.0,0.0,,,,0.20600000000000002
255991,2020-08-18,Van Wert,Ohio,39161.0,74,2.0,0.0,,,,0.26199999
255992,2020-08-19,Van Wert,Ohio,39161.0,76,2.0,2.0,,,,0.27200001
255993,2020-08-20,Van Wert,Ohio,39161.0,78,2.0,2.0,,,,0.168
255994,2020-08-21,Van Wert,Ohio,39161.0,77,2.0,-1.0,,,,0.17200001
255995,2020-08-22,Van Wert,Ohio,39161.0,79,2.0,2.0,,,,0.17200001
255996,2020-08-23,Van Wert,Ohio,39161.0,79,2.0,0.0,,,,0.18600000000000003
255997,2020-08-24,Van Wert,Ohio,39161.0,80,2.0,1.0,,,,0.11
255998,2020-08-25,Van Wert,Ohio,39161.0,81,2.0,1.0,,,,0.114
255999,2020-08-26,Van Wert,Ohio,39161.0,84,2.0,3.0,,,,0.106
256000,2020-08-27,Van Wert,Ohio,39161.0,85,2.0,1.0,,,,0.090599999
256001,2020-08-28,Van Wert,Ohio,39161.0,87,2.0,2.0,,,,0.066200003
256002,2020-08-29,Van Wert,Ohio,39161.0,89,2.0,2.0,,,,0.0902
256003,2020-08-30,Van Wert,Ohio,39161.0,88,2.0,-1.0,,,,0.0173
256004,2020-08-31,Van Wert,Ohio,39161.0,89,2.0,1.0,,,,0.09239999900000001
256005,2020-09-01,Van Wert,Ohio,39161.0,91,2.0,2.0,,,,0.19499999
256006,2020-09-02,Van Wert,Ohio,39161.0,92,2.0,1.0,,,,0.223
256007,2020-09-03,Van Wert,Ohio,39161.0,94,2.0,2.0,,,,0.16699999999999998
256008,2020-09-04,Van Wert,Ohio,39161.0,94,2.0,0.0,,,,0.177
256009,2020-09-05,Van Wert,Ohio,39161.0,96,2.0,2.0,,,,0.193
256010,2020-09-06,Van Wert,Ohio,39161.0,97,2.0,1.0,,,,0.20299999
256011,2020-09-07,Van Wert,Ohio,39161.0,100,2.0,3.0,,,,0.10099999999999999
256012,2020-09-08,Van Wert,Ohio,39161.0,102,2.0,2.0,,,,0.050700000999999995
256013,2020-09-09,Van Wert,Ohio,39161.0,102,2.0,0.0,,,,-0.035700001
256014,2020-09-10,Van Wert,Ohio,39161.0,102,3.0,0.0,,,,-0.0052200002
256015,2020-09-11,Van Wert,Ohio,39161.0,103,3.0,1.0,,,,-0.023
256016,2020-09-12,Van Wert,Ohio,39161.0,104,3.0,1.0,,,,-0.045200001
256017,2020-09-13,Van Wert,Ohio,39161.0,105,3.0,1.0,,,,0.000459
256018,2020-09-14,Van Wert,Ohio,39161.0,105,3.0,0.0,,,,-0.043200000999999995
256019,2020-09-15,Van Wert,Ohio,39161.0,107,3.0,2.0,,,,-0.051199999
256020,2020-09-16,Van Wert,Ohio,39161.0,108,3.0,1.0,,,,-0.124
256021,2020-09-17,Van Wert,Ohio,39161.0,111,3.0,3.0,,,,0.0341
256022,2020-09-18,Van Wert,Ohio,39161.0,111,3.0,0.0,,,,0.155
256023,2020-09-19,Van Wert,Ohio,39161.0,110,3.0,-1.0,,,,0.081600003
256024,2020-09-20,Van Wert,Ohio,39161.0,111,3.0,1.0,,,,0.141
256025,2020-09-21,Van Wert,Ohio,39161.0,114,3.0,3.0,,,,0.131
256026,2020-09-22,Van Wert,Ohio,39161.0,114,3.0,0.0,,,,0.161
256027,2020-09-23,Van Wert,Ohio,39161.0,114,3.0,0.0,,,,0.25299999
256028,2020-09-24,Van Wert,Ohio,39161.0,116,3.0,2.0,,,,0.0792
256029,2020-09-25,Van Wert,Ohio,39161.0,117,3.0,1.0,,,,0.017000001
256030,2020-09-26,Van Wert,Ohio,39161.0,119,3.0,2.0,,,,0.0264
256031,2020-09-27,Van Wert,Ohio,39161.0,123,3.0,4.0,,,,-0.0135
256032,2020-09-28,Van Wert,Ohio,39161.0,124,3.0,1.0,,,,0.14300001
256033,2020-09-29,Van Wert,Ohio,39161.0,128,3.0,4.0,,,,0.149
256034,2020-09-30,Van Wert,Ohio,39161.0,128,3.0,0.0,,,,0.021
256035,2020-10-01,Van Wert,Ohio,39161.0,131,3.0,3.0,,,,-0.0115
256036,2020-10-02,Van Wert,Ohio,39161.0,130,3.0,-1.0,,,,-0.030200001
256037,2020-10-03,Van Wert,Ohio,39161.0,140,3.0,10.0,,,,-0.0011300000000000001
256038,2020-10-04,Van Wert,Ohio,39161.0,140,3.0,0.0,,,,0.035500001
256039,2020-10-05,Van Wert,Ohio,39161.0,143,3.0,3.0,,,,0.032000002
256040,2020-10-06,Van Wert,Ohio,39161.0,153,3.0,10.0,,,,-0.204
256041,2020-10-07,Van Wert,Ohio,39161.0,159,3.0,6.0,,,,-0.156
256042,2020-10-08,Van Wert,Ohio,39161.0,175,3.0,16.0,,,,-0.017200001
256043,2020-10-09,Van Wert,Ohio,39161.0,171,3.0,-4.0,,,,0.0594
256044,2020-10-10,Van Wert,Ohio,39161.0,175,3.0,4.0,,,,0.0605
256045,2020-10-11,Van Wert,Ohio,39161.0,174,3.0,-1.0,,,,0.0111
256046,2020-10-12,Van Wert,Ohio,39161.0,179,3.0,5.0,,,,-0.058600001
256047,2020-10-13,Van Wert,Ohio,39161.0,180,3.0,1.0,,,,-0.077500001
256048,2020-10-14,Van Wert,Ohio,39161.0,189,3.0,9.0,,,,0.0175
256049,2020-10-15,Van Wert,Ohio,39161.0,191,3.0,2.0,,,,-0.070299998
256050,2020-10-16,Van Wert,Ohio,39161.0,197,3.0,6.0,,,,-0.177
256051,2020-10-17,Van Wert,Ohio,39161.0,210,3.0,13.0,,,,-0.152
256052,2020-10-18,Van Wert,Ohio,39161.0,215,3.0,5.0,,,,-0.12300000000000001
256053,2020-10-19,Van Wert,Ohio,39161.0,221,3.0,6.0,,,,-0.036899998999999996
256054,2020-10-20,Van Wert,Ohio,39161.0,233,3.0,12.0,,,,-0.0063
256055,2020-10-21,Van Wert,Ohio,39161.0,240,3.0,7.0,,,,-0.091799997
256056,2020-10-22,Van Wert,Ohio,39161.0,263,3.0,23.0,,,,-0.0233
256057,2020-10-23,Van Wert,Ohio,39161.0,268,5.0,5.0,,,,0.051100001
256058,2020-10-24,Van Wert,Ohio,39161.0,282,5.0,14.0,,,,0.0396
256059,2020-10-25,Van Wert,Ohio,39161.0,287,5.0,5.0,,,,0.0131
256060,2020-10-26,Van Wert,Ohio,39161.0,290,5.0,3.0,,,,-0.0023899999999999998
256061,2020-10-27,Van Wert,Ohio,39161.0,300,5.0,10.0,,,,0.0054700002
256062,2020-10-28,Van Wert,Ohio,39161.0,307,5.0,7.0,,,,-0.054499999
256063,2020-10-29,Van Wert,Ohio,39161.0,324,5.0,17.0,,,,-0.071599998
256064,2020-10-30,Van Wert,Ohio,39161.0,337,5.0,13.0,,,,-0.017000001
256065,2020-10-31,Van Wert,Ohio,39161.0,344,5.0,7.0,,,,-0.022000000000000002
256066,2020-11-01,Van Wert,Ohio,39161.0,351,5.0,7.0,,,,-0.17299999
256067,2020-11-02,Van Wert,Ohio,39161.0,362,5.0,11.0,,,,-0.19699999999999998
256068,2020-11-03,Van Wert,Ohio,39161.0,381,5.0,19.0,,,,-0.19
256069,2020-11-04,Van Wert,Ohio,39161.0,392,5.0,11.0,,,,-0.18700001
256070,2020-11-05,Van Wert,Ohio,39161.0,412,5.0,20.0,,,,-0.25
256071,2020-11-06,Van Wert,Ohio,39161.0,439,5.0,27.0,,,,-0.198
256072,2020-11-07,Van Wert,Ohio,39161.0,450,5.0,11.0,,,,-0.248
256073,2020-11-08,Van Wert,Ohio,39161.0,463,5.0,13.0,,,,-0.23
256074,2020-11-09,Van Wert,Ohio,39161.0,482,5.0,19.0,,,,-0.19599999
256075,2020-11-10,Van Wert,Ohio,39161.0,504,5.0,22.0,,,,-0.12899999
256076,2020-11-11,Van Wert,Ohio,39161.0,535,5.0,31.0,,,,-0.22499999
256077,2020-11-12,Van Wert,Ohio,39161.0,570,5.0,35.0,,,,-0.22400001
256078,2020-11-13,Van Wert,Ohio,39161.0,604,5.0,34.0,,,,-0.39899999
256079,2020-11-14,Van Wert,Ohio,39161.0,641,5.0,37.0,,,,-0.34299999
256080,2020-11-15,Van Wert,Ohio,39161.0,656,5.0,15.0,,,,-0.22899999999999998
256081,2020-11-16,Van Wert,Ohio,39161.0,676,5.0,20.0,,,,-0.36000001
256082,2020-11-17,Van Wert,Ohio,39161.0,719,5.0,43.0,,,,-0.39799999999999996
256083,2020-11-18,Van Wert,Ohio,39161.0,751,6.0,32.0,,,,-0.222
256084,2020-11-19,Van Wert,Ohio,39161.0,781,6.0,30.0,,,,-0.29899999
256085,2020-11-20,Van Wert,Ohio,39161.0,811,6.0,30.0,,,,-0.22899999999999998
256086,2020-11-21,Van Wert,Ohio,39161.0,839,6.0,28.0,,,,-0.121
256087,2020-11-22,Van Wert,Ohio,39161.0,859,6.0,20.0,,,,0.00092999998
