,date,county,state,fips,cases,deaths,new_cases,emp_combined,emp_combined_inclow,revenue_all,spend_all
257021,2020-03-25,Carter,Oklahoma,40019.0,1,0.0,0.0,,,,-0.18000001
257022,2020-03-26,Carter,Oklahoma,40019.0,1,0.0,0.0,,,,-0.21600001
257023,2020-03-27,Carter,Oklahoma,40019.0,1,0.0,0.0,,,,-0.237
257024,2020-03-28,Carter,Oklahoma,40019.0,1,0.0,0.0,,,,-0.24600001
257025,2020-03-29,Carter,Oklahoma,40019.0,1,0.0,0.0,,,,-0.28099999
257026,2020-03-30,Carter,Oklahoma,40019.0,1,0.0,0.0,,,,-0.30000001
257027,2020-03-31,Carter,Oklahoma,40019.0,1,0.0,0.0,,,,-0.26899999
257028,2020-04-01,Carter,Oklahoma,40019.0,1,0.0,0.0,,,,-0.271
257029,2020-04-02,Carter,Oklahoma,40019.0,1,0.0,0.0,,,,-0.25
257030,2020-04-03,Carter,Oklahoma,40019.0,1,0.0,0.0,,,,-0.22400001
257031,2020-04-04,Carter,Oklahoma,40019.0,1,0.0,0.0,,,,-0.22
257032,2020-04-05,Carter,Oklahoma,40019.0,1,0.0,0.0,,,,-0.19400001
257033,2020-04-06,Carter,Oklahoma,40019.0,1,0.0,0.0,,,,-0.168
257034,2020-04-07,Carter,Oklahoma,40019.0,1,0.0,0.0,,,,-0.18799999
257035,2020-04-08,Carter,Oklahoma,40019.0,1,0.0,0.0,,,,-0.19599999
257036,2020-04-09,Carter,Oklahoma,40019.0,1,0.0,0.0,,,,-0.198
257037,2020-04-10,Carter,Oklahoma,40019.0,1,0.0,0.0,,,,-0.20600000000000002
257038,2020-04-11,Carter,Oklahoma,40019.0,1,0.0,0.0,,,,-0.193
257039,2020-04-12,Carter,Oklahoma,40019.0,1,0.0,0.0,,,,-0.215
257040,2020-04-13,Carter,Oklahoma,40019.0,1,0.0,0.0,,,,-0.21799999
257041,2020-04-14,Carter,Oklahoma,40019.0,1,0.0,0.0,,,,-0.22499999
257042,2020-04-15,Carter,Oklahoma,40019.0,1,0.0,0.0,,,,-0.11699999999999999
257043,2020-04-16,Carter,Oklahoma,40019.0,1,0.0,0.0,,,,-0.09239999900000001
257044,2020-04-17,Carter,Oklahoma,40019.0,1,0.0,0.0,,,,-0.056899998
257045,2020-04-18,Carter,Oklahoma,40019.0,1,0.0,0.0,,,,-0.032099999
257046,2020-04-19,Carter,Oklahoma,40019.0,1,0.0,0.0,,,,0.0138
257047,2020-04-20,Carter,Oklahoma,40019.0,1,0.0,0.0,,,,0.026000001000000002
257048,2020-04-21,Carter,Oklahoma,40019.0,1,0.0,0.0,,,,0.088100001
257049,2020-04-22,Carter,Oklahoma,40019.0,1,0.0,0.0,,,,0.031599998
257050,2020-04-23,Carter,Oklahoma,40019.0,2,0.0,1.0,,,,-0.008070000400000001
257051,2020-04-24,Carter,Oklahoma,40019.0,2,0.0,0.0,,,,-0.035100002000000005
257052,2020-04-25,Carter,Oklahoma,40019.0,2,0.0,0.0,,,,-0.0493
257053,2020-04-26,Carter,Oklahoma,40019.0,2,0.0,0.0,,,,-0.091700003
257054,2020-04-27,Carter,Oklahoma,40019.0,2,1.0,0.0,,,,-0.0955
257055,2020-04-28,Carter,Oklahoma,40019.0,2,1.0,0.0,,,,-0.12800001
257056,2020-04-29,Carter,Oklahoma,40019.0,2,1.0,0.0,,,,-0.10800000000000001
257057,2020-04-30,Carter,Oklahoma,40019.0,3,1.0,1.0,,,,-0.064499997
257058,2020-05-01,Carter,Oklahoma,40019.0,3,1.0,0.0,,,,-0.0057899998999999995
257059,2020-05-02,Carter,Oklahoma,40019.0,3,1.0,0.0,,,,-0.0014299998999999998
257060,2020-05-03,Carter,Oklahoma,40019.0,4,1.0,1.0,,,,0.0306
257061,2020-05-04,Carter,Oklahoma,40019.0,4,1.0,0.0,,,,0.0491
257062,2020-05-05,Carter,Oklahoma,40019.0,5,1.0,1.0,,,,0.056200001
257063,2020-05-06,Carter,Oklahoma,40019.0,5,1.0,0.0,,,,0.067900002
257064,2020-05-07,Carter,Oklahoma,40019.0,6,1.0,1.0,,,,0.071999997
257065,2020-05-08,Carter,Oklahoma,40019.0,6,1.0,0.0,,,,0.05229999900000001
257066,2020-05-09,Carter,Oklahoma,40019.0,6,1.0,0.0,,,,0.0581
257067,2020-05-10,Carter,Oklahoma,40019.0,6,1.0,0.0,,,,0.061000001
257068,2020-05-11,Carter,Oklahoma,40019.0,6,1.0,0.0,,,,0.04769999900000001
257069,2020-05-12,Carter,Oklahoma,40019.0,6,1.0,0.0,,,,0.057100002000000004
257070,2020-05-13,Carter,Oklahoma,40019.0,6,1.0,0.0,,,,0.0515
257071,2020-05-14,Carter,Oklahoma,40019.0,7,1.0,1.0,,,,0.038600001
257072,2020-05-15,Carter,Oklahoma,40019.0,8,1.0,1.0,,,,0.0337
257073,2020-05-16,Carter,Oklahoma,40019.0,8,1.0,0.0,,,,0.0252
257074,2020-05-17,Carter,Oklahoma,40019.0,9,1.0,1.0,,,,0.047800000999999995
257075,2020-05-18,Carter,Oklahoma,40019.0,13,1.0,4.0,,,,0.097400002
257076,2020-05-19,Carter,Oklahoma,40019.0,15,1.0,2.0,,,,0.09210000199999999
257077,2020-05-20,Carter,Oklahoma,40019.0,15,1.0,0.0,,,,0.11
257078,2020-05-21,Carter,Oklahoma,40019.0,16,1.0,1.0,,,,0.109
257079,2020-05-22,Carter,Oklahoma,40019.0,21,1.0,5.0,,,,0.133
257080,2020-05-23,Carter,Oklahoma,40019.0,22,1.0,1.0,,,,0.125
257081,2020-05-24,Carter,Oklahoma,40019.0,22,1.0,0.0,,,,0.08640000199999999
257082,2020-05-25,Carter,Oklahoma,40019.0,23,1.0,1.0,,,,0.0339
257083,2020-05-26,Carter,Oklahoma,40019.0,25,1.0,2.0,,,,0.0495
257084,2020-05-27,Carter,Oklahoma,40019.0,36,1.0,11.0,,,,0.037900001
257085,2020-05-28,Carter,Oklahoma,40019.0,38,1.0,2.0,,,,0.0266
257086,2020-05-29,Carter,Oklahoma,40019.0,39,1.0,1.0,,,,0.052700002
257087,2020-05-30,Carter,Oklahoma,40019.0,41,1.0,2.0,,,,0.064300001
257088,2020-05-31,Carter,Oklahoma,40019.0,44,1.0,3.0,,,,0.077200003
257089,2020-06-01,Carter,Oklahoma,40019.0,45,1.0,1.0,,,,0.098200001
257090,2020-06-02,Carter,Oklahoma,40019.0,45,1.0,0.0,,,,0.11800000000000001
257091,2020-06-03,Carter,Oklahoma,40019.0,45,1.0,0.0,,,,0.13699999
257092,2020-06-04,Carter,Oklahoma,40019.0,51,1.0,6.0,,,,0.16699999999999998
257093,2020-06-05,Carter,Oklahoma,40019.0,51,1.0,0.0,,,,0.177
257094,2020-06-06,Carter,Oklahoma,40019.0,51,1.0,0.0,,,,0.19499999
257095,2020-06-07,Carter,Oklahoma,40019.0,52,1.0,1.0,,,,0.20800000000000002
257096,2020-06-08,Carter,Oklahoma,40019.0,53,1.0,1.0,,,,0.213
257097,2020-06-09,Carter,Oklahoma,40019.0,55,1.0,2.0,,,,0.19400001
257098,2020-06-10,Carter,Oklahoma,40019.0,55,1.0,0.0,,,,0.162
257099,2020-06-11,Carter,Oklahoma,40019.0,57,1.0,2.0,,,,0.13500001
257100,2020-06-12,Carter,Oklahoma,40019.0,57,1.0,0.0,,,,0.090099998
257101,2020-06-13,Carter,Oklahoma,40019.0,57,1.0,0.0,,,,0.069700003
257102,2020-06-14,Carter,Oklahoma,40019.0,57,1.0,0.0,,,,0.066299997
257103,2020-06-15,Carter,Oklahoma,40019.0,60,1.0,3.0,,,,0.045400000999999995
257104,2020-06-16,Carter,Oklahoma,40019.0,60,1.0,0.0,,,,0.067299999
257105,2020-06-17,Carter,Oklahoma,40019.0,60,1.0,0.0,,,,0.079400003
257106,2020-06-18,Carter,Oklahoma,40019.0,62,1.0,2.0,,,,0.10800000000000001
257107,2020-06-19,Carter,Oklahoma,40019.0,63,1.0,1.0,,,,0.12
257108,2020-06-20,Carter,Oklahoma,40019.0,66,1.0,3.0,,,,0.13600001
257109,2020-06-21,Carter,Oklahoma,40019.0,69,1.0,3.0,,,,0.124
257110,2020-06-22,Carter,Oklahoma,40019.0,70,1.0,1.0,,,,0.114
257111,2020-06-23,Carter,Oklahoma,40019.0,74,1.0,4.0,,,,0.077500001
257112,2020-06-24,Carter,Oklahoma,40019.0,75,1.0,1.0,,,,0.070299998
257113,2020-06-25,Carter,Oklahoma,40019.0,80,1.0,5.0,,,,0.0317
257114,2020-06-26,Carter,Oklahoma,40019.0,82,1.0,2.0,,,,0.0097000003
257115,2020-06-27,Carter,Oklahoma,40019.0,82,1.0,0.0,,,,-0.0163
257116,2020-06-28,Carter,Oklahoma,40019.0,82,1.0,0.0,,,,-0.0115
257117,2020-06-29,Carter,Oklahoma,40019.0,82,1.0,0.0,,,,0.000252
257118,2020-06-30,Carter,Oklahoma,40019.0,92,1.0,10.0,,,,0.037000000000000005
257119,2020-07-01,Carter,Oklahoma,40019.0,95,1.0,3.0,,,,0.035599999
257120,2020-07-02,Carter,Oklahoma,40019.0,96,1.0,1.0,,,,0.087399997
257121,2020-07-03,Carter,Oklahoma,40019.0,120,1.0,24.0,,,,0.08569999800000001
257122,2020-07-04,Carter,Oklahoma,40019.0,127,1.0,7.0,,,,0.09839999699999999
257123,2020-07-05,Carter,Oklahoma,40019.0,128,1.0,1.0,,,,0.08789999800000001
257124,2020-07-06,Carter,Oklahoma,40019.0,132,1.0,4.0,,,,0.109
257125,2020-07-07,Carter,Oklahoma,40019.0,140,2.0,8.0,,,,0.102
257126,2020-07-08,Carter,Oklahoma,40019.0,151,2.0,11.0,,,,0.09749999599999999
257127,2020-07-09,Carter,Oklahoma,40019.0,159,2.0,8.0,,,,0.0396
257128,2020-07-10,Carter,Oklahoma,40019.0,163,2.0,4.0,,,,0.045499999000000006
257129,2020-07-11,Carter,Oklahoma,40019.0,170,2.0,7.0,,,,0.048099998
257130,2020-07-12,Carter,Oklahoma,40019.0,182,2.0,12.0,,,,0.074299999
257131,2020-07-13,Carter,Oklahoma,40019.0,182,2.0,0.0,,,,0.0539
257132,2020-07-14,Carter,Oklahoma,40019.0,186,2.0,4.0,,,,0.0284
257133,2020-07-15,Carter,Oklahoma,40019.0,203,2.0,17.0,,,,0.0309
257134,2020-07-16,Carter,Oklahoma,40019.0,203,2.0,0.0,,,,0.0482
257135,2020-07-17,Carter,Oklahoma,40019.0,207,2.0,4.0,,,,0.055300000999999994
257136,2020-07-18,Carter,Oklahoma,40019.0,213,3.0,6.0,,,,0.042599998
257137,2020-07-19,Carter,Oklahoma,40019.0,213,3.0,0.0,,,,0.0006709999900000001
257138,2020-07-20,Carter,Oklahoma,40019.0,216,3.0,3.0,,,,0.00035099999999999997
257139,2020-07-21,Carter,Oklahoma,40019.0,224,3.0,8.0,,,,0.00148
257140,2020-07-22,Carter,Oklahoma,40019.0,231,3.0,7.0,,,,-0.0127
257141,2020-07-23,Carter,Oklahoma,40019.0,232,3.0,1.0,,,,-0.00655
257142,2020-07-24,Carter,Oklahoma,40019.0,236,3.0,4.0,,,,-0.0188
257143,2020-07-25,Carter,Oklahoma,40019.0,243,3.0,7.0,,,,-0.0103
257144,2020-07-26,Carter,Oklahoma,40019.0,255,3.0,12.0,,,,0.0363
257145,2020-07-27,Carter,Oklahoma,40019.0,259,3.0,4.0,,,,0.0265
257146,2020-07-28,Carter,Oklahoma,40019.0,267,3.0,8.0,,,,0.021
257147,2020-07-29,Carter,Oklahoma,40019.0,277,3.0,10.0,,,,0.045000002000000004
257148,2020-07-30,Carter,Oklahoma,40019.0,285,3.0,8.0,,,,0.0128
257149,2020-07-31,Carter,Oklahoma,40019.0,289,3.0,4.0,,,,0.040600002
257150,2020-08-01,Carter,Oklahoma,40019.0,302,3.0,13.0,,,,0.0557
257151,2020-08-02,Carter,Oklahoma,40019.0,304,3.0,2.0,,,,-0.0011399999000000001
257152,2020-08-03,Carter,Oklahoma,40019.0,308,3.0,4.0,,,,0.024499998999999998
257153,2020-08-04,Carter,Oklahoma,40019.0,312,4.0,4.0,,,,0.037000000000000005
257154,2020-08-05,Carter,Oklahoma,40019.0,315,4.0,3.0,,,,0.028100001
257155,2020-08-06,Carter,Oklahoma,40019.0,326,4.0,11.0,,,,0.054200001
257156,2020-08-07,Carter,Oklahoma,40019.0,331,4.0,5.0,,,,0.032099999
257157,2020-08-08,Carter,Oklahoma,40019.0,337,4.0,6.0,,,,0.037099997999999995
257158,2020-08-09,Carter,Oklahoma,40019.0,338,4.0,1.0,,,,0.096100003
257159,2020-08-10,Carter,Oklahoma,40019.0,342,4.0,4.0,,,,0.077399999
257160,2020-08-11,Carter,Oklahoma,40019.0,349,5.0,7.0,,,,0.081200004
257161,2020-08-12,Carter,Oklahoma,40019.0,352,5.0,3.0,,,,0.083800003
257162,2020-08-13,Carter,Oklahoma,40019.0,358,5.0,6.0,,,,0.0801
257163,2020-08-14,Carter,Oklahoma,40019.0,361,5.0,3.0,,,,0.102
257164,2020-08-15,Carter,Oklahoma,40019.0,365,5.0,4.0,,,,0.088500001
257165,2020-08-16,Carter,Oklahoma,40019.0,367,5.0,2.0,,,,0.048099998
257166,2020-08-17,Carter,Oklahoma,40019.0,370,5.0,3.0,,,,0.0484
257167,2020-08-18,Carter,Oklahoma,40019.0,375,5.0,5.0,,,,0.046999998
257168,2020-08-19,Carter,Oklahoma,40019.0,375,5.0,0.0,,,,0.0623
257169,2020-08-20,Carter,Oklahoma,40019.0,375,5.0,0.0,,,,0.0722
257170,2020-08-21,Carter,Oklahoma,40019.0,388,6.0,13.0,,,,0.054499999
257171,2020-08-22,Carter,Oklahoma,40019.0,390,6.0,2.0,,,,0.065300003
257172,2020-08-23,Carter,Oklahoma,40019.0,393,6.0,3.0,,,,0.10099999999999999
257173,2020-08-24,Carter,Oklahoma,40019.0,394,6.0,1.0,,,,0.11800000000000001
257174,2020-08-25,Carter,Oklahoma,40019.0,396,6.0,2.0,,,,0.102
257175,2020-08-26,Carter,Oklahoma,40019.0,399,6.0,3.0,,,,0.11900000000000001
257176,2020-08-27,Carter,Oklahoma,40019.0,398,6.0,-1.0,,,,0.102
257177,2020-08-28,Carter,Oklahoma,40019.0,399,6.0,1.0,,,,0.13
257178,2020-08-29,Carter,Oklahoma,40019.0,402,6.0,3.0,,,,0.13600001
257179,2020-08-30,Carter,Oklahoma,40019.0,405,6.0,3.0,,,,0.090099998
257180,2020-08-31,Carter,Oklahoma,40019.0,411,6.0,6.0,,,,0.051399997999999995
257181,2020-09-01,Carter,Oklahoma,40019.0,416,6.0,5.0,,,,0.046599999
257182,2020-09-02,Carter,Oklahoma,40019.0,417,6.0,1.0,,,,0.047899999000000006
257183,2020-09-03,Carter,Oklahoma,40019.0,418,7.0,1.0,,,,0.102
257184,2020-09-04,Carter,Oklahoma,40019.0,424,7.0,6.0,,,,0.072400004
257185,2020-09-05,Carter,Oklahoma,40019.0,429,7.0,5.0,,,,0.063699998
257186,2020-09-06,Carter,Oklahoma,40019.0,429,7.0,0.0,,,,0.11800000000000001
257187,2020-09-07,Carter,Oklahoma,40019.0,429,7.0,0.0,,,,0.0814
257188,2020-09-08,Carter,Oklahoma,40019.0,436,7.0,7.0,,,,0.047600000999999996
257189,2020-09-09,Carter,Oklahoma,40019.0,446,7.0,10.0,,,,0.10800000000000001
257190,2020-09-10,Carter,Oklahoma,40019.0,451,8.0,5.0,,,,0.094300002
257191,2020-09-11,Carter,Oklahoma,40019.0,455,8.0,4.0,,,,0.09000000400000001
257192,2020-09-12,Carter,Oklahoma,40019.0,465,8.0,10.0,,,,0.0955
257193,2020-09-13,Carter,Oklahoma,40019.0,471,8.0,6.0,,,,0.058899999
257194,2020-09-14,Carter,Oklahoma,40019.0,469,8.0,-2.0,,,,0.029300001000000003
257195,2020-09-15,Carter,Oklahoma,40019.0,475,8.0,6.0,,,,0.0425
257196,2020-09-16,Carter,Oklahoma,40019.0,479,8.0,4.0,,,,0.0414
257197,2020-09-17,Carter,Oklahoma,40019.0,489,8.0,10.0,,,,0.0429
257198,2020-09-18,Carter,Oklahoma,40019.0,496,8.0,7.0,,,,0.042100001
257199,2020-09-19,Carter,Oklahoma,40019.0,502,8.0,6.0,,,,0.035100002000000005
257200,2020-09-20,Carter,Oklahoma,40019.0,507,8.0,5.0,,,,0.093400002
257201,2020-09-21,Carter,Oklahoma,40019.0,511,8.0,4.0,,,,0.105
257202,2020-09-22,Carter,Oklahoma,40019.0,520,8.0,9.0,,,,0.081600003
257203,2020-09-23,Carter,Oklahoma,40019.0,528,8.0,8.0,,,,0.08919999699999999
257204,2020-09-24,Carter,Oklahoma,40019.0,539,8.0,11.0,,,,0.099399999
257205,2020-09-25,Carter,Oklahoma,40019.0,546,8.0,7.0,,,,0.0986
257206,2020-09-26,Carter,Oklahoma,40019.0,549,8.0,3.0,,,,0.105
257207,2020-09-27,Carter,Oklahoma,40019.0,551,8.0,2.0,,,,0.065899998
257208,2020-09-28,Carter,Oklahoma,40019.0,553,8.0,2.0,,,,0.079300001
257209,2020-09-29,Carter,Oklahoma,40019.0,555,8.0,2.0,,,,0.088600002
257210,2020-09-30,Carter,Oklahoma,40019.0,564,9.0,9.0,,,,0.0854
257211,2020-10-01,Carter,Oklahoma,40019.0,570,9.0,6.0,,,,0.080300003
257212,2020-10-02,Carter,Oklahoma,40019.0,583,9.0,13.0,,,,0.10400000000000001
257213,2020-10-03,Carter,Oklahoma,40019.0,591,9.0,8.0,,,,0.11199999999999999
257214,2020-10-04,Carter,Oklahoma,40019.0,591,9.0,0.0,,,,0.124
257215,2020-10-05,Carter,Oklahoma,40019.0,606,9.0,15.0,,,,0.122
257216,2020-10-06,Carter,Oklahoma,40019.0,614,9.0,8.0,,,,0.12
257217,2020-10-07,Carter,Oklahoma,40019.0,620,9.0,6.0,,,,0.109
257218,2020-10-08,Carter,Oklahoma,40019.0,626,9.0,6.0,,,,0.11199999999999999
257219,2020-10-09,Carter,Oklahoma,40019.0,638,9.0,12.0,,,,0.0977
257220,2020-10-10,Carter,Oklahoma,40019.0,652,9.0,14.0,,,,0.090400003
257221,2020-10-11,Carter,Oklahoma,40019.0,657,9.0,5.0,,,,0.061500002000000005
257222,2020-10-12,Carter,Oklahoma,40019.0,672,9.0,15.0,,,,0.026799998999999998
257223,2020-10-13,Carter,Oklahoma,40019.0,681,9.0,9.0,,,,0.0414
257224,2020-10-14,Carter,Oklahoma,40019.0,695,9.0,14.0,,,,0.0359
257225,2020-10-15,Carter,Oklahoma,40019.0,703,9.0,8.0,,,,0.046100002
257226,2020-10-16,Carter,Oklahoma,40019.0,715,9.0,12.0,,,,0.029300001000000003
257227,2020-10-17,Carter,Oklahoma,40019.0,730,9.0,15.0,,,,0.018999999
257228,2020-10-18,Carter,Oklahoma,40019.0,731,9.0,1.0,,,,0.037500001
257229,2020-10-19,Carter,Oklahoma,40019.0,731,9.0,0.0,,,,0.047499999
257230,2020-10-20,Carter,Oklahoma,40019.0,761,9.0,30.0,,,,0.049899999
257231,2020-10-21,Carter,Oklahoma,40019.0,779,10.0,18.0,,,,0.052900000999999995
257232,2020-10-22,Carter,Oklahoma,40019.0,788,10.0,9.0,,,,0.048799999000000004
257233,2020-10-23,Carter,Oklahoma,40019.0,793,10.0,5.0,,,,0.07389999900000001
257234,2020-10-24,Carter,Oklahoma,40019.0,822,10.0,29.0,,,,0.114
257235,2020-10-25,Carter,Oklahoma,40019.0,840,10.0,18.0,,,,0.11800000000000001
257236,2020-10-26,Carter,Oklahoma,40019.0,846,10.0,6.0,,,,0.0973
257237,2020-10-27,Carter,Oklahoma,40019.0,858,10.0,12.0,,,,0.089000002
257238,2020-10-28,Carter,Oklahoma,40019.0,865,10.0,7.0,,,,0.08829999699999999
257239,2020-10-29,Carter,Oklahoma,40019.0,894,10.0,29.0,,,,0.083800003
257240,2020-10-30,Carter,Oklahoma,40019.0,908,10.0,14.0,,,,0.11800000000000001
257241,2020-10-31,Carter,Oklahoma,40019.0,914,10.0,6.0,,,,0.0876
257242,2020-11-01,Carter,Oklahoma,40019.0,924,10.0,10.0,,,,0.0504
257243,2020-11-02,Carter,Oklahoma,40019.0,939,10.0,15.0,,,,0.055100000999999996
257244,2020-11-03,Carter,Oklahoma,40019.0,949,10.0,10.0,,,,0.077399999
257245,2020-11-04,Carter,Oklahoma,40019.0,970,10.0,21.0,,,,0.062100000999999995
257246,2020-11-05,Carter,Oklahoma,40019.0,991,12.0,21.0,,,,0.056000002
257247,2020-11-06,Carter,Oklahoma,40019.0,1020,12.0,29.0,,,,0.024599998999999997
257248,2020-11-07,Carter,Oklahoma,40019.0,1082,12.0,62.0,,,,0.036899998999999996
257249,2020-11-08,Carter,Oklahoma,40019.0,1082,12.0,0.0,,,,0.053399999000000004
257250,2020-11-09,Carter,Oklahoma,40019.0,1089,12.0,7.0,,,,0.046599999
257251,2020-11-10,Carter,Oklahoma,40019.0,1095,12.0,6.0,,,,0.039900001000000004
257252,2020-11-11,Carter,Oklahoma,40019.0,1111,12.0,16.0,,,,0.063500002
257253,2020-11-12,Carter,Oklahoma,40019.0,1123,13.0,12.0,,,,0.068000004
257254,2020-11-13,Carter,Oklahoma,40019.0,1146,13.0,23.0,,,,0.099699996
257255,2020-11-14,Carter,Oklahoma,40019.0,1177,13.0,31.0,,,,0.11599999999999999
257256,2020-11-15,Carter,Oklahoma,40019.0,1215,13.0,38.0,,,,0.12
257257,2020-11-16,Carter,Oklahoma,40019.0,1251,13.0,36.0,,,,0.125
257258,2020-11-17,Carter,Oklahoma,40019.0,1261,13.0,10.0,,,,0.11900000000000001
257259,2020-11-18,Carter,Oklahoma,40019.0,1295,13.0,34.0,,,,0.131
257260,2020-11-19,Carter,Oklahoma,40019.0,1327,13.0,32.0,,,,0.131
257261,2020-11-20,Carter,Oklahoma,40019.0,1355,13.0,28.0,,,,0.132
257262,2020-11-21,Carter,Oklahoma,40019.0,1381,13.0,26.0,,,,0.12300000000000001
257263,2020-11-22,Carter,Oklahoma,40019.0,1403,13.0,22.0,,,,0.11699999999999999
