,date,county,state,fips,cases,deaths,new_cases,emp_combined,emp_combined_inclow,revenue_all,spend_all
258396,2020-03-14,Jackson,Oklahoma,40065.0,1,0.0,0.0,,,,-0.0198
258397,2020-03-15,Jackson,Oklahoma,40065.0,1,0.0,0.0,,,,-0.047400001
258398,2020-03-16,Jackson,Oklahoma,40065.0,1,0.0,0.0,,,,-0.0458
258399,2020-03-17,Jackson,Oklahoma,40065.0,1,0.0,0.0,,,,-0.06459999799999999
258400,2020-03-18,Jackson,Oklahoma,40065.0,1,0.0,0.0,,,,-0.0942
258401,2020-03-19,Jackson,Oklahoma,40065.0,1,0.0,0.0,,,,-0.096900001
258402,2020-03-20,Jackson,Oklahoma,40065.0,1,0.0,0.0,,,,-0.131
258403,2020-03-21,Jackson,Oklahoma,40065.0,1,0.0,0.0,,,,-0.162
258404,2020-03-22,Jackson,Oklahoma,40065.0,1,0.0,0.0,,,,-0.20299999
258405,2020-03-23,Jackson,Oklahoma,40065.0,1,0.0,0.0,,,,-0.22699999999999998
258406,2020-03-24,Jackson,Oklahoma,40065.0,1,0.0,0.0,,,,-0.23800001
258407,2020-03-25,Jackson,Oklahoma,40065.0,1,0.0,0.0,,,,-0.24600001
258408,2020-03-26,Jackson,Oklahoma,40065.0,1,0.0,0.0,,,,-0.257
258409,2020-03-27,Jackson,Oklahoma,40065.0,1,0.0,0.0,,,,-0.287
258410,2020-03-28,Jackson,Oklahoma,40065.0,1,0.0,0.0,,,,-0.29899999
258411,2020-03-29,Jackson,Oklahoma,40065.0,1,0.0,0.0,,,,-0.27700001
258412,2020-03-30,Jackson,Oklahoma,40065.0,1,0.0,0.0,,,,-0.27200001
258413,2020-03-31,Jackson,Oklahoma,40065.0,1,0.0,0.0,,,,-0.278
258414,2020-04-01,Jackson,Oklahoma,40065.0,2,0.0,1.0,,,,-0.28600001
258415,2020-04-02,Jackson,Oklahoma,40065.0,2,0.0,0.0,,,,-0.28799999
258416,2020-04-03,Jackson,Oklahoma,40065.0,4,0.0,2.0,,,,-0.29600000000000004
258417,2020-04-04,Jackson,Oklahoma,40065.0,4,0.0,0.0,,,,-0.31600001
258418,2020-04-05,Jackson,Oklahoma,40065.0,4,0.0,0.0,,,,-0.33700001
258419,2020-04-06,Jackson,Oklahoma,40065.0,4,0.0,0.0,,,,-0.32499999
258420,2020-04-07,Jackson,Oklahoma,40065.0,6,0.0,2.0,,,,-0.29499999
258421,2020-04-08,Jackson,Oklahoma,40065.0,6,0.0,0.0,,,,-0.25400001
258422,2020-04-09,Jackson,Oklahoma,40065.0,6,0.0,0.0,,,,-0.237
258423,2020-04-10,Jackson,Oklahoma,40065.0,6,0.0,0.0,,,,-0.207
258424,2020-04-11,Jackson,Oklahoma,40065.0,7,0.0,1.0,,,,-0.16399999999999998
258425,2020-04-12,Jackson,Oklahoma,40065.0,7,0.0,0.0,,,,-0.138
258426,2020-04-13,Jackson,Oklahoma,40065.0,7,0.0,0.0,,,,-0.13699999
258427,2020-04-14,Jackson,Oklahoma,40065.0,7,0.0,0.0,,,,-0.14300001
258428,2020-04-15,Jackson,Oklahoma,40065.0,6,0.0,-1.0,,,,-0.15000001
258429,2020-04-16,Jackson,Oklahoma,40065.0,6,0.0,0.0,,,,-0.13
258430,2020-04-17,Jackson,Oklahoma,40065.0,6,0.0,0.0,,,,-0.114
258431,2020-04-18,Jackson,Oklahoma,40065.0,6,0.0,0.0,,,,-0.111
258432,2020-04-19,Jackson,Oklahoma,40065.0,6,0.0,0.0,,,,-0.0964
258433,2020-04-20,Jackson,Oklahoma,40065.0,6,0.0,0.0,,,,-0.083999999
258434,2020-04-21,Jackson,Oklahoma,40065.0,8,0.0,2.0,,,,-0.048799999000000004
258435,2020-04-22,Jackson,Oklahoma,40065.0,8,0.0,0.0,,,,-0.037599999
258436,2020-04-23,Jackson,Oklahoma,40065.0,13,0.0,5.0,,,,-0.0195
258437,2020-04-24,Jackson,Oklahoma,40065.0,13,0.0,0.0,,,,-0.0263
258438,2020-04-25,Jackson,Oklahoma,40065.0,14,0.0,1.0,,,,-0.0043100002000000005
258439,2020-04-26,Jackson,Oklahoma,40065.0,15,0.0,1.0,,,,0.0317
258440,2020-04-27,Jackson,Oklahoma,40065.0,15,0.0,0.0,,,,0.040199999
258441,2020-04-28,Jackson,Oklahoma,40065.0,15,0.0,0.0,,,,0.035100002000000005
258442,2020-04-29,Jackson,Oklahoma,40065.0,15,0.0,0.0,,,,0.076700002
258443,2020-04-30,Jackson,Oklahoma,40065.0,15,0.0,0.0,,,,0.067699999
258444,2020-05-01,Jackson,Oklahoma,40065.0,16,0.0,1.0,,,,0.0164
258445,2020-05-02,Jackson,Oklahoma,40065.0,16,0.0,0.0,,,,0.0126
258446,2020-05-03,Jackson,Oklahoma,40065.0,17,0.0,1.0,,,,-0.034699999
258447,2020-05-04,Jackson,Oklahoma,40065.0,17,0.0,0.0,,,,-0.032400001
258448,2020-05-05,Jackson,Oklahoma,40065.0,18,0.0,1.0,,,,-0.048500000999999994
258449,2020-05-06,Jackson,Oklahoma,40065.0,19,0.0,1.0,,,,-0.09359999699999999
258450,2020-05-07,Jackson,Oklahoma,40065.0,19,0.0,0.0,,,,-0.107
258451,2020-05-08,Jackson,Oklahoma,40065.0,19,0.0,0.0,,,,-0.081900001
258452,2020-05-09,Jackson,Oklahoma,40065.0,19,0.0,0.0,,,,-0.076399997
258453,2020-05-10,Jackson,Oklahoma,40065.0,19,0.0,0.0,,,,-0.078900002
258454,2020-05-11,Jackson,Oklahoma,40065.0,19,1.0,0.0,,,,-0.106
258455,2020-05-12,Jackson,Oklahoma,40065.0,20,1.0,1.0,,,,-0.111
258456,2020-05-13,Jackson,Oklahoma,40065.0,20,1.0,0.0,,,,-0.079899997
258457,2020-05-14,Jackson,Oklahoma,40065.0,21,1.0,1.0,,,,-0.047400001
258458,2020-05-15,Jackson,Oklahoma,40065.0,21,1.0,0.0,,,,-0.06899999799999999
258459,2020-05-16,Jackson,Oklahoma,40065.0,21,1.0,0.0,,,,-0.066299997
258460,2020-05-17,Jackson,Oklahoma,40065.0,21,1.0,0.0,,,,-0.046700001
258461,2020-05-18,Jackson,Oklahoma,40065.0,21,1.0,0.0,,,,-0.034400001
258462,2020-05-19,Jackson,Oklahoma,40065.0,21,1.0,0.0,,,,-0.022500001000000002
258463,2020-05-20,Jackson,Oklahoma,40065.0,21,1.0,0.0,,,,-0.0031600001
258464,2020-05-21,Jackson,Oklahoma,40065.0,21,1.0,0.0,,,,-0.029200001
258465,2020-05-22,Jackson,Oklahoma,40065.0,21,1.0,0.0,,,,0.0034799999999999996
258466,2020-05-23,Jackson,Oklahoma,40065.0,21,1.0,0.0,,,,0.0022499999
258467,2020-05-24,Jackson,Oklahoma,40065.0,21,1.0,0.0,,,,-0.00056000001
258468,2020-05-25,Jackson,Oklahoma,40065.0,23,2.0,2.0,,,,-0.0491
258469,2020-05-26,Jackson,Oklahoma,40065.0,24,2.0,1.0,,,,-0.015
258470,2020-05-27,Jackson,Oklahoma,40065.0,24,2.0,0.0,,,,-0.033100002
258471,2020-05-28,Jackson,Oklahoma,40065.0,24,3.0,0.0,,,,-0.0623
258472,2020-05-29,Jackson,Oklahoma,40065.0,24,3.0,0.0,,,,-0.061900000999999996
258473,2020-05-30,Jackson,Oklahoma,40065.0,27,3.0,3.0,,,,-0.163
258474,2020-05-31,Jackson,Oklahoma,40065.0,27,3.0,0.0,,,,-0.08640000199999999
258475,2020-06-01,Jackson,Oklahoma,40065.0,27,3.0,0.0,,,,-0.09399999699999999
258476,2020-06-02,Jackson,Oklahoma,40065.0,27,3.0,0.0,,,,-0.050799999000000005
258477,2020-06-03,Jackson,Oklahoma,40065.0,27,3.0,0.0,,,,-0.098200001
258478,2020-06-04,Jackson,Oklahoma,40065.0,27,3.0,0.0,,,,-0.131
258479,2020-06-05,Jackson,Oklahoma,40065.0,27,3.0,0.0,,,,-0.057300000999999996
258480,2020-06-06,Jackson,Oklahoma,40065.0,27,3.0,0.0,,,,-0.077399999
258481,2020-06-07,Jackson,Oklahoma,40065.0,28,3.0,1.0,,,,-0.14
258482,2020-06-08,Jackson,Oklahoma,40065.0,28,3.0,0.0,,,,-0.18899999999999997
258483,2020-06-09,Jackson,Oklahoma,40065.0,29,3.0,1.0,,,,-0.19699999999999998
258484,2020-06-10,Jackson,Oklahoma,40065.0,30,3.0,1.0,,,,-0.154
258485,2020-06-11,Jackson,Oklahoma,40065.0,30,3.0,0.0,,,,-0.142
258486,2020-06-12,Jackson,Oklahoma,40065.0,32,3.0,2.0,,,,-0.14300001
258487,2020-06-13,Jackson,Oklahoma,40065.0,30,3.0,-2.0,,,,-0.126
258488,2020-06-14,Jackson,Oklahoma,40065.0,30,3.0,0.0,,,,-0.11900000000000001
258489,2020-06-15,Jackson,Oklahoma,40065.0,30,3.0,0.0,,,,-0.102
258490,2020-06-16,Jackson,Oklahoma,40065.0,32,3.0,2.0,,,,-0.09189999800000001
258491,2020-06-17,Jackson,Oklahoma,40065.0,32,3.0,0.0,,,,-0.111
258492,2020-06-18,Jackson,Oklahoma,40065.0,32,3.0,0.0,,,,-0.080899999
258493,2020-06-19,Jackson,Oklahoma,40065.0,32,3.0,0.0,,,,-0.06899999799999999
258494,2020-06-20,Jackson,Oklahoma,40065.0,32,3.0,0.0,,,,-0.041200001
258495,2020-06-21,Jackson,Oklahoma,40065.0,32,3.0,0.0,,,,-0.0098999999
258496,2020-06-22,Jackson,Oklahoma,40065.0,34,3.0,2.0,,,,-0.021
258497,2020-06-23,Jackson,Oklahoma,40065.0,33,3.0,-1.0,,,,-0.0107
258498,2020-06-24,Jackson,Oklahoma,40065.0,33,3.0,0.0,,,,-0.031300001
258499,2020-06-25,Jackson,Oklahoma,40065.0,34,3.0,1.0,,,,-0.061500002000000005
258500,2020-06-26,Jackson,Oklahoma,40065.0,35,3.0,1.0,,,,-0.060600000999999994
258501,2020-06-27,Jackson,Oklahoma,40065.0,35,3.0,0.0,,,,-0.0601
258502,2020-06-28,Jackson,Oklahoma,40065.0,35,3.0,0.0,,,,-0.10800000000000001
258503,2020-06-29,Jackson,Oklahoma,40065.0,35,3.0,0.0,,,,-0.084799998
258504,2020-06-30,Jackson,Oklahoma,40065.0,38,3.0,3.0,,,,-0.065099999
258505,2020-07-01,Jackson,Oklahoma,40065.0,38,3.0,0.0,,,,-0.063600004
258506,2020-07-02,Jackson,Oklahoma,40065.0,38,3.0,0.0,,,,-0.078699999
258507,2020-07-03,Jackson,Oklahoma,40065.0,43,3.0,5.0,,,,-0.12
258508,2020-07-04,Jackson,Oklahoma,40065.0,47,3.0,4.0,,,,-0.127
258509,2020-07-05,Jackson,Oklahoma,40065.0,48,3.0,1.0,,,,-0.102
258510,2020-07-06,Jackson,Oklahoma,40065.0,48,3.0,0.0,,,,-0.083300002
258511,2020-07-07,Jackson,Oklahoma,40065.0,53,3.0,5.0,,,,-0.07829999900000001
258512,2020-07-08,Jackson,Oklahoma,40065.0,54,3.0,1.0,,,,-0.077100001
258513,2020-07-09,Jackson,Oklahoma,40065.0,54,3.0,0.0,,,,-0.046
258514,2020-07-10,Jackson,Oklahoma,40065.0,55,3.0,1.0,,,,-0.036200002
258515,2020-07-11,Jackson,Oklahoma,40065.0,57,3.0,2.0,,,,-0.042800002000000004
258516,2020-07-12,Jackson,Oklahoma,40065.0,57,3.0,0.0,,,,-0.0277
258517,2020-07-13,Jackson,Oklahoma,40065.0,57,3.0,0.0,,,,-0.060899999
258518,2020-07-14,Jackson,Oklahoma,40065.0,72,3.0,15.0,,,,-0.0704
258519,2020-07-15,Jackson,Oklahoma,40065.0,128,3.0,56.0,,,,-0.075900003
258520,2020-07-16,Jackson,Oklahoma,40065.0,166,3.0,38.0,,,,-0.0845
258521,2020-07-17,Jackson,Oklahoma,40065.0,169,3.0,3.0,,,,-0.11599999999999999
258522,2020-07-18,Jackson,Oklahoma,40065.0,211,3.0,42.0,,,,-0.153
258523,2020-07-19,Jackson,Oklahoma,40065.0,211,3.0,0.0,,,,-0.153
258524,2020-07-20,Jackson,Oklahoma,40065.0,215,3.0,4.0,,,,-0.182
258525,2020-07-21,Jackson,Oklahoma,40065.0,219,3.0,4.0,,,,-0.19400001
258526,2020-07-22,Jackson,Oklahoma,40065.0,228,3.0,9.0,,,,-0.19599999
258527,2020-07-23,Jackson,Oklahoma,40065.0,252,3.0,24.0,,,,-0.18700001
258528,2020-07-24,Jackson,Oklahoma,40065.0,302,3.0,50.0,,,,-0.127
258529,2020-07-25,Jackson,Oklahoma,40065.0,346,3.0,44.0,,,,-0.088100001
258530,2020-07-26,Jackson,Oklahoma,40065.0,370,3.0,24.0,,,,-0.05840000099999999
258531,2020-07-27,Jackson,Oklahoma,40065.0,383,3.0,13.0,,,,-0.042199999
258532,2020-07-28,Jackson,Oklahoma,40065.0,395,3.0,12.0,,,,-0.0274
258533,2020-07-29,Jackson,Oklahoma,40065.0,424,3.0,29.0,,,,-0.015799999
258534,2020-07-30,Jackson,Oklahoma,40065.0,442,3.0,18.0,,,,-0.032499999
258535,2020-07-31,Jackson,Oklahoma,40065.0,468,3.0,26.0,,,,-0.102
258536,2020-08-01,Jackson,Oklahoma,40065.0,478,4.0,10.0,,,,-0.149
258537,2020-08-02,Jackson,Oklahoma,40065.0,486,4.0,8.0,,,,-0.171
258538,2020-08-03,Jackson,Oklahoma,40065.0,486,4.0,0.0,,,,-0.17299999
258539,2020-08-04,Jackson,Oklahoma,40065.0,489,5.0,3.0,,,,-0.18000001
258540,2020-08-05,Jackson,Oklahoma,40065.0,497,5.0,8.0,,,,-0.17299999
258541,2020-08-06,Jackson,Oklahoma,40065.0,504,5.0,7.0,,,,-0.177
258542,2020-08-07,Jackson,Oklahoma,40065.0,514,5.0,10.0,,,,-0.17600000000000002
258543,2020-08-08,Jackson,Oklahoma,40065.0,518,5.0,4.0,,,,-0.131
258544,2020-08-09,Jackson,Oklahoma,40065.0,523,5.0,5.0,,,,-0.11
258545,2020-08-10,Jackson,Oklahoma,40065.0,523,7.0,0.0,,,,-0.105
258546,2020-08-11,Jackson,Oklahoma,40065.0,527,7.0,4.0,,,,-0.088600002
258547,2020-08-12,Jackson,Oklahoma,40065.0,531,7.0,4.0,,,,-0.094999999
258548,2020-08-13,Jackson,Oklahoma,40065.0,532,7.0,1.0,,,,-0.102
258549,2020-08-14,Jackson,Oklahoma,40065.0,535,7.0,3.0,,,,-0.109
258550,2020-08-15,Jackson,Oklahoma,40065.0,537,7.0,2.0,,,,-0.115
258551,2020-08-16,Jackson,Oklahoma,40065.0,537,7.0,0.0,,,,-0.102
258552,2020-08-17,Jackson,Oklahoma,40065.0,538,7.0,1.0,,,,-0.09399999699999999
258553,2020-08-18,Jackson,Oklahoma,40065.0,544,7.0,6.0,,,,-0.09309999599999999
258554,2020-08-19,Jackson,Oklahoma,40065.0,546,7.0,2.0,,,,-0.054499999
258555,2020-08-20,Jackson,Oklahoma,40065.0,553,7.0,7.0,,,,-0.011000000000000001
258556,2020-08-21,Jackson,Oklahoma,40065.0,555,7.0,2.0,,,,0.054400000999999996
258557,2020-08-22,Jackson,Oklahoma,40065.0,560,7.0,5.0,,,,0.096100003
258558,2020-08-23,Jackson,Oklahoma,40065.0,565,7.0,5.0,,,,0.10800000000000001
258559,2020-08-24,Jackson,Oklahoma,40065.0,566,7.0,1.0,,,,0.153
258560,2020-08-25,Jackson,Oklahoma,40065.0,570,7.0,4.0,,,,0.17600000000000002
258561,2020-08-26,Jackson,Oklahoma,40065.0,576,8.0,6.0,,,,0.11900000000000001
258562,2020-08-27,Jackson,Oklahoma,40065.0,575,8.0,-1.0,,,,0.32899999999999996
258563,2020-08-28,Jackson,Oklahoma,40065.0,579,8.0,4.0,,,,0.26699999
258564,2020-08-29,Jackson,Oklahoma,40065.0,582,9.0,3.0,,,,0.22499999
258565,2020-08-30,Jackson,Oklahoma,40065.0,591,9.0,9.0,,,,0.134
258566,2020-08-31,Jackson,Oklahoma,40065.0,596,9.0,5.0,,,,0.07630000299999999
258567,2020-09-01,Jackson,Oklahoma,40065.0,596,9.0,0.0,,,,0.15700001
258568,2020-09-02,Jackson,Oklahoma,40065.0,597,9.0,1.0,,,,0.0242
258569,2020-09-03,Jackson,Oklahoma,40065.0,602,9.0,5.0,,,,0.071900003
258570,2020-09-04,Jackson,Oklahoma,40065.0,614,9.0,12.0,,,,0.022299998999999997
258571,2020-09-05,Jackson,Oklahoma,40065.0,616,9.0,2.0,,,,0.0175
258572,2020-09-06,Jackson,Oklahoma,40065.0,620,9.0,4.0,,,,0.213
258573,2020-09-07,Jackson,Oklahoma,40065.0,623,9.0,3.0,,,,0.153
258574,2020-09-08,Jackson,Oklahoma,40065.0,626,9.0,3.0,,,,0.062100000999999995
258575,2020-09-09,Jackson,Oklahoma,40065.0,628,9.0,2.0,,,,0.030999999
258576,2020-09-10,Jackson,Oklahoma,40065.0,637,9.0,9.0,,,,-0.16599999
258577,2020-09-11,Jackson,Oklahoma,40065.0,642,9.0,5.0,,,,-0.20800000000000002
258578,2020-09-12,Jackson,Oklahoma,40065.0,646,9.0,4.0,,,,-0.22499999
258579,2020-09-13,Jackson,Oklahoma,40065.0,649,9.0,3.0,,,,-0.212
258580,2020-09-14,Jackson,Oklahoma,40065.0,650,9.0,1.0,,,,-0.19699999999999998
258581,2020-09-15,Jackson,Oklahoma,40065.0,653,10.0,3.0,,,,-0.185
258582,2020-09-16,Jackson,Oklahoma,40065.0,670,10.0,17.0,,,,-0.15000001
258583,2020-09-17,Jackson,Oklahoma,40065.0,684,10.0,14.0,,,,-0.13500001
258584,2020-09-18,Jackson,Oklahoma,40065.0,691,10.0,7.0,,,,-0.106
258585,2020-09-19,Jackson,Oklahoma,40065.0,698,10.0,7.0,,,,-0.10400000000000001
258586,2020-09-20,Jackson,Oklahoma,40065.0,699,10.0,1.0,,,,-0.06570000200000001
258587,2020-09-21,Jackson,Oklahoma,40065.0,702,10.0,3.0,,,,-0.050500002
258588,2020-09-22,Jackson,Oklahoma,40065.0,709,10.0,7.0,,,,-0.0156
258589,2020-09-23,Jackson,Oklahoma,40065.0,729,10.0,20.0,,,,0.046599999
258590,2020-09-24,Jackson,Oklahoma,40065.0,739,10.0,10.0,,,,0.0107
258591,2020-09-25,Jackson,Oklahoma,40065.0,747,10.0,8.0,,,,-0.0067599997999999994
258592,2020-09-26,Jackson,Oklahoma,40065.0,759,10.0,12.0,,,,-0.0363
258593,2020-09-27,Jackson,Oklahoma,40065.0,765,10.0,6.0,,,,-0.053599997999999996
258594,2020-09-28,Jackson,Oklahoma,40065.0,775,10.0,10.0,,,,-0.050500002
258595,2020-09-29,Jackson,Oklahoma,40065.0,785,10.0,10.0,,,,-0.098800004
258596,2020-09-30,Jackson,Oklahoma,40065.0,793,10.0,8.0,,,,-0.126
258597,2020-10-01,Jackson,Oklahoma,40065.0,799,10.0,6.0,,,,-0.106
258598,2020-10-02,Jackson,Oklahoma,40065.0,822,10.0,23.0,,,,-0.080499999
258599,2020-10-03,Jackson,Oklahoma,40065.0,827,10.0,5.0,,,,-0.061000001
258600,2020-10-04,Jackson,Oklahoma,40065.0,835,10.0,8.0,,,,-0.092200004
258601,2020-10-05,Jackson,Oklahoma,40065.0,845,10.0,10.0,,,,-0.10099999999999999
258602,2020-10-06,Jackson,Oklahoma,40065.0,861,10.0,16.0,,,,-0.088600002
258603,2020-10-07,Jackson,Oklahoma,40065.0,870,10.0,9.0,,,,-0.102
258604,2020-10-08,Jackson,Oklahoma,40065.0,893,10.0,23.0,,,,-0.049600001
258605,2020-10-09,Jackson,Oklahoma,40065.0,913,10.0,20.0,,,,-0.039999999
258606,2020-10-10,Jackson,Oklahoma,40065.0,937,10.0,24.0,,,,-0.0187
258607,2020-10-11,Jackson,Oklahoma,40065.0,943,10.0,6.0,,,,-0.005650000200000001
258608,2020-10-12,Jackson,Oklahoma,40065.0,943,10.0,0.0,,,,-0.0119
258609,2020-10-13,Jackson,Oklahoma,40065.0,961,11.0,18.0,,,,-0.013000000000000001
258610,2020-10-14,Jackson,Oklahoma,40065.0,976,11.0,15.0,,,,-0.033
258611,2020-10-15,Jackson,Oklahoma,40065.0,980,11.0,4.0,,,,-0.04769999900000001
258612,2020-10-16,Jackson,Oklahoma,40065.0,991,11.0,11.0,,,,-0.050999999000000004
258613,2020-10-17,Jackson,Oklahoma,40065.0,1016,11.0,25.0,,,,-0.045200001
258614,2020-10-18,Jackson,Oklahoma,40065.0,1018,11.0,2.0,,,,-0.066600002
258615,2020-10-19,Jackson,Oklahoma,40065.0,1019,11.0,1.0,,,,-0.063600004
258616,2020-10-20,Jackson,Oklahoma,40065.0,1041,11.0,22.0,,,,-0.039799998999999996
258617,2020-10-21,Jackson,Oklahoma,40065.0,1069,11.0,28.0,,,,-0.0594
258618,2020-10-22,Jackson,Oklahoma,40065.0,1081,12.0,12.0,,,,-0.058800001
258619,2020-10-23,Jackson,Oklahoma,40065.0,1093,13.0,12.0,,,,-0.0581
258620,2020-10-24,Jackson,Oklahoma,40065.0,1112,13.0,19.0,,,,-0.050700000999999995
258621,2020-10-25,Jackson,Oklahoma,40065.0,1114,13.0,2.0,,,,0.034000002
258622,2020-10-26,Jackson,Oklahoma,40065.0,1116,13.0,2.0,,,,0.0173
258623,2020-10-27,Jackson,Oklahoma,40065.0,1122,13.0,6.0,,,,-0.0187
258624,2020-10-28,Jackson,Oklahoma,40065.0,1132,13.0,10.0,,,,-0.0058800001
258625,2020-10-29,Jackson,Oklahoma,40065.0,1141,13.0,9.0,,,,2.4299999e-05
258626,2020-10-30,Jackson,Oklahoma,40065.0,1154,13.0,13.0,,,,-0.0074499998999999996
258627,2020-10-31,Jackson,Oklahoma,40065.0,1169,13.0,15.0,,,,-0.029899999
258628,2020-11-01,Jackson,Oklahoma,40065.0,1189,14.0,20.0,,,,-0.139
258629,2020-11-02,Jackson,Oklahoma,40065.0,1198,14.0,9.0,,,,-0.149
258630,2020-11-03,Jackson,Oklahoma,40065.0,1204,14.0,6.0,,,,-0.091300003
258631,2020-11-04,Jackson,Oklahoma,40065.0,1223,14.0,19.0,,,,-0.089299999
258632,2020-11-05,Jackson,Oklahoma,40065.0,1239,15.0,16.0,,,,-0.090499997
258633,2020-11-06,Jackson,Oklahoma,40065.0,1258,17.0,19.0,,,,-0.097400002
258634,2020-11-07,Jackson,Oklahoma,40065.0,1295,18.0,37.0,,,,-0.090499997
258635,2020-11-08,Jackson,Oklahoma,40065.0,1295,18.0,0.0,,,,-0.022700001
258636,2020-11-09,Jackson,Oklahoma,40065.0,1313,18.0,18.0,,,,-0.00364
258637,2020-11-10,Jackson,Oklahoma,40065.0,1327,18.0,14.0,,,,-0.0206
258638,2020-11-11,Jackson,Oklahoma,40065.0,1349,19.0,22.0,,,,0.031399999
258639,2020-11-12,Jackson,Oklahoma,40065.0,1372,20.0,23.0,,,,-0.0135
258640,2020-11-13,Jackson,Oklahoma,40065.0,1402,20.0,30.0,,,,0.0298
258641,2020-11-14,Jackson,Oklahoma,40065.0,1475,20.0,73.0,,,,0.0548
258642,2020-11-15,Jackson,Oklahoma,40065.0,1499,22.0,24.0,,,,0.062799998
258643,2020-11-16,Jackson,Oklahoma,40065.0,1534,22.0,35.0,,,,0.0228
258644,2020-11-17,Jackson,Oklahoma,40065.0,1551,22.0,17.0,,,,0.0064300001
258645,2020-11-18,Jackson,Oklahoma,40065.0,1585,24.0,34.0,,,,0.0149
258646,2020-11-19,Jackson,Oklahoma,40065.0,1603,24.0,18.0,,,,0.0145
258647,2020-11-20,Jackson,Oklahoma,40065.0,1612,25.0,9.0,,,,-0.018300001
258648,2020-11-21,Jackson,Oklahoma,40065.0,1638,26.0,26.0,,,,-0.021299999
258649,2020-11-22,Jackson,Oklahoma,40065.0,1688,27.0,50.0,,,,-0.051100001
