,date,county,state,fips,cases,deaths,new_cases,emp_combined,emp_combined_inclow,revenue_all,spend_all
259874,2020-03-26,Ottawa,Oklahoma,40115.0,1,0.0,0.0,,,,-0.336
259875,2020-03-27,Ottawa,Oklahoma,40115.0,1,0.0,0.0,,,,-0.34599999
259876,2020-03-28,Ottawa,Oklahoma,40115.0,4,0.0,3.0,,,,-0.34400001
259877,2020-03-29,Ottawa,Oklahoma,40115.0,4,0.0,0.0,,,,-0.30000001
259878,2020-03-30,Ottawa,Oklahoma,40115.0,6,0.0,2.0,,,,-0.31400001
259879,2020-03-31,Ottawa,Oklahoma,40115.0,7,0.0,1.0,,,,-0.345
259880,2020-04-01,Ottawa,Oklahoma,40115.0,7,0.0,0.0,,,,-0.354
259881,2020-04-02,Ottawa,Oklahoma,40115.0,8,0.0,1.0,,,,-0.294
259882,2020-04-03,Ottawa,Oklahoma,40115.0,8,0.0,0.0,,,,-0.30199999
259883,2020-04-04,Ottawa,Oklahoma,40115.0,10,0.0,2.0,,,,-0.29100001
259884,2020-04-05,Ottawa,Oklahoma,40115.0,11,0.0,1.0,,,,-0.33399999
259885,2020-04-06,Ottawa,Oklahoma,40115.0,12,0.0,1.0,,,,-0.324
259886,2020-04-07,Ottawa,Oklahoma,40115.0,14,0.0,2.0,,,,-0.27000001
259887,2020-04-08,Ottawa,Oklahoma,40115.0,15,0.0,1.0,,,,-0.27200001
259888,2020-04-09,Ottawa,Oklahoma,40115.0,17,0.0,2.0,,,,-0.29800001
259889,2020-04-10,Ottawa,Oklahoma,40115.0,17,0.0,0.0,,,,-0.21100000000000002
259890,2020-04-11,Ottawa,Oklahoma,40115.0,16,0.0,-1.0,,,,-0.13500001
259891,2020-04-12,Ottawa,Oklahoma,40115.0,18,0.0,2.0,,,,-0.162
259892,2020-04-13,Ottawa,Oklahoma,40115.0,23,0.0,5.0,,,,-0.14
259893,2020-04-14,Ottawa,Oklahoma,40115.0,22,0.0,-1.0,,,,-0.19400001
259894,2020-04-15,Ottawa,Oklahoma,40115.0,22,0.0,0.0,,,,-0.193
259895,2020-04-16,Ottawa,Oklahoma,40115.0,24,0.0,2.0,,,,-0.17
259896,2020-04-17,Ottawa,Oklahoma,40115.0,26,0.0,2.0,,,,-0.28999999
259897,2020-04-18,Ottawa,Oklahoma,40115.0,27,0.0,1.0,,,,-0.26100001
259898,2020-04-19,Ottawa,Oklahoma,40115.0,27,0.0,0.0,,,,-0.162
259899,2020-04-20,Ottawa,Oklahoma,40115.0,27,0.0,0.0,,,,-0.19499999
259900,2020-04-21,Ottawa,Oklahoma,40115.0,27,0.0,0.0,,,,-0.16399999999999998
259901,2020-04-22,Ottawa,Oklahoma,40115.0,28,0.0,1.0,,,,-0.090400003
259902,2020-04-23,Ottawa,Oklahoma,40115.0,29,0.0,1.0,,,,-0.097400002
259903,2020-04-24,Ottawa,Oklahoma,40115.0,29,1.0,0.0,,,,0.0187
259904,2020-04-25,Ottawa,Oklahoma,40115.0,29,1.0,0.0,,,,-0.0008239999900000001
259905,2020-04-26,Ottawa,Oklahoma,40115.0,29,1.0,0.0,,,,-0.0051500001
259906,2020-04-27,Ottawa,Oklahoma,40115.0,29,1.0,0.0,,,,0.079499997
259907,2020-04-28,Ottawa,Oklahoma,40115.0,32,1.0,3.0,,,,0.097400002
259908,2020-04-29,Ottawa,Oklahoma,40115.0,31,1.0,-1.0,,,,0.052900000999999995
259909,2020-04-30,Ottawa,Oklahoma,40115.0,31,1.0,0.0,,,,0.081799999
259910,2020-05-01,Ottawa,Oklahoma,40115.0,34,1.0,3.0,,,,-0.066399999
259911,2020-05-02,Ottawa,Oklahoma,40115.0,34,1.0,0.0,,,,-0.0418
259912,2020-05-03,Ottawa,Oklahoma,40115.0,34,1.0,0.0,,,,-0.087700002
259913,2020-05-04,Ottawa,Oklahoma,40115.0,34,1.0,0.0,,,,-0.14300001
259914,2020-05-05,Ottawa,Oklahoma,40115.0,34,1.0,0.0,,,,-0.125
259915,2020-05-06,Ottawa,Oklahoma,40115.0,34,1.0,0.0,,,,-0.086300001
259916,2020-05-07,Ottawa,Oklahoma,40115.0,34,1.0,0.0,,,,-0.098200001
259917,2020-05-08,Ottawa,Oklahoma,40115.0,34,1.0,0.0,,,,-0.0704
259918,2020-05-09,Ottawa,Oklahoma,40115.0,34,1.0,0.0,,,,-0.032900002000000005
259919,2020-05-10,Ottawa,Oklahoma,40115.0,34,1.0,0.0,,,,0.0217
259920,2020-05-11,Ottawa,Oklahoma,40115.0,34,1.0,0.0,,,,0.0232
259921,2020-05-12,Ottawa,Oklahoma,40115.0,34,2.0,0.0,,,,0.0007389999799999999
259922,2020-05-13,Ottawa,Oklahoma,40115.0,34,2.0,0.0,,,,0.0049999999
259923,2020-05-14,Ottawa,Oklahoma,40115.0,34,2.0,0.0,,,,0.054299999
259924,2020-05-15,Ottawa,Oklahoma,40115.0,35,2.0,1.0,,,,-0.073700003
259925,2020-05-16,Ottawa,Oklahoma,40115.0,34,2.0,-1.0,,,,-0.10400000000000001
259926,2020-05-17,Ottawa,Oklahoma,40115.0,35,2.0,1.0,,,,-0.09510000099999999
259927,2020-05-18,Ottawa,Oklahoma,40115.0,35,2.0,0.0,,,,-0.0241
259928,2020-05-19,Ottawa,Oklahoma,40115.0,35,2.0,0.0,,,,-0.037900001
259929,2020-05-20,Ottawa,Oklahoma,40115.0,35,2.0,0.0,,,,-0.04309999900000001
259930,2020-05-21,Ottawa,Oklahoma,40115.0,35,2.0,0.0,,,,-0.081
259931,2020-05-22,Ottawa,Oklahoma,40115.0,35,2.0,0.0,,,,0.028999999
259932,2020-05-23,Ottawa,Oklahoma,40115.0,35,2.0,0.0,,,,0.027899998999999998
259933,2020-05-24,Ottawa,Oklahoma,40115.0,35,2.0,0.0,,,,0.074699998
259934,2020-05-25,Ottawa,Oklahoma,40115.0,35,2.0,0.0,,,,0.121
259935,2020-05-26,Ottawa,Oklahoma,40115.0,35,2.0,0.0,,,,0.079300001
259936,2020-05-27,Ottawa,Oklahoma,40115.0,35,2.0,0.0,,,,0.115
259937,2020-05-28,Ottawa,Oklahoma,40115.0,35,2.0,0.0,,,,0.13699999
259938,2020-05-29,Ottawa,Oklahoma,40115.0,35,2.0,0.0,,,,0.125
259939,2020-05-30,Ottawa,Oklahoma,40115.0,35,2.0,0.0,,,,0.162
259940,2020-05-31,Ottawa,Oklahoma,40115.0,35,2.0,0.0,,,,0.063100003
259941,2020-06-01,Ottawa,Oklahoma,40115.0,35,2.0,0.0,,,,0.0295
259942,2020-06-02,Ottawa,Oklahoma,40115.0,35,2.0,0.0,,,,0.0713
259943,2020-06-03,Ottawa,Oklahoma,40115.0,35,2.0,0.0,,,,0.185
259944,2020-06-04,Ottawa,Oklahoma,40115.0,35,2.0,0.0,,,,0.093400002
259945,2020-06-05,Ottawa,Oklahoma,40115.0,35,2.0,0.0,,,,0.109
259946,2020-06-06,Ottawa,Oklahoma,40115.0,35,2.0,0.0,,,,0.082800001
259947,2020-06-07,Ottawa,Oklahoma,40115.0,35,2.0,0.0,,,,0.091700003
259948,2020-06-08,Ottawa,Oklahoma,40115.0,35,2.0,0.0,,,,0.09470000099999999
259949,2020-06-09,Ottawa,Oklahoma,40115.0,35,2.0,0.0,,,,0.0021200001
259950,2020-06-10,Ottawa,Oklahoma,40115.0,35,2.0,0.0,,,,0.0207
259951,2020-06-11,Ottawa,Oklahoma,40115.0,36,2.0,1.0,,,,0.12300000000000001
259952,2020-06-12,Ottawa,Oklahoma,40115.0,36,2.0,0.0,,,,0.0942
259953,2020-06-13,Ottawa,Oklahoma,40115.0,37,2.0,1.0,,,,0.081200004
259954,2020-06-14,Ottawa,Oklahoma,40115.0,37,2.0,0.0,,,,0.059000000000000004
259955,2020-06-15,Ottawa,Oklahoma,40115.0,37,2.0,0.0,,,,0.0277
259956,2020-06-16,Ottawa,Oklahoma,40115.0,41,2.0,4.0,,,,-0.0561
259957,2020-06-17,Ottawa,Oklahoma,40115.0,42,2.0,1.0,,,,-0.079899997
259958,2020-06-18,Ottawa,Oklahoma,40115.0,42,2.0,0.0,,,,-0.16
259959,2020-06-19,Ottawa,Oklahoma,40115.0,42,2.0,0.0,,,,-0.23199999
259960,2020-06-20,Ottawa,Oklahoma,40115.0,43,2.0,1.0,,,,-0.264
259961,2020-06-21,Ottawa,Oklahoma,40115.0,44,2.0,1.0,,,,-0.24100000000000002
259962,2020-06-22,Ottawa,Oklahoma,40115.0,44,2.0,0.0,,,,-0.226
259963,2020-06-23,Ottawa,Oklahoma,40115.0,43,2.0,-1.0,,,,-0.23199999
259964,2020-06-24,Ottawa,Oklahoma,40115.0,43,2.0,0.0,,,,-0.25299999
259965,2020-06-25,Ottawa,Oklahoma,40115.0,44,2.0,1.0,,,,-0.19499999
259966,2020-06-26,Ottawa,Oklahoma,40115.0,44,2.0,0.0,,,,-0.0458
259967,2020-06-27,Ottawa,Oklahoma,40115.0,44,2.0,0.0,,,,0.0108
259968,2020-06-28,Ottawa,Oklahoma,40115.0,47,2.0,3.0,,,,-0.024900001
259969,2020-06-29,Ottawa,Oklahoma,40115.0,50,2.0,3.0,,,,-0.0854
259970,2020-06-30,Ottawa,Oklahoma,40115.0,70,2.0,20.0,,,,-0.059700000999999996
259971,2020-07-01,Ottawa,Oklahoma,40115.0,73,2.0,3.0,,,,-0.059099998
259972,2020-07-02,Ottawa,Oklahoma,40115.0,76,2.0,3.0,,,,-0.042800002000000004
259973,2020-07-03,Ottawa,Oklahoma,40115.0,77,2.0,1.0,,,,-0.053800002
259974,2020-07-04,Ottawa,Oklahoma,40115.0,80,2.0,3.0,,,,-0.0052299998
259975,2020-07-05,Ottawa,Oklahoma,40115.0,81,2.0,1.0,,,,0.09120000199999999
259976,2020-07-06,Ottawa,Oklahoma,40115.0,85,2.0,4.0,,,,0.11199999999999999
259977,2020-07-07,Ottawa,Oklahoma,40115.0,120,2.0,35.0,,,,0.17900001
259978,2020-07-08,Ottawa,Oklahoma,40115.0,121,2.0,1.0,,,,0.23
259979,2020-07-09,Ottawa,Oklahoma,40115.0,132,2.0,11.0,,,,0.17800000000000002
259980,2020-07-10,Ottawa,Oklahoma,40115.0,137,2.0,5.0,,,,0.082900003
259981,2020-07-11,Ottawa,Oklahoma,40115.0,141,2.0,4.0,,,,-0.0374
259982,2020-07-12,Ottawa,Oklahoma,40115.0,148,2.0,7.0,,,,-0.0143
259983,2020-07-13,Ottawa,Oklahoma,40115.0,157,2.0,9.0,,,,-0.035999998
259984,2020-07-14,Ottawa,Oklahoma,40115.0,183,2.0,26.0,,,,-0.08990000199999999
259985,2020-07-15,Ottawa,Oklahoma,40115.0,190,2.0,7.0,,,,-0.15700001
259986,2020-07-16,Ottawa,Oklahoma,40115.0,195,2.0,5.0,,,,-0.11199999999999999
259987,2020-07-17,Ottawa,Oklahoma,40115.0,203,2.0,8.0,,,,-0.133
259988,2020-07-18,Ottawa,Oklahoma,40115.0,219,2.0,16.0,,,,-0.11800000000000001
259989,2020-07-19,Ottawa,Oklahoma,40115.0,219,2.0,0.0,,,,-0.183
259990,2020-07-20,Ottawa,Oklahoma,40115.0,219,2.0,0.0,,,,-0.17800000000000002
259991,2020-07-21,Ottawa,Oklahoma,40115.0,224,2.0,5.0,,,,-0.182
259992,2020-07-22,Ottawa,Oklahoma,40115.0,233,2.0,9.0,,,,-0.175
259993,2020-07-23,Ottawa,Oklahoma,40115.0,244,2.0,11.0,,,,-0.177
259994,2020-07-24,Ottawa,Oklahoma,40115.0,248,2.0,4.0,,,,-0.13500001
259995,2020-07-25,Ottawa,Oklahoma,40115.0,260,2.0,12.0,,,,-0.067500003
259996,2020-07-26,Ottawa,Oklahoma,40115.0,269,2.0,9.0,,,,-0.020099999
259997,2020-07-27,Ottawa,Oklahoma,40115.0,277,2.0,8.0,,,,-0.051100001
259998,2020-07-28,Ottawa,Oklahoma,40115.0,297,2.0,20.0,,,,-0.0197
259999,2020-07-29,Ottawa,Oklahoma,40115.0,304,2.0,7.0,,,,0.019400001
260000,2020-07-30,Ottawa,Oklahoma,40115.0,311,2.0,7.0,,,,-0.067299999
260001,2020-07-31,Ottawa,Oklahoma,40115.0,327,2.0,16.0,,,,-0.115
260002,2020-08-01,Ottawa,Oklahoma,40115.0,337,2.0,10.0,,,,-0.171
260003,2020-08-02,Ottawa,Oklahoma,40115.0,345,2.0,8.0,,,,-0.223
260004,2020-08-03,Ottawa,Oklahoma,40115.0,347,2.0,2.0,,,,-0.18700001
260005,2020-08-04,Ottawa,Oklahoma,40115.0,348,2.0,1.0,,,,-0.168
260006,2020-08-05,Ottawa,Oklahoma,40115.0,352,2.0,4.0,,,,-0.142
260007,2020-08-06,Ottawa,Oklahoma,40115.0,358,3.0,6.0,,,,-0.0647
260008,2020-08-07,Ottawa,Oklahoma,40115.0,367,3.0,9.0,,,,-0.0189
260009,2020-08-08,Ottawa,Oklahoma,40115.0,368,3.0,1.0,,,,0.0044900002
260010,2020-08-09,Ottawa,Oklahoma,40115.0,369,3.0,1.0,,,,0.10800000000000001
260011,2020-08-10,Ottawa,Oklahoma,40115.0,371,3.0,2.0,,,,0.11699999999999999
260012,2020-08-11,Ottawa,Oklahoma,40115.0,387,3.0,16.0,,,,0.074699998
260013,2020-08-12,Ottawa,Oklahoma,40115.0,395,3.0,8.0,,,,0.090899996
260014,2020-08-13,Ottawa,Oklahoma,40115.0,401,3.0,6.0,,,,0.055399999000000005
260015,2020-08-14,Ottawa,Oklahoma,40115.0,405,3.0,4.0,,,,0.024
260016,2020-08-15,Ottawa,Oklahoma,40115.0,417,3.0,12.0,,,,0.071099997
260017,2020-08-16,Ottawa,Oklahoma,40115.0,417,3.0,0.0,,,,0.121
260018,2020-08-17,Ottawa,Oklahoma,40115.0,418,3.0,1.0,,,,0.121
260019,2020-08-18,Ottawa,Oklahoma,40115.0,430,3.0,12.0,,,,0.084200002
260020,2020-08-19,Ottawa,Oklahoma,40115.0,433,3.0,3.0,,,,0.09260000300000001
260021,2020-08-20,Ottawa,Oklahoma,40115.0,442,3.0,9.0,,,,0.11800000000000001
260022,2020-08-21,Ottawa,Oklahoma,40115.0,456,3.0,14.0,,,,0.18600000000000003
260023,2020-08-22,Ottawa,Oklahoma,40115.0,462,4.0,6.0,,,,0.36399999
260024,2020-08-23,Ottawa,Oklahoma,40115.0,464,4.0,2.0,,,,0.212
260025,2020-08-24,Ottawa,Oklahoma,40115.0,470,4.0,6.0,,,,0.17900001
260026,2020-08-25,Ottawa,Oklahoma,40115.0,476,4.0,6.0,,,,0.182
260027,2020-08-26,Ottawa,Oklahoma,40115.0,488,4.0,12.0,,,,0.15099999
260028,2020-08-27,Ottawa,Oklahoma,40115.0,493,4.0,5.0,,,,0.177
260029,2020-08-28,Ottawa,Oklahoma,40115.0,499,4.0,6.0,,,,0.049800000999999997
260030,2020-08-29,Ottawa,Oklahoma,40115.0,516,4.0,17.0,,,,0.081200004
260031,2020-08-30,Ottawa,Oklahoma,40115.0,520,4.0,4.0,,,,0.18099999
260032,2020-08-31,Ottawa,Oklahoma,40115.0,524,4.0,4.0,,,,0.107
260033,2020-09-01,Ottawa,Oklahoma,40115.0,531,4.0,7.0,,,,0.14
260034,2020-09-02,Ottawa,Oklahoma,40115.0,544,4.0,13.0,,,,0.177
260035,2020-09-03,Ottawa,Oklahoma,40115.0,555,4.0,11.0,,,,0.16399999999999998
260036,2020-09-04,Ottawa,Oklahoma,40115.0,576,4.0,21.0,,,,0.132
260037,2020-09-05,Ottawa,Oklahoma,40115.0,600,4.0,24.0,,,,0.065300003
260038,2020-09-06,Ottawa,Oklahoma,40115.0,608,4.0,8.0,,,,0.10099999999999999
260039,2020-09-07,Ottawa,Oklahoma,40115.0,623,4.0,15.0,,,,0.13699999
260040,2020-09-08,Ottawa,Oklahoma,40115.0,638,4.0,15.0,,,,0.10099999999999999
260041,2020-09-09,Ottawa,Oklahoma,40115.0,646,4.0,8.0,,,,0.047400001
260042,2020-09-10,Ottawa,Oklahoma,40115.0,671,4.0,25.0,,,,0.13500001
260043,2020-09-11,Ottawa,Oklahoma,40115.0,687,4.0,16.0,,,,0.06580000400000001
260044,2020-09-12,Ottawa,Oklahoma,40115.0,696,4.0,9.0,,,,0.0964
260045,2020-09-13,Ottawa,Oklahoma,40115.0,699,4.0,3.0,,,,0.102
260046,2020-09-14,Ottawa,Oklahoma,40115.0,724,4.0,25.0,,,,0.098700002
260047,2020-09-15,Ottawa,Oklahoma,40115.0,738,4.0,14.0,,,,0.105
260048,2020-09-16,Ottawa,Oklahoma,40115.0,742,4.0,4.0,,,,-0.024599998999999997
260049,2020-09-17,Ottawa,Oklahoma,40115.0,756,4.0,14.0,,,,-0.0359
260050,2020-09-18,Ottawa,Oklahoma,40115.0,764,4.0,8.0,,,,-0.00336
260051,2020-09-19,Ottawa,Oklahoma,40115.0,770,4.0,6.0,,,,0.0381
260052,2020-09-20,Ottawa,Oklahoma,40115.0,786,4.0,16.0,,,,-0.0059299999999999995
260053,2020-09-21,Ottawa,Oklahoma,40115.0,786,4.0,0.0,,,,0.00135
260054,2020-09-22,Ottawa,Oklahoma,40115.0,805,4.0,19.0,,,,-0.0099900002
260055,2020-09-23,Ottawa,Oklahoma,40115.0,819,4.0,14.0,,,,0.11900000000000001
260056,2020-09-24,Ottawa,Oklahoma,40115.0,832,4.0,13.0,,,,0.17900001
260057,2020-09-25,Ottawa,Oklahoma,40115.0,843,6.0,11.0,,,,0.19
260058,2020-09-26,Ottawa,Oklahoma,40115.0,858,6.0,15.0,,,,0.17900001
260059,2020-09-27,Ottawa,Oklahoma,40115.0,866,6.0,8.0,,,,0.285
260060,2020-09-28,Ottawa,Oklahoma,40115.0,871,6.0,5.0,,,,0.23899999
260061,2020-09-29,Ottawa,Oklahoma,40115.0,875,6.0,4.0,,,,0.23100001
260062,2020-09-30,Ottawa,Oklahoma,40115.0,885,6.0,10.0,,,,0.191
260063,2020-10-01,Ottawa,Oklahoma,40115.0,897,6.0,12.0,,,,0.079899997
260064,2020-10-02,Ottawa,Oklahoma,40115.0,910,7.0,13.0,,,,0.050999999000000004
260065,2020-10-03,Ottawa,Oklahoma,40115.0,911,7.0,1.0,,,,0.07540000200000001
260066,2020-10-04,Ottawa,Oklahoma,40115.0,924,7.0,13.0,,,,0.042100001
260067,2020-10-05,Ottawa,Oklahoma,40115.0,930,7.0,6.0,,,,0.06329999900000001
260068,2020-10-06,Ottawa,Oklahoma,40115.0,936,7.0,6.0,,,,0.18899999999999997
260069,2020-10-07,Ottawa,Oklahoma,40115.0,961,7.0,25.0,,,,0.182
260070,2020-10-08,Ottawa,Oklahoma,40115.0,980,7.0,19.0,,,,0.17200001
260071,2020-10-09,Ottawa,Oklahoma,40115.0,1003,8.0,23.0,,,,0.21100000000000002
260072,2020-10-10,Ottawa,Oklahoma,40115.0,1043,8.0,40.0,,,,0.156
260073,2020-10-11,Ottawa,Oklahoma,40115.0,1047,8.0,4.0,,,,0.19
260074,2020-10-12,Ottawa,Oklahoma,40115.0,1053,8.0,6.0,,,,0.043000000999999996
260075,2020-10-13,Ottawa,Oklahoma,40115.0,1075,8.0,22.0,,,,0.153
260076,2020-10-14,Ottawa,Oklahoma,40115.0,1079,8.0,4.0,,,,0.207
260077,2020-10-15,Ottawa,Oklahoma,40115.0,1098,8.0,19.0,,,,0.33399999
260078,2020-10-16,Ottawa,Oklahoma,40115.0,1113,8.0,15.0,,,,0.056400001
260079,2020-10-17,Ottawa,Oklahoma,40115.0,1126,8.0,13.0,,,,0.134
260080,2020-10-18,Ottawa,Oklahoma,40115.0,1131,8.0,5.0,,,,0.0029200001
260081,2020-10-19,Ottawa,Oklahoma,40115.0,1134,8.0,3.0,,,,-0.10400000000000001
260082,2020-10-20,Ottawa,Oklahoma,40115.0,1143,8.0,9.0,,,,-0.106
260083,2020-10-21,Ottawa,Oklahoma,40115.0,1167,9.0,24.0,,,,-0.074600004
260084,2020-10-22,Ottawa,Oklahoma,40115.0,1192,9.0,25.0,,,,-0.131
260085,2020-10-23,Ottawa,Oklahoma,40115.0,1202,9.0,10.0,,,,-0.147
260086,2020-10-24,Ottawa,Oklahoma,40115.0,1222,9.0,20.0,,,,-0.14800000000000002
260087,2020-10-25,Ottawa,Oklahoma,40115.0,1226,9.0,4.0,,,,-0.0297
260088,2020-10-26,Ottawa,Oklahoma,40115.0,1231,9.0,5.0,,,,-0.09809999900000001
260089,2020-10-27,Ottawa,Oklahoma,40115.0,1246,9.0,15.0,,,,-0.0557
260090,2020-10-28,Ottawa,Oklahoma,40115.0,1260,10.0,14.0,,,,-0.087300003
260091,2020-10-29,Ottawa,Oklahoma,40115.0,1263,16.0,3.0,,,,0.05739999900000001
260092,2020-10-30,Ottawa,Oklahoma,40115.0,1271,17.0,8.0,,,,0.20100001
260093,2020-10-31,Ottawa,Oklahoma,40115.0,1290,18.0,19.0,,,,0.19699999999999998
260094,2020-11-01,Ottawa,Oklahoma,40115.0,1300,19.0,10.0,,,,0.0405
260095,2020-11-02,Ottawa,Oklahoma,40115.0,1306,19.0,6.0,,,,0.11800000000000001
260096,2020-11-03,Ottawa,Oklahoma,40115.0,1312,21.0,6.0,,,,0.07299999900000001
260097,2020-11-04,Ottawa,Oklahoma,40115.0,1321,21.0,9.0,,,,0.0559
260098,2020-11-05,Ottawa,Oklahoma,40115.0,1340,21.0,19.0,,,,-0.083300002
260099,2020-11-06,Ottawa,Oklahoma,40115.0,1354,21.0,14.0,,,,-0.126
260100,2020-11-07,Ottawa,Oklahoma,40115.0,1376,21.0,22.0,,,,-0.0561
260101,2020-11-08,Ottawa,Oklahoma,40115.0,1376,21.0,0.0,,,,0.081500001
260102,2020-11-09,Ottawa,Oklahoma,40115.0,1391,21.0,15.0,,,,-0.0261
260103,2020-11-10,Ottawa,Oklahoma,40115.0,1405,21.0,14.0,,,,-0.058699999
260104,2020-11-11,Ottawa,Oklahoma,40115.0,1411,21.0,6.0,,,,0.0114
260105,2020-11-12,Ottawa,Oklahoma,40115.0,1426,21.0,15.0,,,,-0.037000000000000005
260106,2020-11-13,Ottawa,Oklahoma,40115.0,1441,21.0,15.0,,,,0.081600003
260107,2020-11-14,Ottawa,Oklahoma,40115.0,1459,22.0,18.0,,,,0.027100001000000002
260108,2020-11-15,Ottawa,Oklahoma,40115.0,1499,22.0,40.0,,,,0.052499998
260109,2020-11-16,Ottawa,Oklahoma,40115.0,1515,22.0,16.0,,,,0.10099999999999999
260110,2020-11-17,Ottawa,Oklahoma,40115.0,1517,22.0,2.0,,,,0.19
260111,2020-11-18,Ottawa,Oklahoma,40115.0,1533,22.0,16.0,,,,0.168
260112,2020-11-19,Ottawa,Oklahoma,40115.0,1549,22.0,16.0,,,,0.16599999
260113,2020-11-20,Ottawa,Oklahoma,40115.0,1573,22.0,24.0,,,,0.086499996
260114,2020-11-21,Ottawa,Oklahoma,40115.0,1601,22.0,28.0,,,,0.063600004
260115,2020-11-22,Ottawa,Oklahoma,40115.0,1620,22.0,19.0,,,,-0.041299999
