,date,county,state,fips,cases,deaths,new_cases,emp_combined,emp_combined_inclow,revenue_all,spend_all
269971,2020-03-20,Centre,Pennsylvania,42027.0,1,0.0,0.0,,,,0.0713
269972,2020-03-21,Centre,Pennsylvania,42027.0,1,0.0,0.0,,,,-0.016100001
269973,2020-03-22,Centre,Pennsylvania,42027.0,1,0.0,0.0,,,,-0.062399998
269974,2020-03-23,Centre,Pennsylvania,42027.0,3,0.0,2.0,,,,-0.168
269975,2020-03-24,Centre,Pennsylvania,42027.0,7,0.0,4.0,,,,-0.184
269976,2020-03-25,Centre,Pennsylvania,42027.0,8,0.0,1.0,,,,-0.22
269977,2020-03-26,Centre,Pennsylvania,42027.0,9,0.0,1.0,,,,-0.32899999999999996
269978,2020-03-27,Centre,Pennsylvania,42027.0,11,0.0,2.0,,,,-0.41299999
269979,2020-03-28,Centre,Pennsylvania,42027.0,15,0.0,4.0,,,,-0.38600001
269980,2020-03-29,Centre,Pennsylvania,42027.0,22,0.0,7.0,,,,-0.359
269981,2020-03-30,Centre,Pennsylvania,42027.0,24,0.0,2.0,,,,-0.34099999
269982,2020-03-31,Centre,Pennsylvania,42027.0,26,0.0,2.0,,,,-0.31299999
269983,2020-04-01,Centre,Pennsylvania,42027.0,27,0.0,1.0,,,,-0.25799999
269984,2020-04-02,Centre,Pennsylvania,42027.0,28,0.0,1.0,,,,-0.25799999
269985,2020-04-03,Centre,Pennsylvania,42027.0,32,0.0,4.0,,,,-0.233
269986,2020-04-04,Centre,Pennsylvania,42027.0,39,0.0,7.0,,,,-0.23199999
269987,2020-04-05,Centre,Pennsylvania,42027.0,43,0.0,4.0,,,,-0.233
269988,2020-04-06,Centre,Pennsylvania,42027.0,44,0.0,1.0,,,,-0.17800000000000002
269989,2020-04-07,Centre,Pennsylvania,42027.0,55,0.0,11.0,,,,-0.212
269990,2020-04-08,Centre,Pennsylvania,42027.0,57,0.0,2.0,,,,-0.31900001
269991,2020-04-09,Centre,Pennsylvania,42027.0,59,0.0,2.0,,,,-0.26800001
269992,2020-04-10,Centre,Pennsylvania,42027.0,61,0.0,2.0,,,,-0.20600000000000002
269993,2020-04-11,Centre,Pennsylvania,42027.0,69,0.0,8.0,,,,-0.23
269994,2020-04-12,Centre,Pennsylvania,42027.0,70,0.0,1.0,,,,-0.26899999
269995,2020-04-13,Centre,Pennsylvania,42027.0,70,0.0,0.0,,,,-0.30899999
269996,2020-04-14,Centre,Pennsylvania,42027.0,70,0.0,0.0,,,,-0.21899999999999997
269997,2020-04-15,Centre,Pennsylvania,42027.0,72,0.0,2.0,,,,-0.077100001
269998,2020-04-16,Centre,Pennsylvania,42027.0,73,0.0,1.0,,,,-0.068400003
269999,2020-04-17,Centre,Pennsylvania,42027.0,73,1.0,0.0,,,,-0.17299999
270000,2020-04-18,Centre,Pennsylvania,42027.0,73,1.0,0.0,,,,-0.18600000000000003
270001,2020-04-19,Centre,Pennsylvania,42027.0,73,1.0,0.0,,,,-0.127
270002,2020-04-20,Centre,Pennsylvania,42027.0,73,1.0,0.0,,,,-0.17800000000000002
270003,2020-04-21,Centre,Pennsylvania,42027.0,77,2.0,4.0,,,,-0.26199999
270004,2020-04-22,Centre,Pennsylvania,42027.0,76,2.0,-1.0,,,,-0.48500001
270005,2020-04-23,Centre,Pennsylvania,42027.0,76,2.0,0.0,,,,-0.579
270006,2020-04-24,Centre,Pennsylvania,42027.0,77,2.0,1.0,,,,-0.514
270007,2020-04-25,Centre,Pennsylvania,42027.0,81,2.0,4.0,,,,-0.551
270008,2020-04-26,Centre,Pennsylvania,42027.0,81,2.0,0.0,,,,-0.60000002
270009,2020-04-27,Centre,Pennsylvania,42027.0,87,2.0,6.0,,,,-0.52200001
270010,2020-04-28,Centre,Pennsylvania,42027.0,93,2.0,6.0,,,,-0.37
270011,2020-04-29,Centre,Pennsylvania,42027.0,95,2.0,2.0,,,,-0.38100001
270012,2020-04-30,Centre,Pennsylvania,42027.0,96,2.0,1.0,,,,-0.345
270013,2020-05-01,Centre,Pennsylvania,42027.0,96,2.0,0.0,,,,-0.49399999
270014,2020-05-02,Centre,Pennsylvania,42027.0,96,2.0,0.0,,,,-0.58200002
270015,2020-05-03,Centre,Pennsylvania,42027.0,102,2.0,6.0,,,,-0.64700001
270016,2020-05-04,Centre,Pennsylvania,42027.0,105,2.0,3.0,,,,-0.64999998
270017,2020-05-05,Centre,Pennsylvania,42027.0,106,2.0,1.0,,,,-0.68199998
270018,2020-05-06,Centre,Pennsylvania,42027.0,113,2.0,7.0,,,,-0.653
270019,2020-05-07,Centre,Pennsylvania,42027.0,116,2.0,3.0,,,,-0.7040000000000001
270020,2020-05-08,Centre,Pennsylvania,42027.0,117,2.0,1.0,,,,-0.71700001
270021,2020-05-09,Centre,Pennsylvania,42027.0,117,2.0,0.0,,,,-0.61799997
270022,2020-05-10,Centre,Pennsylvania,42027.0,119,2.0,2.0,,,,-0.62400001
270023,2020-05-11,Centre,Pennsylvania,42027.0,119,2.0,0.0,,,,-0.648
270024,2020-05-12,Centre,Pennsylvania,42027.0,122,2.0,3.0,,,,-0.56
270025,2020-05-13,Centre,Pennsylvania,42027.0,126,4.0,4.0,,,,-0.41499999
270026,2020-05-14,Centre,Pennsylvania,42027.0,128,6.0,2.0,,,,-0.39199999
270027,2020-05-15,Centre,Pennsylvania,42027.0,129,6.0,1.0,,,,-0.389
270028,2020-05-16,Centre,Pennsylvania,42027.0,129,6.0,0.0,,,,-0.45399999999999996
270029,2020-05-17,Centre,Pennsylvania,42027.0,131,6.0,2.0,,,,-0.40200001
270030,2020-05-18,Centre,Pennsylvania,42027.0,133,5.0,2.0,,,,-0.30199999
270031,2020-05-19,Centre,Pennsylvania,42027.0,132,5.0,-1.0,,,,-0.20299999
270032,2020-05-20,Centre,Pennsylvania,42027.0,133,5.0,1.0,,,,-0.308
270033,2020-05-21,Centre,Pennsylvania,42027.0,136,5.0,3.0,,,,-0.13699999
270034,2020-05-22,Centre,Pennsylvania,42027.0,138,5.0,2.0,,,,0.09539999800000001
270035,2020-05-23,Centre,Pennsylvania,42027.0,143,6.0,5.0,,,,0.19499999
270036,2020-05-24,Centre,Pennsylvania,42027.0,146,6.0,3.0,,,,0.294
270037,2020-05-25,Centre,Pennsylvania,42027.0,147,6.0,1.0,,,,0.255
270038,2020-05-26,Centre,Pennsylvania,42027.0,148,6.0,1.0,,,,0.27599999
270039,2020-05-27,Centre,Pennsylvania,42027.0,149,6.0,1.0,,,,0.34799999
270040,2020-05-28,Centre,Pennsylvania,42027.0,150,6.0,1.0,,,,0.30399999
270041,2020-05-29,Centre,Pennsylvania,42027.0,151,6.0,1.0,,,,0.21100000000000002
270042,2020-05-30,Centre,Pennsylvania,42027.0,152,7.0,1.0,,,,0.205
270043,2020-05-31,Centre,Pennsylvania,42027.0,153,7.0,1.0,,,,0.2
270044,2020-06-01,Centre,Pennsylvania,42027.0,154,7.0,1.0,,,,0.213
270045,2020-06-02,Centre,Pennsylvania,42027.0,154,7.0,0.0,,,,0.20600000000000002
270046,2020-06-03,Centre,Pennsylvania,42027.0,154,7.0,0.0,,,,0.069700003
270047,2020-06-04,Centre,Pennsylvania,42027.0,154,7.0,0.0,,,,0.043400000999999994
270048,2020-06-05,Centre,Pennsylvania,42027.0,154,7.0,0.0,,,,0.141
270049,2020-06-06,Centre,Pennsylvania,42027.0,155,7.0,1.0,,,,0.16899999999999998
270050,2020-06-07,Centre,Pennsylvania,42027.0,156,7.0,1.0,,,,0.214
270051,2020-06-08,Centre,Pennsylvania,42027.0,157,7.0,1.0,,,,0.22
270052,2020-06-09,Centre,Pennsylvania,42027.0,157,7.0,0.0,,,,0.222
270053,2020-06-10,Centre,Pennsylvania,42027.0,158,7.0,1.0,,,,0.27599999
270054,2020-06-11,Centre,Pennsylvania,42027.0,158,7.0,0.0,,,,0.33899999
270055,2020-06-12,Centre,Pennsylvania,42027.0,165,7.0,7.0,,,,0.31299999
270056,2020-06-13,Centre,Pennsylvania,42027.0,167,7.0,2.0,,,,0.26100001
270057,2020-06-14,Centre,Pennsylvania,42027.0,169,7.0,2.0,,,,0.25400001
270058,2020-06-15,Centre,Pennsylvania,42027.0,171,6.0,2.0,,,,0.26100001
270059,2020-06-16,Centre,Pennsylvania,42027.0,177,6.0,6.0,,,,0.28600001
270060,2020-06-17,Centre,Pennsylvania,42027.0,172,6.0,-5.0,,,,0.28299999
270061,2020-06-18,Centre,Pennsylvania,42027.0,172,6.0,0.0,,,,0.28
270062,2020-06-19,Centre,Pennsylvania,42027.0,176,6.0,4.0,,,,0.34400001
270063,2020-06-20,Centre,Pennsylvania,42027.0,180,6.0,4.0,,,,0.382
270064,2020-06-21,Centre,Pennsylvania,42027.0,180,6.0,0.0,,,,0.38699999
270065,2020-06-22,Centre,Pennsylvania,42027.0,184,6.0,4.0,,,,0.38699999
270066,2020-06-23,Centre,Pennsylvania,42027.0,195,6.0,11.0,,,,0.29499999
270067,2020-06-24,Centre,Pennsylvania,42027.0,196,6.0,1.0,,,,0.27900001
270068,2020-06-25,Centre,Pennsylvania,42027.0,197,6.0,1.0,,,,0.25999999
270069,2020-06-26,Centre,Pennsylvania,42027.0,198,6.0,1.0,,,,0.24699999
270070,2020-06-27,Centre,Pennsylvania,42027.0,200,7.0,2.0,,,,0.25799999
270071,2020-06-28,Centre,Pennsylvania,42027.0,201,7.0,1.0,,,,0.24100000000000002
270072,2020-06-29,Centre,Pennsylvania,42027.0,201,7.0,0.0,,,,0.19499999
270073,2020-06-30,Centre,Pennsylvania,42027.0,201,7.0,0.0,,,,0.244
270074,2020-07-01,Centre,Pennsylvania,42027.0,205,7.0,4.0,,,,0.27900001
270075,2020-07-02,Centre,Pennsylvania,42027.0,211,7.0,6.0,,,,0.23600000000000002
270076,2020-07-03,Centre,Pennsylvania,42027.0,218,7.0,7.0,,,,0.13699999
270077,2020-07-04,Centre,Pennsylvania,42027.0,224,7.0,6.0,,,,0.21699999
270078,2020-07-05,Centre,Pennsylvania,42027.0,227,8.0,3.0,,,,0.23
270079,2020-07-06,Centre,Pennsylvania,42027.0,228,8.0,1.0,,,,0.22699999999999998
270080,2020-07-07,Centre,Pennsylvania,42027.0,230,8.0,2.0,,,,0.27500001
270081,2020-07-08,Centre,Pennsylvania,42027.0,232,8.0,2.0,,,,0.221
270082,2020-07-09,Centre,Pennsylvania,42027.0,235,8.0,3.0,,,,0.255
270083,2020-07-10,Centre,Pennsylvania,42027.0,239,8.0,4.0,,,,0.294
270084,2020-07-11,Centre,Pennsylvania,42027.0,241,8.0,2.0,,,,0.31299999
270085,2020-07-12,Centre,Pennsylvania,42027.0,243,8.0,2.0,,,,0.331
270086,2020-07-13,Centre,Pennsylvania,42027.0,251,8.0,8.0,,,,0.32300001
270087,2020-07-14,Centre,Pennsylvania,42027.0,253,8.0,2.0,,,,0.25600001
270088,2020-07-15,Centre,Pennsylvania,42027.0,262,8.0,9.0,,,,0.23100001
270089,2020-07-16,Centre,Pennsylvania,42027.0,262,9.0,0.0,,,,0.248
270090,2020-07-17,Centre,Pennsylvania,42027.0,270,9.0,8.0,,,,0.20100001
270091,2020-07-18,Centre,Pennsylvania,42027.0,277,9.0,7.0,,,,0.17299999
270092,2020-07-19,Centre,Pennsylvania,42027.0,279,9.0,2.0,,,,0.10099999999999999
270093,2020-07-20,Centre,Pennsylvania,42027.0,288,9.0,9.0,,,,0.0082299998
270094,2020-07-21,Centre,Pennsylvania,42027.0,294,9.0,6.0,,,,0.023600001000000002
270095,2020-07-22,Centre,Pennsylvania,42027.0,299,9.0,5.0,,,,0.094300002
270096,2020-07-23,Centre,Pennsylvania,42027.0,304,9.0,5.0,,,,0.19
270097,2020-07-24,Centre,Pennsylvania,42027.0,306,9.0,2.0,,,,0.145
270098,2020-07-25,Centre,Pennsylvania,42027.0,313,9.0,7.0,,,,0.08990000199999999
270099,2020-07-26,Centre,Pennsylvania,42027.0,356,9.0,43.0,,,,0.111
270100,2020-07-27,Centre,Pennsylvania,42027.0,357,9.0,1.0,,,,0.19499999
270101,2020-07-28,Centre,Pennsylvania,42027.0,365,10.0,8.0,,,,0.18000001
270102,2020-07-29,Centre,Pennsylvania,42027.0,370,10.0,5.0,,,,0.156
270103,2020-07-30,Centre,Pennsylvania,42027.0,353,10.0,-17.0,,,,0.079999998
270104,2020-07-31,Centre,Pennsylvania,42027.0,357,10.0,4.0,,,,0.09269999699999999
270105,2020-08-01,Centre,Pennsylvania,42027.0,354,10.0,-3.0,,,,0.15700001
270106,2020-08-02,Centre,Pennsylvania,42027.0,357,10.0,3.0,,,,0.20299999
270107,2020-08-03,Centre,Pennsylvania,42027.0,358,10.0,1.0,,,,0.154
270108,2020-08-04,Centre,Pennsylvania,42027.0,359,10.0,1.0,,,,0.17
270109,2020-08-05,Centre,Pennsylvania,42027.0,361,10.0,2.0,,,,0.146
270110,2020-08-06,Centre,Pennsylvania,42027.0,364,10.0,3.0,,,,-0.00825
270111,2020-08-07,Centre,Pennsylvania,42027.0,368,10.0,4.0,,,,-0.114
270112,2020-08-08,Centre,Pennsylvania,42027.0,370,10.0,2.0,,,,-0.147
270113,2020-08-09,Centre,Pennsylvania,42027.0,372,10.0,2.0,,,,-0.033300001
270114,2020-08-10,Centre,Pennsylvania,42027.0,372,10.0,0.0,,,,0.11699999999999999
270115,2020-08-11,Centre,Pennsylvania,42027.0,373,10.0,1.0,,,,0.09120000199999999
270116,2020-08-12,Centre,Pennsylvania,42027.0,377,10.0,4.0,,,,0.11699999999999999
270117,2020-08-13,Centre,Pennsylvania,42027.0,380,10.0,3.0,,,,0.107
270118,2020-08-14,Centre,Pennsylvania,42027.0,386,11.0,6.0,,,,0.115
270119,2020-08-15,Centre,Pennsylvania,42027.0,391,11.0,5.0,,,,0.088600002
270120,2020-08-16,Centre,Pennsylvania,42027.0,392,11.0,1.0,,,,-0.043000000999999996
270121,2020-08-17,Centre,Pennsylvania,42027.0,393,11.0,1.0,,,,-0.0372
270122,2020-08-18,Centre,Pennsylvania,42027.0,399,11.0,6.0,,,,0.0275
270123,2020-08-19,Centre,Pennsylvania,42027.0,406,11.0,7.0,,,,0.05739999900000001
270124,2020-08-20,Centre,Pennsylvania,42027.0,407,11.0,1.0,,,,0.222
270125,2020-08-21,Centre,Pennsylvania,42027.0,410,11.0,3.0,,,,0.273
270126,2020-08-22,Centre,Pennsylvania,42027.0,415,11.0,5.0,,,,0.30599999
270127,2020-08-23,Centre,Pennsylvania,42027.0,417,11.0,2.0,,,,0.38699999
270128,2020-08-24,Centre,Pennsylvania,42027.0,423,11.0,6.0,,,,0.28999999
270129,2020-08-25,Centre,Pennsylvania,42027.0,427,11.0,4.0,,,,0.28999999
270130,2020-08-26,Centre,Pennsylvania,42027.0,429,11.0,2.0,,,,0.30399999
270131,2020-08-27,Centre,Pennsylvania,42027.0,433,11.0,4.0,,,,0.28600001
270132,2020-08-28,Centre,Pennsylvania,42027.0,442,11.0,9.0,,,,0.37
270133,2020-08-29,Centre,Pennsylvania,42027.0,462,11.0,20.0,,,,0.38699999
270134,2020-08-30,Centre,Pennsylvania,42027.0,469,11.0,7.0,,,,0.37
270135,2020-08-31,Centre,Pennsylvania,42027.0,486,11.0,17.0,,,,0.38699999
270136,2020-09-01,Centre,Pennsylvania,42027.0,491,11.0,5.0,,,,0.331
270137,2020-09-02,Centre,Pennsylvania,42027.0,538,11.0,47.0,,,,0.30700001
270138,2020-09-03,Centre,Pennsylvania,42027.0,578,11.0,40.0,,,,0.29300001
270139,2020-09-04,Centre,Pennsylvania,42027.0,615,11.0,37.0,,,,0.226
270140,2020-09-05,Centre,Pennsylvania,42027.0,652,11.0,37.0,,,,0.23399999999999999
270141,2020-09-06,Centre,Pennsylvania,42027.0,661,11.0,9.0,,,,0.34200001
270142,2020-09-07,Centre,Pennsylvania,42027.0,674,11.0,13.0,,,,0.23100001
270143,2020-09-08,Centre,Pennsylvania,42027.0,686,11.0,12.0,,,,0.26100001
270144,2020-09-09,Centre,Pennsylvania,42027.0,870,11.0,184.0,,,,0.15099999
270145,2020-09-10,Centre,Pennsylvania,42027.0,925,11.0,55.0,,,,0.09809999900000001
270146,2020-09-11,Centre,Pennsylvania,42027.0,1062,11.0,137.0,,,,0.096199997
270147,2020-09-12,Centre,Pennsylvania,42027.0,1135,11.0,73.0,,,,0.15899999
270148,2020-09-13,Centre,Pennsylvania,42027.0,1135,11.0,0.0,,,,-0.0020600001000000002
270149,2020-09-14,Centre,Pennsylvania,42027.0,1237,11.0,102.0,,,,-0.11900000000000001
270150,2020-09-15,Centre,Pennsylvania,42027.0,1449,11.0,212.0,,,,-0.17200001
270151,2020-09-16,Centre,Pennsylvania,42027.0,1508,11.0,59.0,,,,-0.221
270152,2020-09-17,Centre,Pennsylvania,42027.0,1600,11.0,92.0,,,,-0.18600000000000003
270153,2020-09-18,Centre,Pennsylvania,42027.0,1630,11.0,30.0,,,,-0.242
270154,2020-09-19,Centre,Pennsylvania,42027.0,1727,11.0,97.0,,,,-0.29600000000000004
270155,2020-09-20,Centre,Pennsylvania,42027.0,1799,11.0,72.0,,,,-0.222
270156,2020-09-21,Centre,Pennsylvania,42027.0,1836,11.0,37.0,,,,-0.14300001
270157,2020-09-22,Centre,Pennsylvania,42027.0,2031,11.0,195.0,,,,0.08590000099999999
270158,2020-09-23,Centre,Pennsylvania,42027.0,2078,11.0,47.0,,,,0.15000001
270159,2020-09-24,Centre,Pennsylvania,42027.0,2202,11.0,124.0,,,,0.15099999
270160,2020-09-25,Centre,Pennsylvania,42027.0,2231,11.0,29.0,,,,0.18799999
270161,2020-09-26,Centre,Pennsylvania,42027.0,2393,11.0,162.0,,,,0.30500001
270162,2020-09-27,Centre,Pennsylvania,42027.0,2481,11.0,88.0,,,,0.33299999999999996
270163,2020-09-28,Centre,Pennsylvania,42027.0,2551,11.0,70.0,,,,0.171
270164,2020-09-29,Centre,Pennsylvania,42027.0,2667,11.0,116.0,,,,0.127
270165,2020-09-30,Centre,Pennsylvania,42027.0,2710,11.0,43.0,,,,0.125
270166,2020-10-01,Centre,Pennsylvania,42027.0,2755,11.0,45.0,,,,0.13699999
270167,2020-10-02,Centre,Pennsylvania,42027.0,2854,11.0,99.0,,,,0.182
270168,2020-10-03,Centre,Pennsylvania,42027.0,2854,11.0,0.0,,,,0.155
270169,2020-10-04,Centre,Pennsylvania,42027.0,3024,11.0,170.0,,,,0.094300002
270170,2020-10-05,Centre,Pennsylvania,42027.0,3044,11.0,20.0,,,,0.034000002
270171,2020-10-06,Centre,Pennsylvania,42027.0,3171,11.0,127.0,,,,0.032499999
270172,2020-10-07,Centre,Pennsylvania,42027.0,3197,11.0,26.0,,,,-0.079499997
270173,2020-10-08,Centre,Pennsylvania,42027.0,3291,12.0,94.0,,,,-0.0561
270174,2020-10-09,Centre,Pennsylvania,42027.0,3322,12.0,31.0,,,,0.099699996
270175,2020-10-10,Centre,Pennsylvania,42027.0,3403,13.0,81.0,,,,0.109
270176,2020-10-11,Centre,Pennsylvania,42027.0,3425,13.0,22.0,,,,0.102
270177,2020-10-12,Centre,Pennsylvania,42027.0,3515,13.0,90.0,,,,0.092500001
270178,2020-10-13,Centre,Pennsylvania,42027.0,3545,13.0,30.0,,,,0.16399999999999998
270179,2020-10-14,Centre,Pennsylvania,42027.0,3564,14.0,19.0,,,,0.23199999
270180,2020-10-15,Centre,Pennsylvania,42027.0,3614,14.0,50.0,,,,0.16699999999999998
270181,2020-10-16,Centre,Pennsylvania,42027.0,3650,15.0,36.0,,,,0.055
270182,2020-10-17,Centre,Pennsylvania,42027.0,3687,15.0,37.0,,,,-0.08389999699999999
270183,2020-10-18,Centre,Pennsylvania,42027.0,3699,15.0,12.0,,,,0.0363
270184,2020-10-19,Centre,Pennsylvania,42027.0,3719,15.0,20.0,,,,0.0647
270185,2020-10-20,Centre,Pennsylvania,42027.0,3744,15.0,25.0,,,,-0.0217
270186,2020-10-21,Centre,Pennsylvania,42027.0,3778,15.0,34.0,,,,-0.0082599996
270187,2020-10-22,Centre,Pennsylvania,42027.0,3849,15.0,71.0,,,,0.0019700001
270188,2020-10-23,Centre,Pennsylvania,42027.0,3908,16.0,59.0,,,,0.0019700001
270189,2020-10-24,Centre,Pennsylvania,42027.0,3989,16.0,81.0,,,,-0.11199999999999999
270190,2020-10-25,Centre,Pennsylvania,42027.0,4036,16.0,47.0,,,,-0.23800001
270191,2020-10-26,Centre,Pennsylvania,42027.0,4070,16.0,34.0,,,,-0.25999999
270192,2020-10-27,Centre,Pennsylvania,42027.0,4097,16.0,27.0,,,,-0.149
270193,2020-10-28,Centre,Pennsylvania,42027.0,4138,16.0,41.0,,,,0.052000001
270194,2020-10-29,Centre,Pennsylvania,42027.0,4184,16.0,46.0,,,,0.059099998
270195,2020-10-30,Centre,Pennsylvania,42027.0,4226,17.0,42.0,,,,0.07
270196,2020-10-31,Centre,Pennsylvania,42027.0,4272,18.0,46.0,,,,0.0561
270197,2020-11-01,Centre,Pennsylvania,42027.0,4292,19.0,20.0,,,,0.07299999900000001
270198,2020-11-02,Centre,Pennsylvania,42027.0,4317,19.0,25.0,,,,0.08209999700000001
270199,2020-11-03,Centre,Pennsylvania,42027.0,4356,19.0,39.0,,,,0.017100001
270200,2020-11-04,Centre,Pennsylvania,42027.0,4366,20.0,10.0,,,,-0.31799999
270201,2020-11-05,Centre,Pennsylvania,42027.0,4421,20.0,55.0,,,,-0.31999999
270202,2020-11-06,Centre,Pennsylvania,42027.0,4500,21.0,79.0,,,,-0.29699999
270203,2020-11-07,Centre,Pennsylvania,42027.0,4605,22.0,105.0,,,,-0.252
270204,2020-11-08,Centre,Pennsylvania,42027.0,4620,22.0,15.0,,,,-0.122
270205,2020-11-09,Centre,Pennsylvania,42027.0,4679,22.0,59.0,,,,-0.15800001
270206,2020-11-10,Centre,Pennsylvania,42027.0,4713,22.0,34.0,,,,-0.22499999
270207,2020-11-11,Centre,Pennsylvania,42027.0,4768,23.0,55.0,,,,-0.18700001
270208,2020-11-12,Centre,Pennsylvania,42027.0,4857,23.0,89.0,,,,-0.09749999599999999
270209,2020-11-13,Centre,Pennsylvania,42027.0,4988,23.0,131.0,,,,-0.10400000000000001
270210,2020-11-14,Centre,Pennsylvania,42027.0,5044,23.0,56.0,,,,0.11
270211,2020-11-15,Centre,Pennsylvania,42027.0,5122,24.0,78.0,,,,-0.09629999800000001
270212,2020-11-16,Centre,Pennsylvania,42027.0,5178,24.0,56.0,,,,-0.15899999
270213,2020-11-17,Centre,Pennsylvania,42027.0,5240,24.0,62.0,,,,0.0087299999
270214,2020-11-18,Centre,Pennsylvania,42027.0,5329,25.0,89.0,,,,0.139
270215,2020-11-19,Centre,Pennsylvania,42027.0,5411,28.0,82.0,,,,-0.025599999
270216,2020-11-20,Centre,Pennsylvania,42027.0,5502,33.0,91.0,,,,-0.171
270217,2020-11-21,Centre,Pennsylvania,42027.0,5582,34.0,80.0,,,,-0.27500001
270218,2020-11-22,Centre,Pennsylvania,42027.0,5718,35.0,136.0,,,,-0.20100001
