,date,county,state,fips,cases,deaths,new_cases,emp_combined,emp_combined_inclow,revenue_all,spend_all
270964,2020-03-26,Crawford,Pennsylvania,42039.0,1,0.0,0.0,-0.0309,.,,-0.301
270965,2020-03-27,Crawford,Pennsylvania,42039.0,1,0.0,0.0,-0.0427,.,,-0.373
270966,2020-03-28,Crawford,Pennsylvania,42039.0,2,0.0,1.0,-0.0558,.,,-0.38999999
270967,2020-03-29,Crawford,Pennsylvania,42039.0,3,0.0,1.0,-0.07,.,,-0.39199999
270968,2020-03-30,Crawford,Pennsylvania,42039.0,4,0.0,1.0,-0.0847,.,,-0.34299999
270969,2020-03-31,Crawford,Pennsylvania,42039.0,4,0.0,0.0,-0.0996,.,,-0.273
270970,2020-04-01,Crawford,Pennsylvania,42039.0,5,0.0,1.0,-0.114,.,,-0.26300001
270971,2020-04-02,Crawford,Pennsylvania,42039.0,5,0.0,0.0,-0.128,.,,-0.228
270972,2020-04-03,Crawford,Pennsylvania,42039.0,5,0.0,0.0,-0.14,.,,-0.212
270973,2020-04-04,Crawford,Pennsylvania,42039.0,5,0.0,0.0,-0.151,.,,-0.22699999999999998
270974,2020-04-05,Crawford,Pennsylvania,42039.0,7,0.0,2.0,-0.16,.,,-0.22
270975,2020-04-06,Crawford,Pennsylvania,42039.0,9,0.0,2.0,-0.167,.,,-0.17600000000000002
270976,2020-04-07,Crawford,Pennsylvania,42039.0,8,0.0,-1.0,-0.172,.,,-0.26499999
270977,2020-04-08,Crawford,Pennsylvania,42039.0,8,0.0,0.0,-0.176,.,,-0.30599999
270978,2020-04-09,Crawford,Pennsylvania,42039.0,13,0.0,5.0,-0.179,.,,-0.25600001
270979,2020-04-10,Crawford,Pennsylvania,42039.0,13,0.0,0.0,-0.181,.,,-0.27399999
270980,2020-04-11,Crawford,Pennsylvania,42039.0,15,0.0,2.0,-0.182,.,,-0.292
270981,2020-04-12,Crawford,Pennsylvania,42039.0,15,0.0,0.0,-0.183,.,,-0.31099999
270982,2020-04-13,Crawford,Pennsylvania,42039.0,16,0.0,1.0,-0.184,.,,-0.33500001
270983,2020-04-14,Crawford,Pennsylvania,42039.0,16,0.0,0.0,-0.186,.,,-0.26300001
270984,2020-04-15,Crawford,Pennsylvania,42039.0,16,0.0,0.0,-0.188,.,,-0.161
270985,2020-04-16,Crawford,Pennsylvania,42039.0,16,0.0,0.0,-0.191,.,,-0.19599999
270986,2020-04-17,Crawford,Pennsylvania,42039.0,16,0.0,0.0,-0.195,.,,-0.22
270987,2020-04-18,Crawford,Pennsylvania,42039.0,16,0.0,0.0,-0.201,.,,-0.17600000000000002
270988,2020-04-19,Crawford,Pennsylvania,42039.0,16,0.0,0.0,-0.209,.,,-0.14300001
270989,2020-04-20,Crawford,Pennsylvania,42039.0,16,0.0,0.0,-0.219,.,,-0.149
270990,2020-04-21,Crawford,Pennsylvania,42039.0,17,0.0,1.0,-0.229,.,,-0.204
270991,2020-04-22,Crawford,Pennsylvania,42039.0,17,0.0,0.0,-0.241,.,,-0.25
270992,2020-04-23,Crawford,Pennsylvania,42039.0,19,0.0,2.0,-0.252,.,,-0.24100000000000002
270993,2020-04-24,Crawford,Pennsylvania,42039.0,19,0.0,0.0,-0.263,.,,-0.34799999
270994,2020-04-25,Crawford,Pennsylvania,42039.0,19,0.0,0.0,-0.274,.,,-0.32600001
270995,2020-04-26,Crawford,Pennsylvania,42039.0,19,0.0,0.0,-0.284,.,,-0.315
270996,2020-04-27,Crawford,Pennsylvania,42039.0,19,0.0,0.0,-0.293,.,,-0.32300001
270997,2020-04-28,Crawford,Pennsylvania,42039.0,19,0.0,0.0,-0.301,.,,-0.34200001
270998,2020-04-29,Crawford,Pennsylvania,42039.0,19,0.0,0.0,-0.308,.,,-0.34999999
270999,2020-04-30,Crawford,Pennsylvania,42039.0,19,0.0,0.0,-0.313,.,,-0.294
271000,2020-05-01,Crawford,Pennsylvania,42039.0,19,0.0,0.0,-0.318,.,,-0.22
271001,2020-05-02,Crawford,Pennsylvania,42039.0,19,0.0,0.0,-0.322,.,,-0.25600001
271002,2020-05-03,Crawford,Pennsylvania,42039.0,19,0.0,0.0,-0.324,.,,-0.27900001
271003,2020-05-04,Crawford,Pennsylvania,42039.0,19,0.0,0.0,-0.325,.,,-0.26300001
271004,2020-05-05,Crawford,Pennsylvania,42039.0,19,0.0,0.0,-0.325,.,,-0.27900001
271005,2020-05-06,Crawford,Pennsylvania,42039.0,20,0.0,1.0,-0.324,.,,-0.287
271006,2020-05-07,Crawford,Pennsylvania,42039.0,20,0.0,0.0,-0.322,.,,-0.23600000000000002
271007,2020-05-08,Crawford,Pennsylvania,42039.0,20,0.0,0.0,-0.319,.,,-0.24600001
271008,2020-05-09,Crawford,Pennsylvania,42039.0,20,0.0,0.0,-0.315,.,,-0.25600001
271009,2020-05-10,Crawford,Pennsylvania,42039.0,20,0.0,0.0,-0.311,.,,-0.278
271010,2020-05-11,Crawford,Pennsylvania,42039.0,21,0.0,1.0,-0.305,.,,-0.30000001
271011,2020-05-12,Crawford,Pennsylvania,42039.0,21,0.0,0.0,-0.3,.,,-0.26100001
271012,2020-05-13,Crawford,Pennsylvania,42039.0,21,0.0,0.0,-0.293,.,,-0.27900001
271013,2020-05-14,Crawford,Pennsylvania,42039.0,21,0.0,0.0,-0.287,.,,-0.34200001
271014,2020-05-15,Crawford,Pennsylvania,42039.0,21,0.0,0.0,-0.279,.,,-0.35800001
271015,2020-05-16,Crawford,Pennsylvania,42039.0,21,0.0,0.0,-0.272,.,,-0.46599999
271016,2020-05-17,Crawford,Pennsylvania,42039.0,21,0.0,0.0,-0.264,.,,-0.38999999
271017,2020-05-18,Crawford,Pennsylvania,42039.0,21,0.0,0.0,-0.255,.,,-0.25999999
271018,2020-05-19,Crawford,Pennsylvania,42039.0,21,0.0,0.0,-0.247,.,,-0.12899999
271019,2020-05-20,Crawford,Pennsylvania,42039.0,21,0.0,0.0,-0.239,.,,0.0015300000000000001
271020,2020-05-21,Crawford,Pennsylvania,42039.0,21,0.0,0.0,-0.232,.,,0.132
271021,2020-05-22,Crawford,Pennsylvania,42039.0,21,0.0,0.0,-0.225,.,,0.26300001
271022,2020-05-23,Crawford,Pennsylvania,42039.0,21,0.0,0.0,-0.219,.,,0.38699999
271023,2020-05-24,Crawford,Pennsylvania,42039.0,22,0.0,1.0,-0.214,.,,0.38699999
271024,2020-05-25,Crawford,Pennsylvania,42039.0,22,0.0,0.0,-0.21,.,,0.38699999
271025,2020-05-26,Crawford,Pennsylvania,42039.0,22,0.0,0.0,-0.207,.,,0.38699999
271026,2020-05-27,Crawford,Pennsylvania,42039.0,23,0.0,1.0,-0.204,.,,0.38699999
271027,2020-05-28,Crawford,Pennsylvania,42039.0,23,0.0,0.0,-0.201,.,,0.38699999
271028,2020-05-29,Crawford,Pennsylvania,42039.0,30,0.0,7.0,-0.198,.,,0.38699999
271029,2020-05-30,Crawford,Pennsylvania,42039.0,29,0.0,-1.0,-0.195,.,,0.38699999
271030,2020-05-31,Crawford,Pennsylvania,42039.0,29,0.0,0.0,-0.191,.,,0.38699999
271031,2020-06-01,Crawford,Pennsylvania,42039.0,29,0.0,0.0,-0.187,.,,0.38699999
271032,2020-06-02,Crawford,Pennsylvania,42039.0,29,0.0,0.0,-0.182,.,,0.38699999
271033,2020-06-03,Crawford,Pennsylvania,42039.0,29,0.0,0.0,-0.178,.,,0.38699999
271034,2020-06-04,Crawford,Pennsylvania,42039.0,30,0.0,1.0,-0.174,.,,0.38299999
271035,2020-06-05,Crawford,Pennsylvania,42039.0,30,0.0,0.0,-0.17,.,,0.38699999
271036,2020-06-06,Crawford,Pennsylvania,42039.0,30,0.0,0.0,-0.167,.,,0.38699999
271037,2020-06-07,Crawford,Pennsylvania,42039.0,30,0.0,0.0,-0.165,.,,0.38699999
271038,2020-06-08,Crawford,Pennsylvania,42039.0,30,0.0,0.0,-0.163,.,,0.38699999
271039,2020-06-09,Crawford,Pennsylvania,42039.0,31,0.0,1.0,-0.162,.,,0.38699999
271040,2020-06-10,Crawford,Pennsylvania,42039.0,31,0.0,0.0,-0.16,.,,0.38699999
271041,2020-06-11,Crawford,Pennsylvania,42039.0,32,0.0,1.0,-0.158,.,,0.38699999
271042,2020-06-12,Crawford,Pennsylvania,42039.0,35,0.0,3.0,-0.156,.,,0.38699999
271043,2020-06-13,Crawford,Pennsylvania,42039.0,35,0.0,0.0,-0.153,.,,0.38699999
271044,2020-06-14,Crawford,Pennsylvania,42039.0,36,0.0,1.0,-0.148,.,,0.38699999
271045,2020-06-15,Crawford,Pennsylvania,42039.0,36,0.0,0.0,-0.143,.,,0.38699999
271046,2020-06-16,Crawford,Pennsylvania,42039.0,35,0.0,-1.0,-0.137,.,,0.38699999
271047,2020-06-17,Crawford,Pennsylvania,42039.0,35,0.0,0.0,-0.131,.,,0.38699999
271048,2020-06-18,Crawford,Pennsylvania,42039.0,35,0.0,0.0,-0.124,.,,0.38699999
271049,2020-06-19,Crawford,Pennsylvania,42039.0,38,0.0,3.0,-0.118,.,,0.38699999
271050,2020-06-20,Crawford,Pennsylvania,42039.0,40,0.0,2.0,-0.112,.,,0.38699999
271051,2020-06-21,Crawford,Pennsylvania,42039.0,40,0.0,0.0,-0.107,.,,0.38699999
271052,2020-06-22,Crawford,Pennsylvania,42039.0,42,0.0,2.0,-0.103,.,,0.38699999
271053,2020-06-23,Crawford,Pennsylvania,42039.0,43,0.0,1.0,-0.0998,.,,0.38699999
271054,2020-06-24,Crawford,Pennsylvania,42039.0,48,0.0,5.0,-0.0968,.,,0.38699999
271055,2020-06-25,Crawford,Pennsylvania,42039.0,50,0.0,2.0,-0.0941,.,,0.38699999
271056,2020-06-26,Crawford,Pennsylvania,42039.0,51,0.0,1.0,-0.0915,.,,0.38699999
271057,2020-06-27,Crawford,Pennsylvania,42039.0,53,0.0,2.0,-0.0887,.,,0.368
271058,2020-06-28,Crawford,Pennsylvania,42039.0,53,0.0,0.0,-0.0857,.,,0.38699999
271059,2020-06-29,Crawford,Pennsylvania,42039.0,53,0.0,0.0,-0.0825,.,,0.38699999
271060,2020-06-30,Crawford,Pennsylvania,42039.0,53,0.0,0.0,-0.079,.,,0.38699999
271061,2020-07-01,Crawford,Pennsylvania,42039.0,57,0.0,4.0,-0.0755,.,,0.38499999
271062,2020-07-02,Crawford,Pennsylvania,42039.0,59,0.0,2.0,-0.0718,.,,0.38699999
271063,2020-07-03,Crawford,Pennsylvania,42039.0,62,0.0,3.0,-0.0683,.,,0.38699999
271064,2020-07-04,Crawford,Pennsylvania,42039.0,62,0.0,0.0,-0.065,.,,0.38699999
271065,2020-07-05,Crawford,Pennsylvania,42039.0,66,0.0,4.0,-0.062,.,,0.38699999
271066,2020-07-06,Crawford,Pennsylvania,42039.0,70,0.0,4.0,-0.0596,.,,0.38699999
271067,2020-07-07,Crawford,Pennsylvania,42039.0,72,0.0,2.0,-0.0579,.,,0.38699999
271068,2020-07-08,Crawford,Pennsylvania,42039.0,74,1.0,2.0,-0.0573,.,,0.38699999
271069,2020-07-09,Crawford,Pennsylvania,42039.0,76,1.0,2.0,-0.058,.,,0.38699999
271070,2020-07-10,Crawford,Pennsylvania,42039.0,77,1.0,1.0,-0.0603,.,,0.38699999
271071,2020-07-11,Crawford,Pennsylvania,42039.0,77,1.0,0.0,-0.0642,.,,0.38699999
271072,2020-07-12,Crawford,Pennsylvania,42039.0,77,1.0,0.0,-0.0699,.,,0.38699999
271073,2020-07-13,Crawford,Pennsylvania,42039.0,78,1.0,1.0,-0.0772,.,,0.38699999
271074,2020-07-14,Crawford,Pennsylvania,42039.0,80,1.0,2.0,-0.0857,.,,0.38699999
271075,2020-07-15,Crawford,Pennsylvania,42039.0,101,1.0,21.0,-0.0952,.,,0.38699999
271076,2020-07-16,Crawford,Pennsylvania,42039.0,104,1.0,3.0,-0.105,.,,0.26100001
271077,2020-07-17,Crawford,Pennsylvania,42039.0,105,1.0,1.0,-0.115,.,,0.32600001
271078,2020-07-18,Crawford,Pennsylvania,42039.0,107,1.0,2.0,-0.125,.,,0.30700001
271079,2020-07-19,Crawford,Pennsylvania,42039.0,107,1.0,0.0,-0.135,.,,0.26100001
271080,2020-07-20,Crawford,Pennsylvania,42039.0,109,1.0,2.0,-0.144,.,,0.26100001
271081,2020-07-21,Crawford,Pennsylvania,42039.0,112,1.0,3.0,-0.152,.,,0.33399999
271082,2020-07-22,Crawford,Pennsylvania,42039.0,114,1.0,2.0,-0.16,.,,0.38699999
271083,2020-07-23,Crawford,Pennsylvania,42039.0,114,1.0,0.0,-0.166,.,,0.38699999
271084,2020-07-24,Crawford,Pennsylvania,42039.0,117,1.0,3.0,-0.172,.,,0.38699999
271085,2020-07-25,Crawford,Pennsylvania,42039.0,118,1.0,1.0,-0.177,.,,0.38699999
271086,2020-07-26,Crawford,Pennsylvania,42039.0,118,1.0,0.0,-0.182,.,,0.38699999
271087,2020-07-27,Crawford,Pennsylvania,42039.0,118,1.0,0.0,-0.186,.,,0.38699999
271088,2020-07-28,Crawford,Pennsylvania,42039.0,118,1.0,0.0,-0.189,.,,0.38699999
271089,2020-07-29,Crawford,Pennsylvania,42039.0,120,1.0,2.0,-0.192,.,,0.38699999
271090,2020-07-30,Crawford,Pennsylvania,42039.0,122,1.0,2.0,-0.194,.,,0.38600001
271091,2020-07-31,Crawford,Pennsylvania,42039.0,124,1.0,2.0,-0.197,.,,0.38699999
271092,2020-08-01,Crawford,Pennsylvania,42039.0,126,1.0,2.0,-0.199,.,,0.38699999
271093,2020-08-02,Crawford,Pennsylvania,42039.0,127,1.0,1.0,-0.2,.,,0.38699999
271094,2020-08-03,Crawford,Pennsylvania,42039.0,132,1.0,5.0,-0.202,.,,0.38699999
271095,2020-08-04,Crawford,Pennsylvania,42039.0,133,1.0,1.0,-0.203,.,,0.38699999
271096,2020-08-05,Crawford,Pennsylvania,42039.0,136,1.0,3.0,-0.204,.,,0.38699999
271097,2020-08-06,Crawford,Pennsylvania,42039.0,138,1.0,2.0,-0.205,.,,0.38699999
271098,2020-08-07,Crawford,Pennsylvania,42039.0,139,1.0,1.0,-0.205,.,,0.375
271099,2020-08-08,Crawford,Pennsylvania,42039.0,141,1.0,2.0,-0.204,.,,0.38699999
271100,2020-08-09,Crawford,Pennsylvania,42039.0,144,1.0,3.0,-0.203,.,,0.38699999
271101,2020-08-10,Crawford,Pennsylvania,42039.0,154,1.0,10.0,-0.202,.,,0.38699999
271102,2020-08-11,Crawford,Pennsylvania,42039.0,158,1.0,4.0,-0.2,.,,0.38699999
271103,2020-08-12,Crawford,Pennsylvania,42039.0,162,1.0,4.0,-0.198,.,,0.38699999
271104,2020-08-13,Crawford,Pennsylvania,42039.0,161,1.0,-1.0,-0.195,.,,0.38699999
271105,2020-08-14,Crawford,Pennsylvania,42039.0,165,1.0,4.0,-0.193,.,,0.38699999
271106,2020-08-15,Crawford,Pennsylvania,42039.0,166,1.0,1.0,-0.191,.,,0.38699999
271107,2020-08-16,Crawford,Pennsylvania,42039.0,168,1.0,2.0,-0.189,.,,0.38699999
271108,2020-08-17,Crawford,Pennsylvania,42039.0,169,1.0,1.0,-0.187,.,,0.36000001
271109,2020-08-18,Crawford,Pennsylvania,42039.0,172,1.0,3.0,-0.186,.,,0.38299999
271110,2020-08-19,Crawford,Pennsylvania,42039.0,177,1.0,5.0,-0.186,.,,0.38699999
271111,2020-08-20,Crawford,Pennsylvania,42039.0,178,2.0,1.0,-0.187,.,,0.38699999
271112,2020-08-21,Crawford,Pennsylvania,42039.0,181,2.0,3.0,-0.189,.,,0.38699999
271113,2020-08-22,Crawford,Pennsylvania,42039.0,184,2.0,3.0,-0.192,.,,0.38699999
271114,2020-08-23,Crawford,Pennsylvania,42039.0,186,2.0,2.0,-0.196,.,,0.38699999
271115,2020-08-24,Crawford,Pennsylvania,42039.0,190,2.0,4.0,-0.201,.,,0.38699999
271116,2020-08-25,Crawford,Pennsylvania,42039.0,192,2.0,2.0,-0.206,.,,0.38699999
271117,2020-08-26,Crawford,Pennsylvania,42039.0,193,2.0,1.0,-0.212,.,,0.38699999
271118,2020-08-27,Crawford,Pennsylvania,42039.0,201,2.0,8.0,-0.218,.,,0.38699999
271119,2020-08-28,Crawford,Pennsylvania,42039.0,203,2.0,2.0,-0.223,.,,0.38699999
271120,2020-08-29,Crawford,Pennsylvania,42039.0,209,2.0,6.0,-0.227,.,,0.38699999
271121,2020-08-30,Crawford,Pennsylvania,42039.0,214,2.0,5.0,-0.23,.,,0.38699999
271122,2020-08-31,Crawford,Pennsylvania,42039.0,214,2.0,0.0,-0.233,.,,0.38699999
271123,2020-09-01,Crawford,Pennsylvania,42039.0,217,2.0,3.0,-0.234,.,,0.38699999
271124,2020-09-02,Crawford,Pennsylvania,42039.0,218,2.0,1.0,-0.235,.,,0.38699999
271125,2020-09-03,Crawford,Pennsylvania,42039.0,220,2.0,2.0,-0.235,.,,0.38699999
271126,2020-09-04,Crawford,Pennsylvania,42039.0,222,2.0,2.0,-0.234,.,,0.38699999
271127,2020-09-05,Crawford,Pennsylvania,42039.0,222,2.0,0.0,-0.234,.,,0.38699999
271128,2020-09-06,Crawford,Pennsylvania,42039.0,235,2.0,13.0,-0.233,.,,0.38699999
271129,2020-09-07,Crawford,Pennsylvania,42039.0,236,2.0,1.0,-0.233,.,,0.38699999
271130,2020-09-08,Crawford,Pennsylvania,42039.0,237,2.0,1.0,-0.232,.,,0.38699999
271131,2020-09-09,Crawford,Pennsylvania,42039.0,237,2.0,0.0,-0.231,.,,0.38699999
271132,2020-09-10,Crawford,Pennsylvania,42039.0,241,2.0,4.0,-0.23,.,,0.38699999
271133,2020-09-11,Crawford,Pennsylvania,42039.0,245,2.0,4.0,-0.229,.,,0.38699999
271134,2020-09-12,Crawford,Pennsylvania,42039.0,245,2.0,0.0,-0.228,.,,0.38699999
271135,2020-09-13,Crawford,Pennsylvania,42039.0,245,2.0,0.0,-0.226,.,,0.366
271136,2020-09-14,Crawford,Pennsylvania,42039.0,254,3.0,9.0,-0.224,.,,0.315
271137,2020-09-15,Crawford,Pennsylvania,42039.0,257,3.0,3.0,-0.222,.,,0.27599999
271138,2020-09-16,Crawford,Pennsylvania,42039.0,263,3.0,6.0,-0.22,.,,0.21799999
271139,2020-09-17,Crawford,Pennsylvania,42039.0,283,3.0,20.0,-0.218,.,,0.237
271140,2020-09-18,Crawford,Pennsylvania,42039.0,287,3.0,4.0,-0.217,.,,0.257
271141,2020-09-19,Crawford,Pennsylvania,42039.0,288,3.0,1.0,-0.216,.,,0.271
271142,2020-09-20,Crawford,Pennsylvania,42039.0,291,3.0,3.0,-0.216,.,,0.27700001
271143,2020-09-21,Crawford,Pennsylvania,42039.0,290,3.0,-1.0,-0.216,.,,0.36500001
271144,2020-09-22,Crawford,Pennsylvania,42039.0,293,3.0,3.0,-0.217,.,,0.38699999
271145,2020-09-23,Crawford,Pennsylvania,42039.0,298,3.0,5.0,-0.218,.,,0.37599999
271146,2020-09-24,Crawford,Pennsylvania,42039.0,297,3.0,-1.0,-0.219,.,,0.38699999
271147,2020-09-25,Crawford,Pennsylvania,42039.0,303,3.0,6.0,-0.22,.,,0.38699999
271148,2020-09-26,Crawford,Pennsylvania,42039.0,304,3.0,1.0,-0.22,.,,0.38699999
271149,2020-09-27,Crawford,Pennsylvania,42039.0,305,3.0,1.0,-0.219,.,,0.38699999
271150,2020-09-28,Crawford,Pennsylvania,42039.0,308,3.0,3.0,-0.217,.,,0.38699999
271151,2020-09-29,Crawford,Pennsylvania,42039.0,311,3.0,3.0,-0.215,.,,0.38699999
271152,2020-09-30,Crawford,Pennsylvania,42039.0,316,3.0,5.0,-0.213,.,,0.38699999
271153,2020-10-01,Crawford,Pennsylvania,42039.0,317,3.0,1.0,,,,0.38699999
271154,2020-10-02,Crawford,Pennsylvania,42039.0,321,3.0,4.0,,,,0.38699999
271155,2020-10-03,Crawford,Pennsylvania,42039.0,321,3.0,0.0,,,,0.38699999
271156,2020-10-04,Crawford,Pennsylvania,42039.0,324,3.0,3.0,,,,0.38699999
271157,2020-10-05,Crawford,Pennsylvania,42039.0,330,3.0,6.0,,,,0.38699999
271158,2020-10-06,Crawford,Pennsylvania,42039.0,331,3.0,1.0,,,,0.38699999
271159,2020-10-07,Crawford,Pennsylvania,42039.0,332,3.0,1.0,,,,0.38699999
271160,2020-10-08,Crawford,Pennsylvania,42039.0,334,3.0,2.0,,,,0.38699999
271161,2020-10-09,Crawford,Pennsylvania,42039.0,336,3.0,2.0,,,,0.38699999
271162,2020-10-10,Crawford,Pennsylvania,42039.0,342,3.0,6.0,,,,0.38699999
271163,2020-10-11,Crawford,Pennsylvania,42039.0,345,3.0,3.0,,,,0.37
271164,2020-10-12,Crawford,Pennsylvania,42039.0,355,3.0,10.0,,,,0.37900001
271165,2020-10-13,Crawford,Pennsylvania,42039.0,356,3.0,1.0,,,,0.38699999
271166,2020-10-14,Crawford,Pennsylvania,42039.0,359,3.0,3.0,,,,0.38699999
271167,2020-10-15,Crawford,Pennsylvania,42039.0,366,3.0,7.0,,,,0.38699999
271168,2020-10-16,Crawford,Pennsylvania,42039.0,374,3.0,8.0,,,,0.38699999
271169,2020-10-17,Crawford,Pennsylvania,42039.0,379,3.0,5.0,,,,0.38699999
271170,2020-10-18,Crawford,Pennsylvania,42039.0,386,3.0,7.0,,,,0.38699999
271171,2020-10-19,Crawford,Pennsylvania,42039.0,392,3.0,6.0,,,,0.38699999
271172,2020-10-20,Crawford,Pennsylvania,42039.0,399,3.0,7.0,,,,0.38699999
271173,2020-10-21,Crawford,Pennsylvania,42039.0,417,3.0,18.0,,,,0.324
271174,2020-10-22,Crawford,Pennsylvania,42039.0,431,3.0,14.0,,,,0.37900001
271175,2020-10-23,Crawford,Pennsylvania,42039.0,438,3.0,7.0,,,,0.359
271176,2020-10-24,Crawford,Pennsylvania,42039.0,449,3.0,11.0,,,,0.345
271177,2020-10-25,Crawford,Pennsylvania,42039.0,461,3.0,12.0,,,,0.34400001
271178,2020-10-26,Crawford,Pennsylvania,42039.0,478,3.0,17.0,,,,0.34400001
271179,2020-10-27,Crawford,Pennsylvania,42039.0,490,3.0,12.0,,,,0.38699999
271180,2020-10-28,Crawford,Pennsylvania,42039.0,523,3.0,33.0,,,,0.37099999
271181,2020-10-29,Crawford,Pennsylvania,42039.0,532,3.0,9.0,,,,0.34799999
271182,2020-10-30,Crawford,Pennsylvania,42039.0,561,3.0,29.0,,,,0.38699999
271183,2020-10-31,Crawford,Pennsylvania,42039.0,571,3.0,10.0,,,,0.36500001
271184,2020-11-01,Crawford,Pennsylvania,42039.0,585,3.0,14.0,,,,0.34599999
271185,2020-11-02,Crawford,Pennsylvania,42039.0,598,3.0,13.0,,,,0.36500001
271186,2020-11-03,Crawford,Pennsylvania,42039.0,624,3.0,26.0,,,,0.31600001
271187,2020-11-04,Crawford,Pennsylvania,42039.0,650,4.0,26.0,,,,0.31299999
271188,2020-11-05,Crawford,Pennsylvania,42039.0,668,4.0,18.0,,,,0.37099999
271189,2020-11-06,Crawford,Pennsylvania,42039.0,687,4.0,19.0,,,,0.361
271190,2020-11-07,Crawford,Pennsylvania,42039.0,703,4.0,16.0,,,,0.34
271191,2020-11-08,Crawford,Pennsylvania,42039.0,730,4.0,27.0,,,,0.336
271192,2020-11-09,Crawford,Pennsylvania,42039.0,741,4.0,11.0,,,,0.33000001
271193,2020-11-10,Crawford,Pennsylvania,42039.0,765,4.0,24.0,,,,0.35499999
271194,2020-11-11,Crawford,Pennsylvania,42039.0,813,4.0,48.0,,,,0.36199999
271195,2020-11-12,Crawford,Pennsylvania,42039.0,883,4.0,70.0,,,,0.34
271196,2020-11-13,Crawford,Pennsylvania,42039.0,953,5.0,70.0,,,,0.35600001
271197,2020-11-14,Crawford,Pennsylvania,42039.0,998,5.0,45.0,,,,0.38699999
271198,2020-11-15,Crawford,Pennsylvania,42039.0,1039,5.0,41.0,,,,0.36399999
271199,2020-11-16,Crawford,Pennsylvania,42039.0,1097,5.0,58.0,,,,0.324
271200,2020-11-17,Crawford,Pennsylvania,42039.0,1178,6.0,81.0,,,,0.32699999
271201,2020-11-18,Crawford,Pennsylvania,42039.0,1241,8.0,63.0,,,,0.30599999
271202,2020-11-19,Crawford,Pennsylvania,42039.0,1310,9.0,69.0,,,,0.27500001
271203,2020-11-20,Crawford,Pennsylvania,42039.0,1362,10.0,52.0,,,,0.264
271204,2020-11-21,Crawford,Pennsylvania,42039.0,1420,11.0,58.0,,,,0.22400001
271205,2020-11-22,Crawford,Pennsylvania,42039.0,1470,12.0,50.0,,,,0.23199999
