,date,county,state,fips,cases,deaths,new_cases,emp_combined,emp_combined_inclow,revenue_all,spend_all
273424,2020-03-26,Indiana,Pennsylvania,42063.0,1,0.0,0.0,-0.0535,.,,-0.22699999999999998
273425,2020-03-27,Indiana,Pennsylvania,42063.0,2,0.0,1.0,-0.0599,.,,-0.23800001
273426,2020-03-28,Indiana,Pennsylvania,42063.0,2,0.0,0.0,-0.0657,.,,-0.25299999
273427,2020-03-29,Indiana,Pennsylvania,42063.0,2,0.0,0.0,-0.0709,.,,-0.26199999
273428,2020-03-30,Indiana,Pennsylvania,42063.0,2,0.0,0.0,-0.0757,.,,-0.278
273429,2020-03-31,Indiana,Pennsylvania,42063.0,6,0.0,4.0,-0.08,.,,-0.25999999
273430,2020-04-01,Indiana,Pennsylvania,42063.0,6,0.0,0.0,-0.0839,.,,-0.204
273431,2020-04-02,Indiana,Pennsylvania,42063.0,6,0.0,0.0,-0.0876,.,,-0.214
273432,2020-04-03,Indiana,Pennsylvania,42063.0,7,0.0,1.0,-0.0911,.,,-0.228
273433,2020-04-04,Indiana,Pennsylvania,42063.0,9,0.0,2.0,-0.0945,.,,-0.20600000000000002
273434,2020-04-05,Indiana,Pennsylvania,42063.0,13,0.0,4.0,-0.098,.,,-0.20800000000000002
273435,2020-04-06,Indiana,Pennsylvania,42063.0,17,0.0,4.0,-0.101,.,,-0.17200001
273436,2020-04-07,Indiana,Pennsylvania,42063.0,21,0.0,4.0,-0.105,.,,-0.16699999999999998
273437,2020-04-08,Indiana,Pennsylvania,42063.0,21,0.0,0.0,-0.109,.,,-0.23999999
273438,2020-04-09,Indiana,Pennsylvania,42063.0,21,0.0,0.0,-0.112,.,,-0.20200001
273439,2020-04-10,Indiana,Pennsylvania,42063.0,26,0.0,5.0,-0.115,.,,-0.156
273440,2020-04-11,Indiana,Pennsylvania,42063.0,40,0.0,14.0,-0.118,.,,-0.198
273441,2020-04-12,Indiana,Pennsylvania,42063.0,40,0.0,0.0,-0.12,.,,-0.294
273442,2020-04-13,Indiana,Pennsylvania,42063.0,43,0.0,3.0,-0.122,.,,-0.33700001
273443,2020-04-14,Indiana,Pennsylvania,42063.0,43,0.0,0.0,-0.123,.,,-0.22499999
273444,2020-04-15,Indiana,Pennsylvania,42063.0,43,1.0,0.0,-0.123,.,,-0.191
273445,2020-04-16,Indiana,Pennsylvania,42063.0,44,2.0,1.0,-0.123,.,,-0.062899999
273446,2020-04-17,Indiana,Pennsylvania,42063.0,45,3.0,1.0,-0.123,.,,-0.142
273447,2020-04-18,Indiana,Pennsylvania,42063.0,47,4.0,2.0,-0.123,.,,-0.13699999
273448,2020-04-19,Indiana,Pennsylvania,42063.0,51,4.0,4.0,-0.122,.,,-0.053199999000000005
273449,2020-04-20,Indiana,Pennsylvania,42063.0,53,4.0,2.0,-0.122,.,,0.0265
273450,2020-04-21,Indiana,Pennsylvania,42063.0,55,4.0,2.0,-0.121,.,,-0.07980000200000001
273451,2020-04-22,Indiana,Pennsylvania,42063.0,56,4.0,1.0,-0.12,.,,-0.15800001
273452,2020-04-23,Indiana,Pennsylvania,42063.0,59,4.0,3.0,-0.119,.,,-0.106
273453,2020-04-24,Indiana,Pennsylvania,42063.0,62,4.0,3.0,-0.118,.,,-0.20800000000000002
273454,2020-04-25,Indiana,Pennsylvania,42063.0,63,4.0,1.0,-0.117,.,,-0.156
273455,2020-04-26,Indiana,Pennsylvania,42063.0,63,4.0,0.0,-0.115,.,,-0.146
273456,2020-04-27,Indiana,Pennsylvania,42063.0,63,4.0,0.0,-0.114,.,,-0.138
273457,2020-04-28,Indiana,Pennsylvania,42063.0,62,4.0,-1.0,-0.112,.,,-0.17399999
273458,2020-04-29,Indiana,Pennsylvania,42063.0,63,4.0,1.0,-0.11,.,,-0.2
273459,2020-04-30,Indiana,Pennsylvania,42063.0,63,4.0,0.0,-0.107,.,,-0.122
273460,2020-05-01,Indiana,Pennsylvania,42063.0,63,4.0,0.0,-0.104,.,,-0.0735
273461,2020-05-02,Indiana,Pennsylvania,42063.0,63,4.0,0.0,-0.1,.,,-0.11699999999999999
273462,2020-05-03,Indiana,Pennsylvania,42063.0,69,4.0,6.0,-0.0963,.,,-0.10400000000000001
273463,2020-05-04,Indiana,Pennsylvania,42063.0,70,4.0,1.0,-0.0916,.,,-0.105
273464,2020-05-05,Indiana,Pennsylvania,42063.0,74,5.0,4.0,-0.0867,.,,-0.09239999900000001
273465,2020-05-06,Indiana,Pennsylvania,42063.0,75,5.0,1.0,-0.0818,.,,-0.094499998
273466,2020-05-07,Indiana,Pennsylvania,42063.0,75,5.0,0.0,-0.0769,.,,-0.11900000000000001
273467,2020-05-08,Indiana,Pennsylvania,42063.0,75,5.0,0.0,-0.0724,.,,-0.13500001
273468,2020-05-09,Indiana,Pennsylvania,42063.0,76,5.0,1.0,-0.0683,.,,-0.107
273469,2020-05-10,Indiana,Pennsylvania,42063.0,76,5.0,0.0,-0.0648,.,,-0.10400000000000001
273470,2020-05-11,Indiana,Pennsylvania,42063.0,76,5.0,0.0,-0.0619,.,,-0.161
273471,2020-05-12,Indiana,Pennsylvania,42063.0,76,5.0,0.0,-0.0593,.,,-0.154
273472,2020-05-13,Indiana,Pennsylvania,42063.0,78,5.0,2.0,-0.0572,.,,-0.12
273473,2020-05-14,Indiana,Pennsylvania,42063.0,82,5.0,4.0,-0.0554,.,,-0.111
273474,2020-05-15,Indiana,Pennsylvania,42063.0,84,6.0,2.0,-0.0536,.,,-0.102
273475,2020-05-16,Indiana,Pennsylvania,42063.0,84,6.0,0.0,-0.052,.,,-0.114
273476,2020-05-17,Indiana,Pennsylvania,42063.0,84,6.0,0.0,-0.0503,.,,-0.069300003
273477,2020-05-18,Indiana,Pennsylvania,42063.0,84,4.0,0.0,-0.0487,.,,0.07540000200000001
273478,2020-05-19,Indiana,Pennsylvania,42063.0,86,4.0,2.0,-0.047,.,,0.22
273479,2020-05-20,Indiana,Pennsylvania,42063.0,86,4.0,0.0,-0.0453,.,,0.36500001
273480,2020-05-21,Indiana,Pennsylvania,42063.0,88,4.0,2.0,-0.0437,.,,0.38699999
273481,2020-05-22,Indiana,Pennsylvania,42063.0,89,4.0,1.0,-0.0421,.,,0.38699999
273482,2020-05-23,Indiana,Pennsylvania,42063.0,89,5.0,0.0,-0.0406,.,,0.38699999
273483,2020-05-24,Indiana,Pennsylvania,42063.0,89,5.0,0.0,-0.0392,.,,0.38699999
273484,2020-05-25,Indiana,Pennsylvania,42063.0,89,5.0,0.0,-0.0378,.,,0.38699999
273485,2020-05-26,Indiana,Pennsylvania,42063.0,89,5.0,0.0,-0.0366,.,,0.38699999
273486,2020-05-27,Indiana,Pennsylvania,42063.0,90,5.0,1.0,-0.0353,.,,0.38699999
273487,2020-05-28,Indiana,Pennsylvania,42063.0,90,5.0,0.0,-0.0341,.,,0.38699999
273488,2020-05-29,Indiana,Pennsylvania,42063.0,90,5.0,0.0,-0.0329,.,,0.38699999
273489,2020-05-30,Indiana,Pennsylvania,42063.0,91,5.0,1.0,-0.0317,.,,0.38699999
273490,2020-05-31,Indiana,Pennsylvania,42063.0,91,5.0,0.0,-0.0305,.,,0.38699999
273491,2020-06-01,Indiana,Pennsylvania,42063.0,91,5.0,0.0,-0.0293,.,,0.38699999
273492,2020-06-02,Indiana,Pennsylvania,42063.0,91,5.0,0.0,-0.0281,.,,0.38699999
273493,2020-06-03,Indiana,Pennsylvania,42063.0,91,5.0,0.0,-0.0269,.,,0.38699999
273494,2020-06-04,Indiana,Pennsylvania,42063.0,91,5.0,0.0,-0.0257,.,,0.38699999
273495,2020-06-05,Indiana,Pennsylvania,42063.0,91,5.0,0.0,-0.0246,.,,0.38699999
273496,2020-06-06,Indiana,Pennsylvania,42063.0,91,5.0,0.0,-0.0234,.,,0.38699999
273497,2020-06-07,Indiana,Pennsylvania,42063.0,92,5.0,1.0,-0.0222,.,,0.38699999
273498,2020-06-08,Indiana,Pennsylvania,42063.0,92,5.0,0.0,-0.0211,.,,0.38699999
273499,2020-06-09,Indiana,Pennsylvania,42063.0,92,5.0,0.0,-0.02,.,,0.38699999
273500,2020-06-10,Indiana,Pennsylvania,42063.0,92,5.0,0.0,-0.019,.,,0.38699999
273501,2020-06-11,Indiana,Pennsylvania,42063.0,92,5.0,0.0,-0.018,.,,0.38699999
273502,2020-06-12,Indiana,Pennsylvania,42063.0,93,5.0,1.0,-0.0172,.,,0.38699999
273503,2020-06-13,Indiana,Pennsylvania,42063.0,93,5.0,0.0,-0.0167,.,,0.38699999
273504,2020-06-14,Indiana,Pennsylvania,42063.0,93,5.0,0.0,-0.0163,.,,0.38699999
273505,2020-06-15,Indiana,Pennsylvania,42063.0,93,5.0,0.0,-0.0161,.,,0.38699999
273506,2020-06-16,Indiana,Pennsylvania,42063.0,95,5.0,2.0,-0.016,.,,0.38699999
273507,2020-06-17,Indiana,Pennsylvania,42063.0,95,5.0,0.0,-0.016,.,,0.38699999
273508,2020-06-18,Indiana,Pennsylvania,42063.0,97,5.0,2.0,-0.0162,.,,0.38699999
273509,2020-06-19,Indiana,Pennsylvania,42063.0,98,5.0,1.0,-0.0165,.,,0.38699999
273510,2020-06-20,Indiana,Pennsylvania,42063.0,98,5.0,0.0,-0.0167,.,,0.38699999
273511,2020-06-21,Indiana,Pennsylvania,42063.0,98,5.0,0.0,-0.0171,.,,0.38699999
273512,2020-06-22,Indiana,Pennsylvania,42063.0,98,5.0,0.0,-0.0175,.,,0.38699999
273513,2020-06-23,Indiana,Pennsylvania,42063.0,98,5.0,0.0,-0.0179,.,,0.38699999
273514,2020-06-24,Indiana,Pennsylvania,42063.0,98,6.0,0.0,-0.0184,.,,0.38699999
273515,2020-06-25,Indiana,Pennsylvania,42063.0,101,6.0,3.0,-0.0188,.,,0.38699999
273516,2020-06-26,Indiana,Pennsylvania,42063.0,101,6.0,0.0,-0.019,.,,0.38699999
273517,2020-06-27,Indiana,Pennsylvania,42063.0,101,6.0,0.0,-0.0191,.,,0.38699999
273518,2020-06-28,Indiana,Pennsylvania,42063.0,102,6.0,1.0,-0.019,.,,0.38699999
273519,2020-06-29,Indiana,Pennsylvania,42063.0,104,6.0,2.0,-0.0189,.,,0.38699999
273520,2020-06-30,Indiana,Pennsylvania,42063.0,108,6.0,4.0,-0.0187,.,,0.38699999
273521,2020-07-01,Indiana,Pennsylvania,42063.0,111,6.0,3.0,-0.0185,.,,0.38699999
273522,2020-07-02,Indiana,Pennsylvania,42063.0,112,6.0,1.0,-0.0182,.,,0.38699999
273523,2020-07-03,Indiana,Pennsylvania,42063.0,114,6.0,2.0,-0.0181,.,,0.38699999
273524,2020-07-04,Indiana,Pennsylvania,42063.0,114,6.0,0.0,-0.018,.,,0.38699999
273525,2020-07-05,Indiana,Pennsylvania,42063.0,114,6.0,0.0,-0.0181,.,,0.38699999
273526,2020-07-06,Indiana,Pennsylvania,42063.0,114,6.0,0.0,-0.0182,.,,0.38699999
273527,2020-07-07,Indiana,Pennsylvania,42063.0,116,6.0,2.0,-0.0183,.,,0.38699999
273528,2020-07-08,Indiana,Pennsylvania,42063.0,119,6.0,3.0,-0.0183,.,,0.38699999
273529,2020-07-09,Indiana,Pennsylvania,42063.0,121,6.0,2.0,-0.0184,.,,0.38699999
273530,2020-07-10,Indiana,Pennsylvania,42063.0,121,6.0,0.0,-0.0184,.,,0.38699999
273531,2020-07-11,Indiana,Pennsylvania,42063.0,141,6.0,20.0,-0.0182,.,,0.38699999
273532,2020-07-12,Indiana,Pennsylvania,42063.0,150,6.0,9.0,-0.018,.,,0.38699999
273533,2020-07-13,Indiana,Pennsylvania,42063.0,156,6.0,6.0,-0.0177,.,,0.38699999
273534,2020-07-14,Indiana,Pennsylvania,42063.0,169,6.0,13.0,-0.0173,.,,0.38699999
273535,2020-07-15,Indiana,Pennsylvania,42063.0,168,6.0,-1.0,-0.0169,.,,0.38699999
273536,2020-07-16,Indiana,Pennsylvania,42063.0,174,6.0,6.0,-0.0165,.,,0.38699999
273537,2020-07-17,Indiana,Pennsylvania,42063.0,176,6.0,2.0,-0.016,.,,0.38699999
273538,2020-07-18,Indiana,Pennsylvania,42063.0,178,6.0,2.0,-0.0155,.,,0.38699999
273539,2020-07-19,Indiana,Pennsylvania,42063.0,179,6.0,1.0,-0.0151,.,,0.38699999
273540,2020-07-20,Indiana,Pennsylvania,42063.0,180,6.0,1.0,-0.0147,.,,0.38699999
273541,2020-07-21,Indiana,Pennsylvania,42063.0,181,6.0,1.0,-0.0144,.,,0.38699999
273542,2020-07-22,Indiana,Pennsylvania,42063.0,185,6.0,4.0,-0.0141,.,,0.38699999
273543,2020-07-23,Indiana,Pennsylvania,42063.0,186,6.0,1.0,-0.014,.,,0.38699999
273544,2020-07-24,Indiana,Pennsylvania,42063.0,193,6.0,7.0,-0.0141,.,,0.38699999
273545,2020-07-25,Indiana,Pennsylvania,42063.0,206,6.0,13.0,-0.0143,.,,0.38699999
273546,2020-07-26,Indiana,Pennsylvania,42063.0,218,6.0,12.0,-0.0147,.,,0.38699999
273547,2020-07-27,Indiana,Pennsylvania,42063.0,223,6.0,5.0,-0.0152,.,,0.38699999
273548,2020-07-28,Indiana,Pennsylvania,42063.0,234,6.0,11.0,-0.0159,.,,0.38699999
273549,2020-07-29,Indiana,Pennsylvania,42063.0,241,6.0,7.0,-0.0166,.,,0.38699999
273550,2020-07-30,Indiana,Pennsylvania,42063.0,250,6.0,9.0,-0.0174,.,,0.38699999
273551,2020-07-31,Indiana,Pennsylvania,42063.0,256,6.0,6.0,-0.0181,.,,0.38699999
273552,2020-08-01,Indiana,Pennsylvania,42063.0,265,6.0,9.0,-0.0186,.,,0.38699999
273553,2020-08-02,Indiana,Pennsylvania,42063.0,272,6.0,7.0,-0.019,.,,0.38699999
273554,2020-08-03,Indiana,Pennsylvania,42063.0,275,6.0,3.0,-0.0194,.,,0.38699999
273555,2020-08-04,Indiana,Pennsylvania,42063.0,279,6.0,4.0,-0.0197,.,,0.38699999
273556,2020-08-05,Indiana,Pennsylvania,42063.0,283,6.0,4.0,-0.0199,.,,0.38699999
273557,2020-08-06,Indiana,Pennsylvania,42063.0,297,6.0,14.0,-0.0201,.,,0.38699999
273558,2020-08-07,Indiana,Pennsylvania,42063.0,309,6.0,12.0,-0.0201,.,,0.38699999
273559,2020-08-08,Indiana,Pennsylvania,42063.0,313,6.0,4.0,-0.0201,.,,0.38699999
273560,2020-08-09,Indiana,Pennsylvania,42063.0,320,6.0,7.0,-0.0201,.,,0.38699999
273561,2020-08-10,Indiana,Pennsylvania,42063.0,322,6.0,2.0,-0.02,.,,0.38699999
273562,2020-08-11,Indiana,Pennsylvania,42063.0,326,7.0,4.0,-0.02,.,,0.38699999
273563,2020-08-12,Indiana,Pennsylvania,42063.0,335,7.0,9.0,-0.02,.,,0.38699999
273564,2020-08-13,Indiana,Pennsylvania,42063.0,343,7.0,8.0,-0.02,.,,0.38699999
273565,2020-08-14,Indiana,Pennsylvania,42063.0,351,7.0,8.0,-0.0189,.,,0.38699999
273566,2020-08-15,Indiana,Pennsylvania,42063.0,356,8.0,5.0,-0.0179,.,,0.38699999
273567,2020-08-16,Indiana,Pennsylvania,42063.0,358,8.0,2.0,-0.017,.,,0.38699999
273568,2020-08-17,Indiana,Pennsylvania,42063.0,359,8.0,1.0,-0.0163,.,,0.38699999
273569,2020-08-18,Indiana,Pennsylvania,42063.0,359,8.0,0.0,-0.0158,.,,0.38699999
273570,2020-08-19,Indiana,Pennsylvania,42063.0,374,8.0,15.0,-0.0156,.,,0.38699999
273571,2020-08-20,Indiana,Pennsylvania,42063.0,382,9.0,8.0,-0.0157,.,,0.38699999
273572,2020-08-21,Indiana,Pennsylvania,42063.0,388,9.0,6.0,-0.0175,.,,0.38699999
273573,2020-08-22,Indiana,Pennsylvania,42063.0,396,9.0,8.0,-0.0197,.,,0.38699999
273574,2020-08-23,Indiana,Pennsylvania,42063.0,399,9.0,3.0,-0.0224,.,,0.38699999
273575,2020-08-24,Indiana,Pennsylvania,42063.0,400,9.0,1.0,-0.0253,.,,0.38699999
273576,2020-08-25,Indiana,Pennsylvania,42063.0,404,9.0,4.0,-0.0284,.,,0.38699999
273577,2020-08-26,Indiana,Pennsylvania,42063.0,411,10.0,7.0,-0.0315,.,,0.38699999
273578,2020-08-27,Indiana,Pennsylvania,42063.0,412,10.0,1.0,-0.0344,.,,0.38699999
273579,2020-08-28,Indiana,Pennsylvania,42063.0,418,10.0,6.0,-0.037,.,,0.38699999
273580,2020-08-29,Indiana,Pennsylvania,42063.0,419,10.0,1.0,-0.0392,.,,0.38699999
273581,2020-08-30,Indiana,Pennsylvania,42063.0,426,10.0,7.0,-0.0409,.,,0.38699999
273582,2020-08-31,Indiana,Pennsylvania,42063.0,427,10.0,1.0,-0.042,.,,0.38699999
273583,2020-09-01,Indiana,Pennsylvania,42063.0,430,10.0,3.0,-0.0427,.,,0.38699999
273584,2020-09-02,Indiana,Pennsylvania,42063.0,440,10.0,10.0,-0.043,.,,0.38699999
273585,2020-09-03,Indiana,Pennsylvania,42063.0,445,10.0,5.0,-0.043,.,,0.38699999
273586,2020-09-04,Indiana,Pennsylvania,42063.0,456,10.0,11.0,-0.0427,.,,0.38699999
273587,2020-09-05,Indiana,Pennsylvania,42063.0,457,10.0,1.0,-0.0422,.,,0.38699999
273588,2020-09-06,Indiana,Pennsylvania,42063.0,462,10.0,5.0,-0.0414,.,,0.38699999
273589,2020-09-07,Indiana,Pennsylvania,42063.0,469,11.0,7.0,-0.0404,.,,0.38699999
273590,2020-09-08,Indiana,Pennsylvania,42063.0,472,11.0,3.0,-0.0393,.,,0.38699999
273591,2020-09-09,Indiana,Pennsylvania,42063.0,479,11.0,7.0,-0.0381,.,,0.38699999
273592,2020-09-10,Indiana,Pennsylvania,42063.0,485,11.0,6.0,-0.037,.,,0.38699999
273593,2020-09-11,Indiana,Pennsylvania,42063.0,505,11.0,20.0,-0.036,.,,0.38699999
273594,2020-09-12,Indiana,Pennsylvania,42063.0,523,11.0,18.0,-0.0351,.,,0.38699999
273595,2020-09-13,Indiana,Pennsylvania,42063.0,523,11.0,0.0,-0.0344,.,,0.38699999
273596,2020-09-14,Indiana,Pennsylvania,42063.0,534,11.0,11.0,-0.034,.,,0.38699999
273597,2020-09-15,Indiana,Pennsylvania,42063.0,553,11.0,19.0,-0.0337,.,,0.38699999
273598,2020-09-16,Indiana,Pennsylvania,42063.0,568,12.0,15.0,-0.0334,.,,0.38699999
273599,2020-09-17,Indiana,Pennsylvania,42063.0,596,12.0,28.0,-0.0331,.,,0.38699999
273600,2020-09-18,Indiana,Pennsylvania,42063.0,605,12.0,9.0,-0.0326,.,,0.38699999
273601,2020-09-19,Indiana,Pennsylvania,42063.0,611,12.0,6.0,-0.032,.,,0.38699999
273602,2020-09-20,Indiana,Pennsylvania,42063.0,632,12.0,21.0,-0.0311,.,,0.38699999
273603,2020-09-21,Indiana,Pennsylvania,42063.0,642,12.0,10.0,-0.0302,.,,0.38699999
273604,2020-09-22,Indiana,Pennsylvania,42063.0,653,12.0,11.0,-0.0293,.,,0.38699999
273605,2020-09-23,Indiana,Pennsylvania,42063.0,668,12.0,15.0,-0.0286,.,,0.38699999
273606,2020-09-24,Indiana,Pennsylvania,42063.0,684,12.0,16.0,-0.028,.,,0.38699999
273607,2020-09-25,Indiana,Pennsylvania,42063.0,692,12.0,8.0,-0.0278,.,,0.38699999
273608,2020-09-26,Indiana,Pennsylvania,42063.0,699,12.0,7.0,-0.0278,.,,0.38699999
273609,2020-09-27,Indiana,Pennsylvania,42063.0,707,12.0,8.0,-0.028,.,,0.38699999
273610,2020-09-28,Indiana,Pennsylvania,42063.0,717,12.0,10.0,-0.0284,.,,0.38699999
273611,2020-09-29,Indiana,Pennsylvania,42063.0,730,12.0,13.0,-0.0289,.,,0.38699999
273612,2020-09-30,Indiana,Pennsylvania,42063.0,737,12.0,7.0,-0.0294,.,,0.38699999
273613,2020-10-01,Indiana,Pennsylvania,42063.0,740,12.0,3.0,,,,0.38699999
273614,2020-10-02,Indiana,Pennsylvania,42063.0,754,12.0,14.0,,,,0.38699999
273615,2020-10-03,Indiana,Pennsylvania,42063.0,754,12.0,0.0,,,,0.38699999
273616,2020-10-04,Indiana,Pennsylvania,42063.0,780,12.0,26.0,,,,0.38699999
273617,2020-10-05,Indiana,Pennsylvania,42063.0,791,12.0,11.0,,,,0.38699999
273618,2020-10-06,Indiana,Pennsylvania,42063.0,797,12.0,6.0,,,,0.38699999
273619,2020-10-07,Indiana,Pennsylvania,42063.0,813,12.0,16.0,,,,0.38699999
273620,2020-10-08,Indiana,Pennsylvania,42063.0,819,13.0,6.0,,,,0.38699999
273621,2020-10-09,Indiana,Pennsylvania,42063.0,843,14.0,24.0,,,,0.38699999
273622,2020-10-10,Indiana,Pennsylvania,42063.0,854,14.0,11.0,,,,0.38699999
273623,2020-10-11,Indiana,Pennsylvania,42063.0,864,14.0,10.0,,,,0.38699999
273624,2020-10-12,Indiana,Pennsylvania,42063.0,875,14.0,11.0,,,,0.38699999
273625,2020-10-13,Indiana,Pennsylvania,42063.0,883,14.0,8.0,,,,0.38699999
273626,2020-10-14,Indiana,Pennsylvania,42063.0,896,14.0,13.0,,,,0.38699999
273627,2020-10-15,Indiana,Pennsylvania,42063.0,906,14.0,10.0,,,,0.38699999
273628,2020-10-16,Indiana,Pennsylvania,42063.0,928,14.0,22.0,,,,0.38699999
273629,2020-10-17,Indiana,Pennsylvania,42063.0,939,14.0,11.0,,,,0.38699999
273630,2020-10-18,Indiana,Pennsylvania,42063.0,945,14.0,6.0,,,,0.38699999
273631,2020-10-19,Indiana,Pennsylvania,42063.0,954,14.0,9.0,,,,0.38699999
273632,2020-10-20,Indiana,Pennsylvania,42063.0,966,14.0,12.0,,,,0.38699999
273633,2020-10-21,Indiana,Pennsylvania,42063.0,973,15.0,7.0,,,,0.38699999
273634,2020-10-22,Indiana,Pennsylvania,42063.0,994,16.0,21.0,,,,0.38699999
273635,2020-10-23,Indiana,Pennsylvania,42063.0,1028,16.0,34.0,,,,0.38699999
273636,2020-10-24,Indiana,Pennsylvania,42063.0,1051,16.0,23.0,,,,0.38699999
273637,2020-10-25,Indiana,Pennsylvania,42063.0,1073,16.0,22.0,,,,0.38699999
273638,2020-10-26,Indiana,Pennsylvania,42063.0,1080,16.0,7.0,,,,0.38699999
273639,2020-10-27,Indiana,Pennsylvania,42063.0,1087,16.0,7.0,,,,0.38699999
273640,2020-10-28,Indiana,Pennsylvania,42063.0,1109,16.0,22.0,,,,0.38699999
273641,2020-10-29,Indiana,Pennsylvania,42063.0,1138,17.0,29.0,,,,0.38699999
273642,2020-10-30,Indiana,Pennsylvania,42063.0,1170,17.0,32.0,,,,0.38699999
273643,2020-10-31,Indiana,Pennsylvania,42063.0,1197,17.0,27.0,,,,0.38699999
273644,2020-11-01,Indiana,Pennsylvania,42063.0,1222,17.0,25.0,,,,0.38699999
273645,2020-11-02,Indiana,Pennsylvania,42063.0,1245,17.0,23.0,,,,0.38699999
273646,2020-11-03,Indiana,Pennsylvania,42063.0,1263,17.0,18.0,,,,0.38699999
273647,2020-11-04,Indiana,Pennsylvania,42063.0,1281,17.0,18.0,,,,0.38699999
273648,2020-11-05,Indiana,Pennsylvania,42063.0,1350,17.0,69.0,,,,0.38699999
273649,2020-11-06,Indiana,Pennsylvania,42063.0,1391,19.0,41.0,,,,0.38699999
273650,2020-11-07,Indiana,Pennsylvania,42063.0,1422,19.0,31.0,,,,0.38699999
273651,2020-11-08,Indiana,Pennsylvania,42063.0,1453,19.0,31.0,,,,0.38699999
273652,2020-11-09,Indiana,Pennsylvania,42063.0,1474,19.0,21.0,,,,0.38699999
273653,2020-11-10,Indiana,Pennsylvania,42063.0,1521,20.0,47.0,,,,0.38699999
273654,2020-11-11,Indiana,Pennsylvania,42063.0,1578,21.0,57.0,,,,0.38699999
273655,2020-11-12,Indiana,Pennsylvania,42063.0,1631,22.0,53.0,,,,0.38699999
273656,2020-11-13,Indiana,Pennsylvania,42063.0,1682,23.0,51.0,,,,0.38699999
273657,2020-11-14,Indiana,Pennsylvania,42063.0,1727,24.0,45.0,,,,0.38699999
273658,2020-11-15,Indiana,Pennsylvania,42063.0,1775,24.0,48.0,,,,0.38699999
273659,2020-11-16,Indiana,Pennsylvania,42063.0,1828,25.0,53.0,,,,0.38699999
273660,2020-11-17,Indiana,Pennsylvania,42063.0,1861,26.0,33.0,,,,0.38699999
273661,2020-11-18,Indiana,Pennsylvania,42063.0,1936,27.0,75.0,,,,0.38699999
273662,2020-11-19,Indiana,Pennsylvania,42063.0,1998,29.0,62.0,,,,0.38699999
273663,2020-11-20,Indiana,Pennsylvania,42063.0,2062,31.0,64.0,,,,0.38699999
273664,2020-11-21,Indiana,Pennsylvania,42063.0,2132,31.0,70.0,,,,0.38699999
273665,2020-11-22,Indiana,Pennsylvania,42063.0,2171,31.0,39.0,,,,0.38699999
