,date,county,state,fips,cases,deaths,new_cases,emp_combined,emp_combined_inclow,revenue_all,spend_all
273184,2020-03-28,Huntingdon,Pennsylvania,42061.0,1,0.0,0.0,,,,-0.34599999
273185,2020-03-29,Huntingdon,Pennsylvania,42061.0,1,0.0,0.0,,,,-0.34400001
273186,2020-03-30,Huntingdon,Pennsylvania,42061.0,1,0.0,0.0,,,,-0.31200001
273187,2020-03-31,Huntingdon,Pennsylvania,42061.0,1,0.0,0.0,,,,-0.32100001
273188,2020-04-01,Huntingdon,Pennsylvania,42061.0,1,0.0,0.0,,,,-0.26300001
273189,2020-04-02,Huntingdon,Pennsylvania,42061.0,2,0.0,1.0,,,,-0.27700001
273190,2020-04-03,Huntingdon,Pennsylvania,42061.0,3,0.0,1.0,,,,-0.33399999
273191,2020-04-04,Huntingdon,Pennsylvania,42061.0,4,0.0,1.0,,,,-0.31799999
273192,2020-04-05,Huntingdon,Pennsylvania,42061.0,4,0.0,0.0,,,,-0.294
273193,2020-04-06,Huntingdon,Pennsylvania,42061.0,4,0.0,0.0,,,,-0.292
273194,2020-04-07,Huntingdon,Pennsylvania,42061.0,5,0.0,1.0,,,,-0.25799999
273195,2020-04-08,Huntingdon,Pennsylvania,42061.0,6,0.0,1.0,,,,-0.28999999
273196,2020-04-09,Huntingdon,Pennsylvania,42061.0,8,0.0,2.0,,,,-0.29899999
273197,2020-04-10,Huntingdon,Pennsylvania,42061.0,8,0.0,0.0,,,,-0.248
273198,2020-04-11,Huntingdon,Pennsylvania,42061.0,10,0.0,2.0,,,,-0.27599999
273199,2020-04-12,Huntingdon,Pennsylvania,42061.0,10,0.0,0.0,,,,-0.33899999
273200,2020-04-13,Huntingdon,Pennsylvania,42061.0,11,0.0,1.0,,,,-0.33299999999999996
273201,2020-04-14,Huntingdon,Pennsylvania,42061.0,11,0.0,0.0,,,,-0.34900001
273202,2020-04-15,Huntingdon,Pennsylvania,42061.0,12,0.0,1.0,,,,-0.26899999
273203,2020-04-16,Huntingdon,Pennsylvania,42061.0,12,0.0,0.0,,,,-0.18600000000000003
273204,2020-04-17,Huntingdon,Pennsylvania,42061.0,12,0.0,0.0,,,,-0.12300000000000001
273205,2020-04-18,Huntingdon,Pennsylvania,42061.0,12,0.0,0.0,,,,-0.072499998
273206,2020-04-19,Huntingdon,Pennsylvania,42061.0,13,0.0,1.0,,,,-0.068800002
273207,2020-04-20,Huntingdon,Pennsylvania,42061.0,13,0.0,0.0,,,,-0.10400000000000001
273208,2020-04-21,Huntingdon,Pennsylvania,42061.0,13,0.0,0.0,,,,-0.034899998
273209,2020-04-22,Huntingdon,Pennsylvania,42061.0,15,0.0,2.0,,,,-0.08389999699999999
273210,2020-04-23,Huntingdon,Pennsylvania,42061.0,20,0.0,5.0,,,,-0.127
273211,2020-04-24,Huntingdon,Pennsylvania,42061.0,20,0.0,0.0,,,,-0.23100001
273212,2020-04-25,Huntingdon,Pennsylvania,42061.0,22,0.0,2.0,,,,-0.26300001
273213,2020-04-26,Huntingdon,Pennsylvania,42061.0,22,0.0,0.0,,,,-0.23
273214,2020-04-27,Huntingdon,Pennsylvania,42061.0,24,0.0,2.0,,,,-0.152
273215,2020-04-28,Huntingdon,Pennsylvania,42061.0,26,0.0,2.0,,,,-0.14399999
273216,2020-04-29,Huntingdon,Pennsylvania,42061.0,29,0.0,3.0,,,,-0.14300001
273217,2020-04-30,Huntingdon,Pennsylvania,42061.0,38,0.0,9.0,,,,-0.154
273218,2020-05-01,Huntingdon,Pennsylvania,42061.0,40,0.0,2.0,,,,-0.054699998
273219,2020-05-02,Huntingdon,Pennsylvania,42061.0,48,0.0,8.0,,,,-0.111
273220,2020-05-03,Huntingdon,Pennsylvania,42061.0,56,0.0,8.0,,,,-0.10300000000000001
273221,2020-05-04,Huntingdon,Pennsylvania,42061.0,57,0.0,1.0,,,,-0.18000001
273222,2020-05-05,Huntingdon,Pennsylvania,42061.0,59,0.0,2.0,,,,-0.204
273223,2020-05-06,Huntingdon,Pennsylvania,42061.0,60,0.0,1.0,,,,-0.18700001
273224,2020-05-07,Huntingdon,Pennsylvania,42061.0,109,0.0,49.0,,,,-0.21799999
273225,2020-05-08,Huntingdon,Pennsylvania,42061.0,117,0.0,8.0,,,,-0.226
273226,2020-05-09,Huntingdon,Pennsylvania,42061.0,119,0.0,2.0,,,,-0.17399999
273227,2020-05-10,Huntingdon,Pennsylvania,42061.0,181,0.0,62.0,,,,-0.168
273228,2020-05-11,Huntingdon,Pennsylvania,42061.0,187,0.0,6.0,,,,-0.115
273229,2020-05-12,Huntingdon,Pennsylvania,42061.0,190,0.0,3.0,,,,-0.153
273230,2020-05-13,Huntingdon,Pennsylvania,42061.0,197,0.0,7.0,,,,-0.171
273231,2020-05-14,Huntingdon,Pennsylvania,42061.0,200,0.0,3.0,,,,-0.05550000099999999
273232,2020-05-15,Huntingdon,Pennsylvania,42061.0,204,0.0,4.0,,,,0.042800002000000004
273233,2020-05-16,Huntingdon,Pennsylvania,42061.0,208,0.0,4.0,,,,0.0122
273234,2020-05-17,Huntingdon,Pennsylvania,42061.0,214,0.0,6.0,,,,0.0285
273235,2020-05-18,Huntingdon,Pennsylvania,42061.0,214,0.0,0.0,,,,0.072499998
273236,2020-05-19,Huntingdon,Pennsylvania,42061.0,214,0.0,0.0,,,,0.11599999999999999
273237,2020-05-20,Huntingdon,Pennsylvania,42061.0,215,1.0,1.0,,,,0.14399999
273238,2020-05-21,Huntingdon,Pennsylvania,42061.0,221,1.0,6.0,,,,0.020500001
273239,2020-05-22,Huntingdon,Pennsylvania,42061.0,223,1.0,2.0,,,,0.0116
273240,2020-05-23,Huntingdon,Pennsylvania,42061.0,227,1.0,4.0,,,,-0.0068299999
273241,2020-05-24,Huntingdon,Pennsylvania,42061.0,228,1.0,1.0,,,,0.0144
273242,2020-05-25,Huntingdon,Pennsylvania,42061.0,228,1.0,0.0,,,,-0.040899999
273243,2020-05-26,Huntingdon,Pennsylvania,42061.0,228,1.0,0.0,,,,0.049899999
273244,2020-05-27,Huntingdon,Pennsylvania,42061.0,228,2.0,0.0,,,,0.09030000099999999
273245,2020-05-28,Huntingdon,Pennsylvania,42061.0,228,2.0,0.0,,,,0.090099998
273246,2020-05-29,Huntingdon,Pennsylvania,42061.0,228,2.0,0.0,,,,0.019300001
273247,2020-05-30,Huntingdon,Pennsylvania,42061.0,230,2.0,2.0,,,,0.09539999800000001
273248,2020-05-31,Huntingdon,Pennsylvania,42061.0,230,2.0,0.0,,,,0.0726
273249,2020-06-01,Huntingdon,Pennsylvania,42061.0,231,2.0,1.0,,,,0.052000001
273250,2020-06-02,Huntingdon,Pennsylvania,42061.0,231,2.0,0.0,,,,0.036899998999999996
273251,2020-06-03,Huntingdon,Pennsylvania,42061.0,232,3.0,1.0,,,,0.025699998999999998
273252,2020-06-04,Huntingdon,Pennsylvania,42061.0,234,3.0,2.0,,,,0.085299999
273253,2020-06-05,Huntingdon,Pennsylvania,42061.0,234,4.0,0.0,,,,0.138
273254,2020-06-06,Huntingdon,Pennsylvania,42061.0,236,4.0,2.0,,,,0.145
273255,2020-06-07,Huntingdon,Pennsylvania,42061.0,236,4.0,0.0,,,,0.124
273256,2020-06-08,Huntingdon,Pennsylvania,42061.0,236,4.0,0.0,,,,0.16399999999999998
273257,2020-06-09,Huntingdon,Pennsylvania,42061.0,236,4.0,0.0,,,,0.124
273258,2020-06-10,Huntingdon,Pennsylvania,42061.0,237,4.0,1.0,,,,0.11699999999999999
273259,2020-06-11,Huntingdon,Pennsylvania,42061.0,237,4.0,0.0,,,,0.049800000999999997
273260,2020-06-12,Huntingdon,Pennsylvania,42061.0,237,4.0,0.0,,,,0.038699999
273261,2020-06-13,Huntingdon,Pennsylvania,42061.0,239,4.0,2.0,,,,0.021400001000000002
273262,2020-06-14,Huntingdon,Pennsylvania,42061.0,239,4.0,0.0,,,,0.019400001
273263,2020-06-15,Huntingdon,Pennsylvania,42061.0,239,4.0,0.0,,,,-0.0296
273264,2020-06-16,Huntingdon,Pennsylvania,42061.0,239,4.0,0.0,,,,-0.023
273265,2020-06-17,Huntingdon,Pennsylvania,42061.0,239,4.0,0.0,,,,-0.0407
273266,2020-06-18,Huntingdon,Pennsylvania,42061.0,239,4.0,0.0,,,,-0.025800001
273267,2020-06-19,Huntingdon,Pennsylvania,42061.0,240,4.0,1.0,,,,-0.059900000999999994
273268,2020-06-20,Huntingdon,Pennsylvania,42061.0,240,4.0,0.0,,,,-0.069399998
273269,2020-06-21,Huntingdon,Pennsylvania,42061.0,240,4.0,0.0,,,,-0.050700000999999995
273270,2020-06-22,Huntingdon,Pennsylvania,42061.0,240,4.0,0.0,,,,-0.09359999699999999
273271,2020-06-23,Huntingdon,Pennsylvania,42061.0,240,4.0,0.0,,,,-0.111
273272,2020-06-24,Huntingdon,Pennsylvania,42061.0,242,4.0,2.0,,,,-0.036499999
273273,2020-06-25,Huntingdon,Pennsylvania,42061.0,242,4.0,0.0,,,,-0.035300002000000004
273274,2020-06-26,Huntingdon,Pennsylvania,42061.0,245,4.0,3.0,,,,0.0129
273275,2020-06-27,Huntingdon,Pennsylvania,42061.0,245,4.0,0.0,,,,0.020300001
273276,2020-06-28,Huntingdon,Pennsylvania,42061.0,245,4.0,0.0,,,,-0.05739999900000001
273277,2020-06-29,Huntingdon,Pennsylvania,42061.0,251,4.0,6.0,,,,-0.0147
273278,2020-06-30,Huntingdon,Pennsylvania,42061.0,252,4.0,1.0,,,,0.0131
273279,2020-07-01,Huntingdon,Pennsylvania,42061.0,252,4.0,0.0,,,,-0.043000000999999996
273280,2020-07-02,Huntingdon,Pennsylvania,42061.0,252,4.0,0.0,,,,-0.075800002
273281,2020-07-03,Huntingdon,Pennsylvania,42061.0,254,4.0,2.0,,,,-0.11800000000000001
273282,2020-07-04,Huntingdon,Pennsylvania,42061.0,254,4.0,0.0,,,,-0.091499999
273283,2020-07-05,Huntingdon,Pennsylvania,42061.0,254,4.0,0.0,,,,-0.0207
273284,2020-07-06,Huntingdon,Pennsylvania,42061.0,254,4.0,0.0,,,,-0.063900001
273285,2020-07-07,Huntingdon,Pennsylvania,42061.0,254,4.0,0.0,,,,-0.087200001
273286,2020-07-08,Huntingdon,Pennsylvania,42061.0,254,4.0,0.0,,,,-0.111
273287,2020-07-09,Huntingdon,Pennsylvania,42061.0,254,4.0,0.0,,,,-0.0603
273288,2020-07-10,Huntingdon,Pennsylvania,42061.0,256,4.0,2.0,,,,-0.107
273289,2020-07-11,Huntingdon,Pennsylvania,42061.0,257,4.0,1.0,,,,-0.096799999
273290,2020-07-12,Huntingdon,Pennsylvania,42061.0,258,4.0,1.0,,,,-0.023399998999999998
273291,2020-07-13,Huntingdon,Pennsylvania,42061.0,260,4.0,2.0,,,,-0.0115
273292,2020-07-14,Huntingdon,Pennsylvania,42061.0,260,4.0,0.0,,,,0.040100001
273293,2020-07-15,Huntingdon,Pennsylvania,42061.0,263,4.0,3.0,,,,-0.050299998
273294,2020-07-16,Huntingdon,Pennsylvania,42061.0,263,4.0,0.0,,,,-0.056600001
273295,2020-07-17,Huntingdon,Pennsylvania,42061.0,266,4.0,3.0,,,,-0.0548
273296,2020-07-18,Huntingdon,Pennsylvania,42061.0,267,4.0,1.0,,,,-0.072300002
273297,2020-07-19,Huntingdon,Pennsylvania,42061.0,267,4.0,0.0,,,,-0.086199999
273298,2020-07-20,Huntingdon,Pennsylvania,42061.0,269,4.0,2.0,,,,-0.105
273299,2020-07-21,Huntingdon,Pennsylvania,42061.0,271,4.0,2.0,,,,-0.147
273300,2020-07-22,Huntingdon,Pennsylvania,42061.0,272,4.0,1.0,,,,-0.056200001
273301,2020-07-23,Huntingdon,Pennsylvania,42061.0,273,4.0,1.0,,,,-0.058200002
273302,2020-07-24,Huntingdon,Pennsylvania,42061.0,276,4.0,3.0,,,,0.025699998999999998
273303,2020-07-25,Huntingdon,Pennsylvania,42061.0,279,4.0,3.0,,,,0.079999998
273304,2020-07-26,Huntingdon,Pennsylvania,42061.0,285,4.0,6.0,,,,0.051600002
273305,2020-07-27,Huntingdon,Pennsylvania,42061.0,286,4.0,1.0,,,,0.039999999
273306,2020-07-28,Huntingdon,Pennsylvania,42061.0,287,4.0,1.0,,,,0.074600004
273307,2020-07-29,Huntingdon,Pennsylvania,42061.0,287,4.0,0.0,,,,0.0381
273308,2020-07-30,Huntingdon,Pennsylvania,42061.0,287,4.0,0.0,,,,0.0298
273309,2020-07-31,Huntingdon,Pennsylvania,42061.0,287,4.0,0.0,,,,-0.064099997
273310,2020-08-01,Huntingdon,Pennsylvania,42061.0,288,4.0,1.0,,,,-0.09269999699999999
273311,2020-08-02,Huntingdon,Pennsylvania,42061.0,288,4.0,0.0,,,,-0.065399997
273312,2020-08-03,Huntingdon,Pennsylvania,42061.0,290,4.0,2.0,,,,-0.057300000999999996
273313,2020-08-04,Huntingdon,Pennsylvania,42061.0,290,4.0,0.0,,,,-0.033199999
273314,2020-08-05,Huntingdon,Pennsylvania,42061.0,295,4.0,5.0,,,,-0.0579
273315,2020-08-06,Huntingdon,Pennsylvania,42061.0,296,4.0,1.0,,,,-0.071699999
273316,2020-08-07,Huntingdon,Pennsylvania,42061.0,300,4.0,4.0,,,,-0.079400003
273317,2020-08-08,Huntingdon,Pennsylvania,42061.0,305,4.0,5.0,,,,-0.082199998
273318,2020-08-09,Huntingdon,Pennsylvania,42061.0,308,4.0,3.0,,,,-0.08500000099999999
273319,2020-08-10,Huntingdon,Pennsylvania,42061.0,308,4.0,0.0,,,,-0.0043899999
273320,2020-08-11,Huntingdon,Pennsylvania,42061.0,310,4.0,2.0,,,,-0.028000001
273321,2020-08-12,Huntingdon,Pennsylvania,42061.0,309,4.0,-1.0,,,,0.0239
273322,2020-08-13,Huntingdon,Pennsylvania,42061.0,313,5.0,4.0,,,,0.0149
273323,2020-08-14,Huntingdon,Pennsylvania,42061.0,320,5.0,7.0,,,,0.050999999000000004
273324,2020-08-15,Huntingdon,Pennsylvania,42061.0,327,5.0,7.0,,,,0.07819999799999999
273325,2020-08-16,Huntingdon,Pennsylvania,42061.0,333,5.0,6.0,,,,0.105
273326,2020-08-17,Huntingdon,Pennsylvania,42061.0,336,5.0,3.0,,,,0.025599999
273327,2020-08-18,Huntingdon,Pennsylvania,42061.0,340,5.0,4.0,,,,0.032299998999999996
273328,2020-08-19,Huntingdon,Pennsylvania,42061.0,341,5.0,1.0,,,,0.0051799999
273329,2020-08-20,Huntingdon,Pennsylvania,42061.0,343,5.0,2.0,,,,0.047499999
273330,2020-08-21,Huntingdon,Pennsylvania,42061.0,346,5.0,3.0,,,,0.11599999999999999
273331,2020-08-22,Huntingdon,Pennsylvania,42061.0,346,5.0,0.0,,,,0.134
273332,2020-08-23,Huntingdon,Pennsylvania,42061.0,351,5.0,5.0,,,,0.121
273333,2020-08-24,Huntingdon,Pennsylvania,42061.0,350,5.0,-1.0,,,,0.09080000199999999
273334,2020-08-25,Huntingdon,Pennsylvania,42061.0,350,5.0,0.0,,,,0.11800000000000001
273335,2020-08-26,Huntingdon,Pennsylvania,42061.0,350,5.0,0.0,,,,0.114
273336,2020-08-27,Huntingdon,Pennsylvania,42061.0,354,5.0,4.0,,,,0.086099997
273337,2020-08-28,Huntingdon,Pennsylvania,42061.0,357,5.0,3.0,,,,0.11
273338,2020-08-29,Huntingdon,Pennsylvania,42061.0,360,5.0,3.0,,,,0.11800000000000001
273339,2020-08-30,Huntingdon,Pennsylvania,42061.0,364,5.0,4.0,,,,0.1
273340,2020-08-31,Huntingdon,Pennsylvania,42061.0,364,5.0,0.0,,,,0.099799998
273341,2020-09-01,Huntingdon,Pennsylvania,42061.0,370,5.0,6.0,,,,0.053800002
273342,2020-09-02,Huntingdon,Pennsylvania,42061.0,373,5.0,3.0,,,,0.049699999
273343,2020-09-03,Huntingdon,Pennsylvania,42061.0,377,5.0,4.0,,,,0.082199998
273344,2020-09-04,Huntingdon,Pennsylvania,42061.0,382,5.0,5.0,,,,0.034000002
273345,2020-09-05,Huntingdon,Pennsylvania,42061.0,383,5.0,1.0,,,,0.0152
273346,2020-09-06,Huntingdon,Pennsylvania,42061.0,386,5.0,3.0,,,,0.07299999900000001
273347,2020-09-07,Huntingdon,Pennsylvania,42061.0,387,5.0,1.0,,,,0.1
273348,2020-09-08,Huntingdon,Pennsylvania,42061.0,388,5.0,1.0,,,,0.036699999
273349,2020-09-09,Huntingdon,Pennsylvania,42061.0,387,5.0,-1.0,,,,0.0867
273350,2020-09-10,Huntingdon,Pennsylvania,42061.0,389,6.0,2.0,,,,0.11
273351,2020-09-11,Huntingdon,Pennsylvania,42061.0,392,6.0,3.0,,,,0.0814
273352,2020-09-12,Huntingdon,Pennsylvania,42061.0,393,6.0,1.0,,,,0.061799999
273353,2020-09-13,Huntingdon,Pennsylvania,42061.0,393,6.0,0.0,,,,0.039799998999999996
273354,2020-09-14,Huntingdon,Pennsylvania,42061.0,392,6.0,-1.0,,,,0.036499999
273355,2020-09-15,Huntingdon,Pennsylvania,42061.0,393,6.0,1.0,,,,0.00109
273356,2020-09-16,Huntingdon,Pennsylvania,42061.0,393,6.0,0.0,,,,0.0136
273357,2020-09-17,Huntingdon,Pennsylvania,42061.0,393,6.0,0.0,,,,-0.037300002
273358,2020-09-18,Huntingdon,Pennsylvania,42061.0,393,6.0,0.0,,,,-0.0222
273359,2020-09-19,Huntingdon,Pennsylvania,42061.0,395,6.0,2.0,,,,0.031399999
273360,2020-09-20,Huntingdon,Pennsylvania,42061.0,396,6.0,1.0,,,,-0.0164
273361,2020-09-21,Huntingdon,Pennsylvania,42061.0,396,6.0,0.0,,,,-0.0209
273362,2020-09-22,Huntingdon,Pennsylvania,42061.0,399,6.0,3.0,,,,-0.0068000001
273363,2020-09-23,Huntingdon,Pennsylvania,42061.0,399,6.0,0.0,,,,0.0020600001000000002
273364,2020-09-24,Huntingdon,Pennsylvania,42061.0,400,6.0,1.0,,,,0.041900001
273365,2020-09-25,Huntingdon,Pennsylvania,42061.0,401,6.0,1.0,,,,0.041000001
273366,2020-09-26,Huntingdon,Pennsylvania,42061.0,402,6.0,1.0,,,,-0.0517
273367,2020-09-27,Huntingdon,Pennsylvania,42061.0,403,6.0,1.0,,,,-0.049800000999999997
273368,2020-09-28,Huntingdon,Pennsylvania,42061.0,404,6.0,1.0,,,,-0.025800001
273369,2020-09-29,Huntingdon,Pennsylvania,42061.0,405,6.0,1.0,,,,-0.0425
273370,2020-09-30,Huntingdon,Pennsylvania,42061.0,417,6.0,12.0,,,,-0.12
273371,2020-10-01,Huntingdon,Pennsylvania,42061.0,422,6.0,5.0,,,,-0.12899999
273372,2020-10-02,Huntingdon,Pennsylvania,42061.0,431,6.0,9.0,,,,-0.141
273373,2020-10-03,Huntingdon,Pennsylvania,42061.0,431,6.0,0.0,,,,-0.051899999
273374,2020-10-04,Huntingdon,Pennsylvania,42061.0,444,6.0,13.0,,,,0.007919999799999999
273375,2020-10-05,Huntingdon,Pennsylvania,42061.0,446,6.0,2.0,,,,0.023700001000000002
273376,2020-10-06,Huntingdon,Pennsylvania,42061.0,449,6.0,3.0,,,,0.0011
273377,2020-10-07,Huntingdon,Pennsylvania,42061.0,494,6.0,45.0,,,,0.077
273378,2020-10-08,Huntingdon,Pennsylvania,42061.0,500,6.0,6.0,,,,0.075499997
273379,2020-10-09,Huntingdon,Pennsylvania,42061.0,509,6.0,9.0,,,,0.17200001
273380,2020-10-10,Huntingdon,Pennsylvania,42061.0,527,6.0,18.0,,,,0.14
273381,2020-10-11,Huntingdon,Pennsylvania,42061.0,561,6.0,34.0,,,,0.08950000300000001
273382,2020-10-12,Huntingdon,Pennsylvania,42061.0,573,8.0,12.0,,,,0.064099997
273383,2020-10-13,Huntingdon,Pennsylvania,42061.0,599,8.0,26.0,,,,0.09669999800000001
273384,2020-10-14,Huntingdon,Pennsylvania,42061.0,604,8.0,5.0,,,,0.13500001
273385,2020-10-15,Huntingdon,Pennsylvania,42061.0,623,8.0,19.0,,,,0.13600001
273386,2020-10-16,Huntingdon,Pennsylvania,42061.0,640,8.0,17.0,,,,0.0933
273387,2020-10-17,Huntingdon,Pennsylvania,42061.0,675,8.0,35.0,,,,0.043299999000000006
273388,2020-10-18,Huntingdon,Pennsylvania,42061.0,697,9.0,22.0,,,,0.027100001000000002
273389,2020-10-19,Huntingdon,Pennsylvania,42061.0,710,10.0,13.0,,,,0.0218
273390,2020-10-20,Huntingdon,Pennsylvania,42061.0,725,11.0,15.0,,,,0.022299998999999997
273391,2020-10-21,Huntingdon,Pennsylvania,42061.0,768,11.0,43.0,,,,-0.0206
273392,2020-10-22,Huntingdon,Pennsylvania,42061.0,808,11.0,40.0,,,,-0.037999999
273393,2020-10-23,Huntingdon,Pennsylvania,42061.0,835,14.0,27.0,,,,-0.08070000299999999
273394,2020-10-24,Huntingdon,Pennsylvania,42061.0,854,15.0,19.0,,,,-0.075800002
273395,2020-10-25,Huntingdon,Pennsylvania,42061.0,870,15.0,16.0,,,,-0.0942
273396,2020-10-26,Huntingdon,Pennsylvania,42061.0,874,15.0,4.0,,,,-0.08560000400000001
273397,2020-10-27,Huntingdon,Pennsylvania,42061.0,932,15.0,58.0,,,,-0.114
273398,2020-10-28,Huntingdon,Pennsylvania,42061.0,957,17.0,25.0,,,,-0.105
273399,2020-10-29,Huntingdon,Pennsylvania,42061.0,993,18.0,36.0,,,,-0.043699998
273400,2020-10-30,Huntingdon,Pennsylvania,42061.0,1005,18.0,12.0,,,,-0.021500001
273401,2020-10-31,Huntingdon,Pennsylvania,42061.0,1017,19.0,12.0,,,,0.0244
273402,2020-11-01,Huntingdon,Pennsylvania,42061.0,1041,19.0,24.0,,,,0.068099998
273403,2020-11-02,Huntingdon,Pennsylvania,42061.0,1055,19.0,14.0,,,,0.145
273404,2020-11-03,Huntingdon,Pennsylvania,42061.0,1094,20.0,39.0,,,,0.17
273405,2020-11-04,Huntingdon,Pennsylvania,42061.0,1110,21.0,16.0,,,,0.11599999999999999
273406,2020-11-05,Huntingdon,Pennsylvania,42061.0,1150,23.0,40.0,,,,0.094599999
273407,2020-11-06,Huntingdon,Pennsylvania,42061.0,1172,24.0,22.0,,,,0.069700003
273408,2020-11-07,Huntingdon,Pennsylvania,42061.0,1192,29.0,20.0,,,,0.054400000999999996
273409,2020-11-08,Huntingdon,Pennsylvania,42061.0,1203,29.0,11.0,,,,0.050099999000000006
273410,2020-11-09,Huntingdon,Pennsylvania,42061.0,1209,29.0,6.0,,,,-0.024599998999999997
273411,2020-11-10,Huntingdon,Pennsylvania,42061.0,1228,33.0,19.0,,,,-0.0298
273412,2020-11-11,Huntingdon,Pennsylvania,42061.0,1246,34.0,18.0,,,,0.045000002000000004
273413,2020-11-12,Huntingdon,Pennsylvania,42061.0,1292,35.0,46.0,,,,-0.066200003
273414,2020-11-13,Huntingdon,Pennsylvania,42061.0,1318,34.0,26.0,,,,0.008870000000000001
273415,2020-11-14,Huntingdon,Pennsylvania,42061.0,1352,37.0,34.0,,,,0.052999999000000006
273416,2020-11-15,Huntingdon,Pennsylvania,42061.0,1367,37.0,15.0,,,,0.081799999
273417,2020-11-16,Huntingdon,Pennsylvania,42061.0,1372,37.0,5.0,,,,0.09759999800000001
273418,2020-11-17,Huntingdon,Pennsylvania,42061.0,1415,39.0,43.0,,,,0.113
273419,2020-11-18,Huntingdon,Pennsylvania,42061.0,1439,40.0,24.0,,,,0.182
273420,2020-11-19,Huntingdon,Pennsylvania,42061.0,1461,43.0,22.0,,,,0.15000001
273421,2020-11-20,Huntingdon,Pennsylvania,42061.0,1488,44.0,27.0,,,,0.16500001
273422,2020-11-21,Huntingdon,Pennsylvania,42061.0,1519,45.0,31.0,,,,0.07540000200000001
273423,2020-11-22,Huntingdon,Pennsylvania,42061.0,1550,47.0,31.0,,,,0.031199999
