,date,county,state,fips,cases,deaths,new_cases,emp_combined,emp_combined_inclow,revenue_all,spend_all
278865,2020-03-24,Somerset,Pennsylvania,42111.0,1,0.0,0.0,,,,-0.109
278866,2020-03-25,Somerset,Pennsylvania,42111.0,2,0.0,1.0,,,,-0.084299996
278867,2020-03-26,Somerset,Pennsylvania,42111.0,2,0.0,0.0,,,,-0.14800000000000002
278868,2020-03-27,Somerset,Pennsylvania,42111.0,2,0.0,0.0,,,,-0.183
278869,2020-03-28,Somerset,Pennsylvania,42111.0,2,0.0,0.0,,,,-0.20600000000000002
278870,2020-03-29,Somerset,Pennsylvania,42111.0,2,0.0,0.0,,,,-0.22
278871,2020-03-30,Somerset,Pennsylvania,42111.0,2,0.0,0.0,,,,-0.214
278872,2020-03-31,Somerset,Pennsylvania,42111.0,2,0.0,0.0,,,,-0.25
278873,2020-04-01,Somerset,Pennsylvania,42111.0,3,0.0,1.0,,,,-0.248
278874,2020-04-02,Somerset,Pennsylvania,42111.0,3,0.0,0.0,,,,-0.21899999999999997
278875,2020-04-03,Somerset,Pennsylvania,42111.0,3,0.0,0.0,,,,-0.184
278876,2020-04-04,Somerset,Pennsylvania,42111.0,3,0.0,0.0,,,,-0.18799999
278877,2020-04-05,Somerset,Pennsylvania,42111.0,4,0.0,1.0,,,,-0.191
278878,2020-04-06,Somerset,Pennsylvania,42111.0,6,0.0,2.0,,,,-0.198
278879,2020-04-07,Somerset,Pennsylvania,42111.0,7,0.0,1.0,,,,-0.212
278880,2020-04-08,Somerset,Pennsylvania,42111.0,7,0.0,0.0,,,,-0.19599999
278881,2020-04-09,Somerset,Pennsylvania,42111.0,7,0.0,0.0,,,,-0.233
278882,2020-04-10,Somerset,Pennsylvania,42111.0,10,0.0,3.0,,,,-0.24600001
278883,2020-04-11,Somerset,Pennsylvania,42111.0,10,0.0,0.0,,,,-0.26499999
278884,2020-04-12,Somerset,Pennsylvania,42111.0,12,0.0,2.0,,,,-0.30199999
278885,2020-04-13,Somerset,Pennsylvania,42111.0,13,0.0,1.0,,,,-0.31299999
278886,2020-04-14,Somerset,Pennsylvania,42111.0,13,0.0,0.0,,,,-0.289
278887,2020-04-15,Somerset,Pennsylvania,42111.0,14,0.0,1.0,,,,-0.33500001
278888,2020-04-16,Somerset,Pennsylvania,42111.0,14,0.0,0.0,,,,-0.32499999
278889,2020-04-17,Somerset,Pennsylvania,42111.0,15,0.0,1.0,,,,-0.35200000000000004
278890,2020-04-18,Somerset,Pennsylvania,42111.0,17,0.0,2.0,,,,-0.30899999
278891,2020-04-19,Somerset,Pennsylvania,42111.0,18,0.0,1.0,,,,-0.255
278892,2020-04-20,Somerset,Pennsylvania,42111.0,19,0.0,1.0,,,,-0.243
278893,2020-04-21,Somerset,Pennsylvania,42111.0,19,0.0,0.0,,,,-0.245
278894,2020-04-22,Somerset,Pennsylvania,42111.0,19,0.0,0.0,,,,-0.2
278895,2020-04-23,Somerset,Pennsylvania,42111.0,20,0.0,1.0,,,,-0.18799999
278896,2020-04-24,Somerset,Pennsylvania,42111.0,22,0.0,2.0,,,,-0.18700001
278897,2020-04-25,Somerset,Pennsylvania,42111.0,25,0.0,3.0,,,,-0.23
278898,2020-04-26,Somerset,Pennsylvania,42111.0,25,0.0,0.0,,,,-0.23899999
278899,2020-04-27,Somerset,Pennsylvania,42111.0,25,0.0,0.0,,,,-0.223
278900,2020-04-28,Somerset,Pennsylvania,42111.0,26,0.0,1.0,,,,-0.22
278901,2020-04-29,Somerset,Pennsylvania,42111.0,26,0.0,0.0,,,,-0.23
278902,2020-04-30,Somerset,Pennsylvania,42111.0,26,0.0,0.0,,,,-0.25400001
278903,2020-05-01,Somerset,Pennsylvania,42111.0,26,0.0,0.0,,,,-0.25099999
278904,2020-05-02,Somerset,Pennsylvania,42111.0,29,1.0,3.0,,,,-0.221
278905,2020-05-03,Somerset,Pennsylvania,42111.0,29,1.0,0.0,,,,-0.222
278906,2020-05-04,Somerset,Pennsylvania,42111.0,30,1.0,1.0,,,,-0.198
278907,2020-05-05,Somerset,Pennsylvania,42111.0,30,1.0,0.0,,,,-0.182
278908,2020-05-06,Somerset,Pennsylvania,42111.0,32,1.0,2.0,,,,-0.177
278909,2020-05-07,Somerset,Pennsylvania,42111.0,32,1.0,0.0,,,,-0.16599999
278910,2020-05-08,Somerset,Pennsylvania,42111.0,32,1.0,0.0,,,,-0.139
278911,2020-05-09,Somerset,Pennsylvania,42111.0,32,1.0,0.0,,,,-0.182
278912,2020-05-10,Somerset,Pennsylvania,42111.0,32,1.0,0.0,,,,-0.16
278913,2020-05-11,Somerset,Pennsylvania,42111.0,32,1.0,0.0,,,,-0.16599999
278914,2020-05-12,Somerset,Pennsylvania,42111.0,32,1.0,0.0,,,,-0.15800001
278915,2020-05-13,Somerset,Pennsylvania,42111.0,32,1.0,0.0,,,,-0.17
278916,2020-05-14,Somerset,Pennsylvania,42111.0,32,1.0,0.0,,,,-0.14
278917,2020-05-15,Somerset,Pennsylvania,42111.0,32,1.0,0.0,,,,-0.18700001
278918,2020-05-16,Somerset,Pennsylvania,42111.0,32,1.0,0.0,,,,-0.154
278919,2020-05-17,Somerset,Pennsylvania,42111.0,33,1.0,1.0,,,,-0.212
278920,2020-05-18,Somerset,Pennsylvania,42111.0,36,0.0,3.0,,,,-0.22400001
278921,2020-05-19,Somerset,Pennsylvania,42111.0,36,0.0,0.0,,,,-0.21699999
278922,2020-05-20,Somerset,Pennsylvania,42111.0,37,0.0,1.0,,,,-0.22
278923,2020-05-21,Somerset,Pennsylvania,42111.0,37,0.0,0.0,,,,-0.245
278924,2020-05-22,Somerset,Pennsylvania,42111.0,37,0.0,0.0,,,,-0.193
278925,2020-05-23,Somerset,Pennsylvania,42111.0,37,0.0,0.0,,,,-0.2
278926,2020-05-24,Somerset,Pennsylvania,42111.0,37,0.0,0.0,,,,-0.152
278927,2020-05-25,Somerset,Pennsylvania,42111.0,37,0.0,0.0,,,,-0.171
278928,2020-05-26,Somerset,Pennsylvania,42111.0,37,0.0,0.0,,,,-0.22
278929,2020-05-27,Somerset,Pennsylvania,42111.0,37,0.0,0.0,,,,-0.19699999999999998
278930,2020-05-28,Somerset,Pennsylvania,42111.0,37,0.0,0.0,,,,-0.17600000000000002
278931,2020-05-29,Somerset,Pennsylvania,42111.0,37,1.0,0.0,,,,-0.153
278932,2020-05-30,Somerset,Pennsylvania,42111.0,38,1.0,1.0,,,,-0.139
278933,2020-05-31,Somerset,Pennsylvania,42111.0,38,1.0,0.0,,,,-0.142
278934,2020-06-01,Somerset,Pennsylvania,42111.0,38,1.0,0.0,,,,-0.154
278935,2020-06-02,Somerset,Pennsylvania,42111.0,38,1.0,0.0,,,,-0.12300000000000001
278936,2020-06-03,Somerset,Pennsylvania,42111.0,38,1.0,0.0,,,,-0.105
278937,2020-06-04,Somerset,Pennsylvania,42111.0,38,1.0,0.0,,,,-0.07010000200000001
278938,2020-06-05,Somerset,Pennsylvania,42111.0,38,1.0,0.0,,,,-0.122
278939,2020-06-06,Somerset,Pennsylvania,42111.0,39,1.0,1.0,,,,-0.12
278940,2020-06-07,Somerset,Pennsylvania,42111.0,39,1.0,0.0,,,,-0.105
278941,2020-06-08,Somerset,Pennsylvania,42111.0,39,1.0,0.0,,,,-0.033100002
278942,2020-06-09,Somerset,Pennsylvania,42111.0,39,1.0,0.0,,,,-0.045499999000000006
278943,2020-06-10,Somerset,Pennsylvania,42111.0,39,1.0,0.0,,,,-0.018300001
278944,2020-06-11,Somerset,Pennsylvania,42111.0,39,1.0,0.0,,,,-0.0319
278945,2020-06-12,Somerset,Pennsylvania,42111.0,39,1.0,0.0,,,,-0.021400001000000002
278946,2020-06-13,Somerset,Pennsylvania,42111.0,40,1.0,1.0,,,,-0.087099999
278947,2020-06-14,Somerset,Pennsylvania,42111.0,40,1.0,0.0,,,,-0.156
278948,2020-06-15,Somerset,Pennsylvania,42111.0,41,1.0,1.0,,,,-0.17600000000000002
278949,2020-06-16,Somerset,Pennsylvania,42111.0,41,1.0,0.0,,,,-0.149
278950,2020-06-17,Somerset,Pennsylvania,42111.0,41,1.0,0.0,,,,-0.152
278951,2020-06-18,Somerset,Pennsylvania,42111.0,42,1.0,1.0,,,,-0.15099999
278952,2020-06-19,Somerset,Pennsylvania,42111.0,46,1.0,4.0,,,,-0.242
278953,2020-06-20,Somerset,Pennsylvania,42111.0,47,1.0,1.0,,,,-0.19
278954,2020-06-21,Somerset,Pennsylvania,42111.0,47,1.0,0.0,,,,-0.147
278955,2020-06-22,Somerset,Pennsylvania,42111.0,48,1.0,1.0,,,,-0.17200001
278956,2020-06-23,Somerset,Pennsylvania,42111.0,48,1.0,0.0,,,,-0.192
278957,2020-06-24,Somerset,Pennsylvania,42111.0,49,1.0,1.0,,,,-0.17299999
278958,2020-06-25,Somerset,Pennsylvania,42111.0,52,1.0,3.0,,,,-0.14
278959,2020-06-26,Somerset,Pennsylvania,42111.0,55,1.0,3.0,,,,-0.154
278960,2020-06-27,Somerset,Pennsylvania,42111.0,57,1.0,2.0,,,,-0.182
278961,2020-06-28,Somerset,Pennsylvania,42111.0,61,1.0,4.0,,,,-0.18099999
278962,2020-06-29,Somerset,Pennsylvania,42111.0,61,1.0,0.0,,,,-0.13
278963,2020-06-30,Somerset,Pennsylvania,42111.0,61,1.0,0.0,,,,-0.092200004
278964,2020-07-01,Somerset,Pennsylvania,42111.0,61,1.0,0.0,,,,-0.127
278965,2020-07-02,Somerset,Pennsylvania,42111.0,62,1.0,1.0,,,,-0.10300000000000001
278966,2020-07-03,Somerset,Pennsylvania,42111.0,63,1.0,1.0,,,,-0.153
278967,2020-07-04,Somerset,Pennsylvania,42111.0,63,1.0,0.0,,,,-0.063500002
278968,2020-07-05,Somerset,Pennsylvania,42111.0,63,1.0,0.0,,,,-0.061799999
278969,2020-07-06,Somerset,Pennsylvania,42111.0,64,1.0,1.0,,,,-0.10400000000000001
278970,2020-07-07,Somerset,Pennsylvania,42111.0,64,1.0,0.0,,,,-0.13699999
278971,2020-07-08,Somerset,Pennsylvania,42111.0,67,1.0,3.0,,,,-0.096000001
278972,2020-07-09,Somerset,Pennsylvania,42111.0,69,1.0,2.0,,,,-0.132
278973,2020-07-10,Somerset,Pennsylvania,42111.0,73,1.0,4.0,,,,-0.139
278974,2020-07-11,Somerset,Pennsylvania,42111.0,76,1.0,3.0,,,,-0.132
278975,2020-07-12,Somerset,Pennsylvania,42111.0,81,1.0,5.0,,,,-0.11800000000000001
278976,2020-07-13,Somerset,Pennsylvania,42111.0,81,1.0,0.0,,,,-0.074199997
278977,2020-07-14,Somerset,Pennsylvania,42111.0,84,1.0,3.0,,,,-0.091700003
278978,2020-07-15,Somerset,Pennsylvania,42111.0,86,1.0,2.0,,,,-0.0867
278979,2020-07-16,Somerset,Pennsylvania,42111.0,88,1.0,2.0,,,,-0.0748
278980,2020-07-17,Somerset,Pennsylvania,42111.0,91,1.0,3.0,,,,-0.057799999000000005
278981,2020-07-18,Somerset,Pennsylvania,42111.0,92,1.0,1.0,,,,-0.077100001
278982,2020-07-19,Somerset,Pennsylvania,42111.0,94,1.0,2.0,,,,-0.0911
278983,2020-07-20,Somerset,Pennsylvania,42111.0,94,1.0,0.0,,,,-0.13500001
278984,2020-07-21,Somerset,Pennsylvania,42111.0,97,1.0,3.0,,,,-0.12899999
278985,2020-07-22,Somerset,Pennsylvania,42111.0,100,1.0,3.0,,,,-0.11599999999999999
278986,2020-07-23,Somerset,Pennsylvania,42111.0,105,1.0,5.0,,,,-0.10099999999999999
278987,2020-07-24,Somerset,Pennsylvania,42111.0,106,2.0,1.0,,,,-0.109
278988,2020-07-25,Somerset,Pennsylvania,42111.0,106,2.0,0.0,,,,-0.079400003
278989,2020-07-26,Somerset,Pennsylvania,42111.0,106,2.0,0.0,,,,-0.0559
278990,2020-07-27,Somerset,Pennsylvania,42111.0,112,2.0,6.0,,,,-0.030099999
278991,2020-07-28,Somerset,Pennsylvania,42111.0,113,2.0,1.0,,,,-0.0038799999999999998
278992,2020-07-29,Somerset,Pennsylvania,42111.0,114,2.0,1.0,,,,-0.053300001
278993,2020-07-30,Somerset,Pennsylvania,42111.0,117,2.0,3.0,,,,-0.07150000299999999
278994,2020-07-31,Somerset,Pennsylvania,42111.0,120,2.0,3.0,,,,-0.063699998
278995,2020-08-01,Somerset,Pennsylvania,42111.0,124,2.0,4.0,,,,-0.109
278996,2020-08-02,Somerset,Pennsylvania,42111.0,124,2.0,0.0,,,,-0.127
278997,2020-08-03,Somerset,Pennsylvania,42111.0,125,2.0,1.0,,,,-0.18899999999999997
278998,2020-08-04,Somerset,Pennsylvania,42111.0,128,3.0,3.0,,,,-0.20800000000000002
278999,2020-08-05,Somerset,Pennsylvania,42111.0,127,3.0,-1.0,,,,-0.125
279000,2020-08-06,Somerset,Pennsylvania,42111.0,127,3.0,0.0,,,,-0.065099999
279001,2020-08-07,Somerset,Pennsylvania,42111.0,129,3.0,2.0,,,,-0.09790000300000001
279002,2020-08-08,Somerset,Pennsylvania,42111.0,133,3.0,4.0,,,,-0.0502
279003,2020-08-09,Somerset,Pennsylvania,42111.0,134,3.0,1.0,,,,-0.0272
279004,2020-08-10,Somerset,Pennsylvania,42111.0,135,3.0,1.0,,,,0.049899999
279005,2020-08-11,Somerset,Pennsylvania,42111.0,136,3.0,1.0,,,,0.102
279006,2020-08-12,Somerset,Pennsylvania,42111.0,138,3.0,2.0,,,,0.09189999800000001
279007,2020-08-13,Somerset,Pennsylvania,42111.0,138,3.0,0.0,,,,-0.0086899996
279008,2020-08-14,Somerset,Pennsylvania,42111.0,140,3.0,2.0,,,,0.08910000300000001
279009,2020-08-15,Somerset,Pennsylvania,42111.0,142,3.0,2.0,,,,0.070699997
279010,2020-08-16,Somerset,Pennsylvania,42111.0,142,3.0,0.0,,,,0.0447
279011,2020-08-17,Somerset,Pennsylvania,42111.0,143,3.0,1.0,,,,0.022600001
279012,2020-08-18,Somerset,Pennsylvania,42111.0,143,3.0,0.0,,,,0.0218
279013,2020-08-19,Somerset,Pennsylvania,42111.0,145,3.0,2.0,,,,0.004520000000000001
279014,2020-08-20,Somerset,Pennsylvania,42111.0,146,3.0,1.0,,,,0.094599999
279015,2020-08-21,Somerset,Pennsylvania,42111.0,151,3.0,5.0,,,,0.08789999800000001
279016,2020-08-22,Somerset,Pennsylvania,42111.0,153,3.0,2.0,,,,0.139
279017,2020-08-23,Somerset,Pennsylvania,42111.0,156,3.0,3.0,,,,0.20800000000000002
279018,2020-08-24,Somerset,Pennsylvania,42111.0,156,3.0,0.0,,,,0.233
279019,2020-08-25,Somerset,Pennsylvania,42111.0,157,3.0,1.0,,,,0.23
279020,2020-08-26,Somerset,Pennsylvania,42111.0,160,3.0,3.0,,,,0.19
279021,2020-08-27,Somerset,Pennsylvania,42111.0,161,3.0,1.0,,,,0.20100001
279022,2020-08-28,Somerset,Pennsylvania,42111.0,162,3.0,1.0,,,,0.056899998
279023,2020-08-29,Somerset,Pennsylvania,42111.0,164,3.0,2.0,,,,0.02
279024,2020-08-30,Somerset,Pennsylvania,42111.0,164,3.0,0.0,,,,-0.00367
279025,2020-08-31,Somerset,Pennsylvania,42111.0,165,3.0,1.0,,,,-0.039700001
279026,2020-09-01,Somerset,Pennsylvania,42111.0,167,3.0,2.0,,,,-0.071800001
279027,2020-09-02,Somerset,Pennsylvania,42111.0,172,3.0,5.0,,,,-0.052000001
279028,2020-09-03,Somerset,Pennsylvania,42111.0,174,3.0,2.0,,,,-0.061900000999999996
279029,2020-09-04,Somerset,Pennsylvania,42111.0,179,3.0,5.0,,,,-0.0253
279030,2020-09-05,Somerset,Pennsylvania,42111.0,181,3.0,2.0,,,,-0.035300002000000004
279031,2020-09-06,Somerset,Pennsylvania,42111.0,182,3.0,1.0,,,,-0.077399999
279032,2020-09-07,Somerset,Pennsylvania,42111.0,182,3.0,0.0,,,,-0.0506
279033,2020-09-08,Somerset,Pennsylvania,42111.0,183,3.0,1.0,,,,-0.051399997999999995
279034,2020-09-09,Somerset,Pennsylvania,42111.0,186,3.0,3.0,,,,-0.115
279035,2020-09-10,Somerset,Pennsylvania,42111.0,190,3.0,4.0,,,,-0.068899997
279036,2020-09-11,Somerset,Pennsylvania,42111.0,192,3.0,2.0,,,,-0.122
279037,2020-09-12,Somerset,Pennsylvania,42111.0,195,3.0,3.0,,,,-0.09539999800000001
279038,2020-09-13,Somerset,Pennsylvania,42111.0,195,3.0,0.0,,,,-0.028999999
279039,2020-09-14,Somerset,Pennsylvania,42111.0,195,3.0,0.0,,,,0.0043600001
279040,2020-09-15,Somerset,Pennsylvania,42111.0,195,3.0,0.0,,,,-0.0252
279041,2020-09-16,Somerset,Pennsylvania,42111.0,195,3.0,0.0,,,,0.023800001
279042,2020-09-17,Somerset,Pennsylvania,42111.0,197,3.0,2.0,,,,-0.022299998999999997
279043,2020-09-18,Somerset,Pennsylvania,42111.0,201,3.0,4.0,,,,0.0091800001
279044,2020-09-19,Somerset,Pennsylvania,42111.0,203,3.0,2.0,,,,0.0233
279045,2020-09-20,Somerset,Pennsylvania,42111.0,205,3.0,2.0,,,,0.0139
279046,2020-09-21,Somerset,Pennsylvania,42111.0,206,3.0,1.0,,,,-0.016100001
279047,2020-09-22,Somerset,Pennsylvania,42111.0,206,3.0,0.0,,,,-0.0123
279048,2020-09-23,Somerset,Pennsylvania,42111.0,211,3.0,5.0,,,,0.027899998999999998
279049,2020-09-24,Somerset,Pennsylvania,42111.0,211,3.0,0.0,,,,-0.0050300001
279050,2020-09-25,Somerset,Pennsylvania,42111.0,212,3.0,1.0,,,,0.038400002
279051,2020-09-26,Somerset,Pennsylvania,42111.0,215,3.0,3.0,,,,-0.0067400001
279052,2020-09-27,Somerset,Pennsylvania,42111.0,218,3.0,3.0,,,,-0.0117
279053,2020-09-28,Somerset,Pennsylvania,42111.0,219,3.0,1.0,,,,0.0113
279054,2020-09-29,Somerset,Pennsylvania,42111.0,219,3.0,0.0,,,,0.079300001
279055,2020-09-30,Somerset,Pennsylvania,42111.0,220,3.0,1.0,,,,0.0614
279056,2020-10-01,Somerset,Pennsylvania,42111.0,225,3.0,5.0,,,,0.0309
279057,2020-10-02,Somerset,Pennsylvania,42111.0,231,3.0,6.0,,,,-0.0113
279058,2020-10-03,Somerset,Pennsylvania,42111.0,231,3.0,0.0,,,,0.0040799999
279059,2020-10-04,Somerset,Pennsylvania,42111.0,238,3.0,7.0,,,,-0.0010199999999999999
279060,2020-10-05,Somerset,Pennsylvania,42111.0,238,3.0,0.0,,,,-0.019200001
279061,2020-10-06,Somerset,Pennsylvania,42111.0,239,3.0,1.0,,,,-0.073299997
279062,2020-10-07,Somerset,Pennsylvania,42111.0,246,3.0,7.0,,,,-0.08500000099999999
279063,2020-10-08,Somerset,Pennsylvania,42111.0,259,3.0,13.0,,,,-0.074000001
279064,2020-10-09,Somerset,Pennsylvania,42111.0,261,3.0,2.0,,,,-0.057
279065,2020-10-10,Somerset,Pennsylvania,42111.0,265,3.0,4.0,,,,-0.077699997
279066,2020-10-11,Somerset,Pennsylvania,42111.0,273,3.0,8.0,,,,-0.071099997
279067,2020-10-12,Somerset,Pennsylvania,42111.0,274,3.0,1.0,,,,-0.084899999
279068,2020-10-13,Somerset,Pennsylvania,42111.0,278,3.0,4.0,,,,-0.0275
279069,2020-10-14,Somerset,Pennsylvania,42111.0,279,3.0,1.0,,,,-0.033500001
279070,2020-10-15,Somerset,Pennsylvania,42111.0,284,3.0,5.0,,,,-0.0154
279071,2020-10-16,Somerset,Pennsylvania,42111.0,308,3.0,24.0,,,,0.034699999
279072,2020-10-17,Somerset,Pennsylvania,42111.0,313,3.0,5.0,,,,0.092200004
279073,2020-10-18,Somerset,Pennsylvania,42111.0,319,3.0,6.0,,,,0.0524
279074,2020-10-19,Somerset,Pennsylvania,42111.0,325,3.0,6.0,,,,0.088100001
279075,2020-10-20,Somerset,Pennsylvania,42111.0,331,3.0,6.0,,,,0.095899999
279076,2020-10-21,Somerset,Pennsylvania,42111.0,334,3.0,3.0,,,,0.10400000000000001
279077,2020-10-22,Somerset,Pennsylvania,42111.0,344,3.0,10.0,,,,0.09440000400000001
279078,2020-10-23,Somerset,Pennsylvania,42111.0,355,3.0,11.0,,,,0.069200002
279079,2020-10-24,Somerset,Pennsylvania,42111.0,372,3.0,17.0,,,,0.043200000999999995
279080,2020-10-25,Somerset,Pennsylvania,42111.0,391,3.0,19.0,,,,0.07150000299999999
279081,2020-10-26,Somerset,Pennsylvania,42111.0,398,3.0,7.0,,,,0.0383
279082,2020-10-27,Somerset,Pennsylvania,42111.0,412,3.0,14.0,,,,0.023800001
279083,2020-10-28,Somerset,Pennsylvania,42111.0,420,3.0,8.0,,,,-0.020300001
279084,2020-10-29,Somerset,Pennsylvania,42111.0,434,3.0,14.0,,,,-0.0151
279085,2020-10-30,Somerset,Pennsylvania,42111.0,449,3.0,15.0,,,,-0.000978
279086,2020-10-31,Somerset,Pennsylvania,42111.0,461,3.0,12.0,,,,0.0337
279087,2020-11-01,Somerset,Pennsylvania,42111.0,474,3.0,13.0,,,,0.0229
279088,2020-11-02,Somerset,Pennsylvania,42111.0,488,3.0,14.0,,,,-0.0066999998
279089,2020-11-03,Somerset,Pennsylvania,42111.0,498,3.0,10.0,,,,-0.00035799998999999996
279090,2020-11-04,Somerset,Pennsylvania,42111.0,511,3.0,13.0,,,,-0.0070199999
279091,2020-11-05,Somerset,Pennsylvania,42111.0,514,3.0,3.0,,,,-0.051800001
279092,2020-11-06,Somerset,Pennsylvania,42111.0,531,3.0,17.0,,,,-0.070799999
279093,2020-11-07,Somerset,Pennsylvania,42111.0,559,3.0,28.0,,,,-0.132
279094,2020-11-08,Somerset,Pennsylvania,42111.0,573,3.0,14.0,,,,-0.11800000000000001
279095,2020-11-09,Somerset,Pennsylvania,42111.0,597,3.0,24.0,,,,-0.08919999699999999
279096,2020-11-10,Somerset,Pennsylvania,42111.0,692,4.0,95.0,,,,-0.10300000000000001
279097,2020-11-11,Somerset,Pennsylvania,42111.0,755,4.0,63.0,,,,-0.032900002000000005
279098,2020-11-12,Somerset,Pennsylvania,42111.0,770,5.0,15.0,,,,0.0115
279099,2020-11-13,Somerset,Pennsylvania,42111.0,841,5.0,71.0,,,,0.046500001
279100,2020-11-14,Somerset,Pennsylvania,42111.0,855,5.0,14.0,,,,0.126
279101,2020-11-15,Somerset,Pennsylvania,42111.0,899,5.0,44.0,,,,0.10400000000000001
279102,2020-11-16,Somerset,Pennsylvania,42111.0,933,5.0,34.0,,,,0.070699997
279103,2020-11-17,Somerset,Pennsylvania,42111.0,963,5.0,30.0,,,,0.070799999
279104,2020-11-18,Somerset,Pennsylvania,42111.0,1045,8.0,82.0,,,,0.11
279105,2020-11-19,Somerset,Pennsylvania,42111.0,1102,9.0,57.0,,,,0.067199998
279106,2020-11-20,Somerset,Pennsylvania,42111.0,1165,9.0,63.0,,,,0.023499999
279107,2020-11-21,Somerset,Pennsylvania,42111.0,1365,9.0,200.0,,,,-0.033799998
279108,2020-11-22,Somerset,Pennsylvania,42111.0,1445,9.0,80.0,,,,-0.026000001000000002
