,date,county,state,fips,cases,deaths,new_cases,emp_combined,emp_combined_inclow,revenue_all,spend_all
359787,2020-03-27,Union,South Dakota,46127.0,1,0.0,0.0,,,,-0.199
359788,2020-03-28,Union,South Dakota,46127.0,1,0.0,0.0,,,,-0.226
359789,2020-03-29,Union,South Dakota,46127.0,1,0.0,0.0,,,,-0.255
359790,2020-03-30,Union,South Dakota,46127.0,1,0.0,0.0,,,,-0.171
359791,2020-03-31,Union,South Dakota,46127.0,1,0.0,0.0,,,,-0.0997
359792,2020-04-01,Union,South Dakota,46127.0,1,0.0,0.0,,,,-0.229
359793,2020-04-02,Union,South Dakota,46127.0,3,0.0,2.0,,,,-0.402
359794,2020-04-03,Union,South Dakota,46127.0,3,0.0,0.0,,,,-0.461
359795,2020-04-04,Union,South Dakota,46127.0,3,0.0,0.0,,,,-0.447
359796,2020-04-05,Union,South Dakota,46127.0,3,0.0,0.0,,,,-0.406
359797,2020-04-06,Union,South Dakota,46127.0,3,0.0,0.0,,,,-0.386
359798,2020-04-07,Union,South Dakota,46127.0,3,0.0,0.0,,,,-0.335
359799,2020-04-08,Union,South Dakota,46127.0,3,0.0,0.0,,,,-0.281
359800,2020-04-09,Union,South Dakota,46127.0,3,0.0,0.0,,,,-0.297
359801,2020-04-10,Union,South Dakota,46127.0,3,0.0,0.0,,,,-0.0925
359802,2020-04-11,Union,South Dakota,46127.0,4,0.0,1.0,,,,-0.232
359803,2020-04-12,Union,South Dakota,46127.0,4,0.0,0.0,,,,-0.216
359804,2020-04-13,Union,South Dakota,46127.0,5,0.0,1.0,,,,-0.291
359805,2020-04-14,Union,South Dakota,46127.0,5,0.0,0.0,,,,-0.242
359806,2020-04-15,Union,South Dakota,46127.0,4,0.0,-1.0,,,,0.163
359807,2020-04-16,Union,South Dakota,46127.0,4,0.0,0.0,,,,-0.267
359808,2020-04-17,Union,South Dakota,46127.0,4,0.0,0.0,,,,-0.374
359809,2020-04-18,Union,South Dakota,46127.0,5,0.0,1.0,,,,-0.264
359810,2020-04-19,Union,South Dakota,46127.0,6,0.0,1.0,,,,-0.305
359811,2020-04-20,Union,South Dakota,46127.0,7,0.0,1.0,,,,-0.234
359812,2020-04-21,Union,South Dakota,46127.0,7,0.0,0.0,,,,-0.284
359813,2020-04-22,Union,South Dakota,46127.0,7,0.0,0.0,,,,-0.506
359814,2020-04-23,Union,South Dakota,46127.0,8,0.0,1.0,,,,-0.263
359815,2020-04-24,Union,South Dakota,46127.0,11,0.0,3.0,,,,-0.204
359816,2020-04-25,Union,South Dakota,46127.0,12,0.0,1.0,,,,-0.269
359817,2020-04-26,Union,South Dakota,46127.0,12,0.0,0.0,,,,-0.231
359818,2020-04-27,Union,South Dakota,46127.0,12,0.0,0.0,,,,-0.243
359819,2020-04-28,Union,South Dakota,46127.0,14,0.0,2.0,,,,-0.179
359820,2020-04-29,Union,South Dakota,46127.0,17,0.0,3.0,,,,-0.199
359821,2020-04-30,Union,South Dakota,46127.0,18,0.0,1.0,,,,-0.16
359822,2020-05-01,Union,South Dakota,46127.0,21,0.0,3.0,,,,-0.222
359823,2020-05-02,Union,South Dakota,46127.0,27,0.0,6.0,,,,-0.228
359824,2020-05-03,Union,South Dakota,46127.0,31,0.0,4.0,,,,-0.243
359825,2020-05-04,Union,South Dakota,46127.0,32,0.0,1.0,,,,-0.219
359826,2020-05-05,Union,South Dakota,46127.0,46,0.0,14.0,,,,-0.29
359827,2020-05-06,Union,South Dakota,46127.0,46,0.0,0.0,,,,-0.325
359828,2020-05-07,Union,South Dakota,46127.0,48,0.0,2.0,,,,-0.217
359829,2020-05-08,Union,South Dakota,46127.0,50,0.0,2.0,,,,-0.0884
359830,2020-05-09,Union,South Dakota,46127.0,53,0.0,3.0,,,,-0.117
359831,2020-05-10,Union,South Dakota,46127.0,53,0.0,0.0,,,,-0.154
359832,2020-05-11,Union,South Dakota,46127.0,53,0.0,0.0,,,,-0.174
359833,2020-05-12,Union,South Dakota,46127.0,56,0.0,3.0,,,,-0.137
359834,2020-05-13,Union,South Dakota,46127.0,56,0.0,0.0,,,,-0.0436
359835,2020-05-14,Union,South Dakota,46127.0,57,0.0,1.0,,,,-0.208
359836,2020-05-15,Union,South Dakota,46127.0,57,0.0,0.0,,,,-0.227
359837,2020-05-16,Union,South Dakota,46127.0,60,0.0,3.0,,,,-0.0953
359838,2020-05-17,Union,South Dakota,46127.0,60,0.0,0.0,,,,-0.0737
359839,2020-05-18,Union,South Dakota,46127.0,62,0.0,2.0,,,,-0.127
359840,2020-05-19,Union,South Dakota,46127.0,62,0.0,0.0,,,,-0.0741
359841,2020-05-20,Union,South Dakota,46127.0,68,0.0,6.0,,,,0.0461
359842,2020-05-21,Union,South Dakota,46127.0,68,0.0,0.0,,,,0.392
359843,2020-05-22,Union,South Dakota,46127.0,73,0.0,5.0,,,,0.329
359844,2020-05-23,Union,South Dakota,46127.0,75,0.0,2.0,,,,0.21
359845,2020-05-24,Union,South Dakota,46127.0,79,0.0,4.0,,,,0.206
359846,2020-05-25,Union,South Dakota,46127.0,79,0.0,0.0,,,,0.243
359847,2020-05-26,Union,South Dakota,46127.0,86,0.0,7.0,,,,0.0525
359848,2020-05-27,Union,South Dakota,46127.0,87,0.0,1.0,,,,0.01
359849,2020-05-28,Union,South Dakota,46127.0,88,0.0,1.0,,,,-0.379
359850,2020-05-29,Union,South Dakota,46127.0,88,0.0,0.0,,,,-0.3
359851,2020-05-30,Union,South Dakota,46127.0,89,0.0,1.0,,,,-0.268
359852,2020-05-31,Union,South Dakota,46127.0,89,0.0,0.0,,,,-0.251
359853,2020-06-01,Union,South Dakota,46127.0,91,0.0,2.0,,,,-0.0949
359854,2020-06-02,Union,South Dakota,46127.0,91,0.0,0.0,,,,-0.00351
359855,2020-06-03,Union,South Dakota,46127.0,92,0.0,1.0,,,,-0.0764
359856,2020-06-04,Union,South Dakota,46127.0,93,0.0,1.0,,,,0.0534
359857,2020-06-05,Union,South Dakota,46127.0,93,0.0,0.0,,,,0.166
359858,2020-06-06,Union,South Dakota,46127.0,98,0.0,5.0,,,,0.119
359859,2020-06-07,Union,South Dakota,46127.0,100,0.0,2.0,,,,0.0765
359860,2020-06-08,Union,South Dakota,46127.0,100,0.0,0.0,,,,0.0211
359861,2020-06-09,Union,South Dakota,46127.0,103,0.0,3.0,,,,-0.099
359862,2020-06-10,Union,South Dakota,46127.0,105,0.0,2.0,,,,-0.165
359863,2020-06-11,Union,South Dakota,46127.0,105,1.0,0.0,,,,-0.224
359864,2020-06-12,Union,South Dakota,46127.0,109,1.0,4.0,,,,-0.269
359865,2020-06-13,Union,South Dakota,46127.0,109,1.0,0.0,,,,-0.239
359866,2020-06-14,Union,South Dakota,46127.0,113,1.0,4.0,,,,-0.208
359867,2020-06-15,Union,South Dakota,46127.0,113,1.0,0.0,,,,-0.143
359868,2020-06-16,Union,South Dakota,46127.0,113,1.0,0.0,,,,0.057
359869,2020-06-17,Union,South Dakota,46127.0,113,1.0,0.0,,,,0.148
359870,2020-06-18,Union,South Dakota,46127.0,113,1.0,0.0,,,,0.247
359871,2020-06-19,Union,South Dakota,46127.0,114,1.0,1.0,,,,0.149
359872,2020-06-20,Union,South Dakota,46127.0,116,1.0,2.0,,,,0.222
359873,2020-06-21,Union,South Dakota,46127.0,117,1.0,1.0,,,,0.244
359874,2020-06-22,Union,South Dakota,46127.0,117,1.0,0.0,,,,0.216
359875,2020-06-23,Union,South Dakota,46127.0,117,1.0,0.0,,,,-0.0397
359876,2020-06-24,Union,South Dakota,46127.0,118,1.0,1.0,,,,0.0495
359877,2020-06-25,Union,South Dakota,46127.0,118,1.0,0.0,,,,0.056
359878,2020-06-26,Union,South Dakota,46127.0,118,1.0,0.0,,,,0.0491
359879,2020-06-27,Union,South Dakota,46127.0,119,1.0,1.0,,,,0.024
359880,2020-06-28,Union,South Dakota,46127.0,121,1.0,2.0,,,,0.0476
359881,2020-06-29,Union,South Dakota,46127.0,121,1.0,0.0,,,,0.04
359882,2020-06-30,Union,South Dakota,46127.0,123,1.0,2.0,,,,0.0464
359883,2020-07-01,Union,South Dakota,46127.0,124,1.0,1.0,,,,0.0373
359884,2020-07-02,Union,South Dakota,46127.0,126,1.0,2.0,,,,-0.0671
359885,2020-07-03,Union,South Dakota,46127.0,132,1.0,6.0,,,,-0.0725
359886,2020-07-04,Union,South Dakota,46127.0,133,1.0,1.0,,,,-0.0815
359887,2020-07-05,Union,South Dakota,46127.0,133,1.0,0.0,,,,-0.0725
359888,2020-07-06,Union,South Dakota,46127.0,137,1.0,4.0,,,,-0.0532
359889,2020-07-07,Union,South Dakota,46127.0,137,1.0,0.0,,,,-0.01
359890,2020-07-08,Union,South Dakota,46127.0,138,1.0,1.0,,,,-0.156
359891,2020-07-09,Union,South Dakota,46127.0,140,1.0,2.0,,,,-0.151
359892,2020-07-10,Union,South Dakota,46127.0,148,1.0,8.0,,,,-0.049
359893,2020-07-11,Union,South Dakota,46127.0,150,1.0,2.0,,,,-0.0341
359894,2020-07-12,Union,South Dakota,46127.0,151,1.0,1.0,,,,-0.0304
359895,2020-07-13,Union,South Dakota,46127.0,151,1.0,0.0,,,,-0.0804
359896,2020-07-14,Union,South Dakota,46127.0,156,1.0,5.0,,,,-0.14
359897,2020-07-15,Union,South Dakota,46127.0,156,1.0,0.0,,,,0.047
359898,2020-07-16,Union,South Dakota,46127.0,157,2.0,1.0,,,,0.171
359899,2020-07-17,Union,South Dakota,46127.0,157,2.0,0.0,,,,0.0884
359900,2020-07-18,Union,South Dakota,46127.0,159,2.0,2.0,,,,0.0417
359901,2020-07-19,Union,South Dakota,46127.0,161,2.0,2.0,,,,0.0227
359902,2020-07-20,Union,South Dakota,46127.0,164,2.0,3.0,,,,0.0266
359903,2020-07-21,Union,South Dakota,46127.0,166,2.0,2.0,,,,0.148
359904,2020-07-22,Union,South Dakota,46127.0,166,2.0,0.0,,,,0.0872
359905,2020-07-23,Union,South Dakota,46127.0,168,2.0,2.0,,,,0.000154
359906,2020-07-24,Union,South Dakota,46127.0,171,2.0,3.0,,,,0.0297
359907,2020-07-25,Union,South Dakota,46127.0,172,2.0,1.0,,,,0.0104
359908,2020-07-26,Union,South Dakota,46127.0,175,2.0,3.0,,,,0.064
359909,2020-07-27,Union,South Dakota,46127.0,178,2.0,3.0,,,,0.136
359910,2020-07-28,Union,South Dakota,46127.0,180,2.0,2.0,,,,-0.0432
359911,2020-07-29,Union,South Dakota,46127.0,187,3.0,7.0,,,,-0.0437
359912,2020-07-30,Union,South Dakota,46127.0,187,3.0,0.0,,,,-0.00461
359913,2020-07-31,Union,South Dakota,46127.0,191,3.0,4.0,,,,-0.0349
359914,2020-08-01,Union,South Dakota,46127.0,195,4.0,4.0,,,,-0.00568
359915,2020-08-02,Union,South Dakota,46127.0,196,4.0,1.0,,,,-0.0587
359916,2020-08-03,Union,South Dakota,46127.0,199,4.0,3.0,,,,-0.0768
359917,2020-08-04,Union,South Dakota,46127.0,201,4.0,2.0,,,,0.0628
359918,2020-08-05,Union,South Dakota,46127.0,204,4.0,3.0,,,,0.0328
359919,2020-08-06,Union,South Dakota,46127.0,208,4.0,4.0,,,,-0.0239
359920,2020-08-07,Union,South Dakota,46127.0,209,4.0,1.0,,,,-0.0649
359921,2020-08-08,Union,South Dakota,46127.0,213,4.0,4.0,,,,-0.0995
359922,2020-08-09,Union,South Dakota,46127.0,214,4.0,1.0,,,,-0.0344
359923,2020-08-10,Union,South Dakota,46127.0,216,4.0,2.0,,,,0.039
359924,2020-08-11,Union,South Dakota,46127.0,216,4.0,0.0,,,,-0.0378
359925,2020-08-12,Union,South Dakota,46127.0,217,4.0,1.0,,,,-0.00302
359926,2020-08-13,Union,South Dakota,46127.0,220,4.0,3.0,,,,0.00307
359927,2020-08-14,Union,South Dakota,46127.0,221,4.0,1.0,,,,0.0893
359928,2020-08-15,Union,South Dakota,46127.0,223,4.0,2.0,,,,0.261
359929,2020-08-16,Union,South Dakota,46127.0,223,4.0,0.0,,,,0.15
359930,2020-08-17,Union,South Dakota,46127.0,223,4.0,0.0,,,,0.0125
359931,2020-08-18,Union,South Dakota,46127.0,223,4.0,0.0,,,,-0.00212
359932,2020-08-19,Union,South Dakota,46127.0,224,4.0,1.0,,,,0.0149
359933,2020-08-20,Union,South Dakota,46127.0,230,4.0,6.0,,,,0.0362
359934,2020-08-21,Union,South Dakota,46127.0,231,4.0,1.0,,,,-0.113
359935,2020-08-22,Union,South Dakota,46127.0,232,4.0,1.0,,,,-0.191
359936,2020-08-23,Union,South Dakota,46127.0,232,4.0,0.0,,,,-0.108
359937,2020-08-24,Union,South Dakota,46127.0,235,4.0,3.0,,,,-0.0804
359938,2020-08-25,Union,South Dakota,46127.0,237,4.0,2.0,,,,-0.103
359939,2020-08-26,Union,South Dakota,46127.0,237,4.0,0.0,,,,-0.0683
359940,2020-08-27,Union,South Dakota,46127.0,244,4.0,7.0,,,,0.0124
359941,2020-08-28,Union,South Dakota,46127.0,249,4.0,5.0,,,,-0.000172
359942,2020-08-29,Union,South Dakota,46127.0,255,4.0,6.0,,,,-0.0862
359943,2020-08-30,Union,South Dakota,46127.0,263,4.0,8.0,,,,-0.0764
359944,2020-08-31,Union,South Dakota,46127.0,265,4.0,2.0,,,,-0.0426
359945,2020-09-01,Union,South Dakota,46127.0,270,4.0,5.0,,,,-0.0634
359946,2020-09-02,Union,South Dakota,46127.0,273,5.0,3.0,,,,-0.0356
359947,2020-09-03,Union,South Dakota,46127.0,280,5.0,7.0,,,,0.0122
359948,2020-09-04,Union,South Dakota,46127.0,288,5.0,8.0,,,,0.0388
359949,2020-09-05,Union,South Dakota,46127.0,290,5.0,2.0,,,,0.127
359950,2020-09-06,Union,South Dakota,46127.0,290,5.0,0.0,,,,0.141
359951,2020-09-07,Union,South Dakota,46127.0,290,5.0,0.0,,,,0.102
359952,2020-09-08,Union,South Dakota,46127.0,295,5.0,5.0,,,,0.176
359953,2020-09-09,Union,South Dakota,46127.0,296,5.0,1.0,,,,0.257
359954,2020-09-10,Union,South Dakota,46127.0,298,5.0,2.0,,,,0.0859
359955,2020-09-11,Union,South Dakota,46127.0,302,5.0,4.0,,,,0.0723
359956,2020-09-12,Union,South Dakota,46127.0,318,5.0,16.0,,,,0.0496
359957,2020-09-13,Union,South Dakota,46127.0,319,5.0,1.0,,,,0.068
359958,2020-09-14,Union,South Dakota,46127.0,329,5.0,10.0,,,,-0.00834
359959,2020-09-15,Union,South Dakota,46127.0,332,5.0,3.0,,,,-0.186
359960,2020-09-16,Union,South Dakota,46127.0,329,5.0,-3.0,,,,-0.264
359961,2020-09-17,Union,South Dakota,46127.0,335,6.0,6.0,,,,-0.166
359962,2020-09-18,Union,South Dakota,46127.0,341,6.0,6.0,,,,-0.0305
359963,2020-09-19,Union,South Dakota,46127.0,349,6.0,8.0,,,,-0.0415
359964,2020-09-20,Union,South Dakota,46127.0,351,6.0,2.0,,,,-0.105
359965,2020-09-21,Union,South Dakota,46127.0,357,6.0,6.0,,,,-0.0269
359966,2020-09-22,Union,South Dakota,46127.0,360,6.0,3.0,,,,0.076
359967,2020-09-23,Union,South Dakota,46127.0,367,6.0,7.0,,,,0.0844
359968,2020-09-24,Union,South Dakota,46127.0,375,7.0,8.0,,,,0.0588
359969,2020-09-25,Union,South Dakota,46127.0,384,7.0,9.0,,,,0.0243
359970,2020-09-26,Union,South Dakota,46127.0,394,7.0,10.0,,,,0.0388
359971,2020-09-27,Union,South Dakota,46127.0,402,7.0,8.0,,,,0.0514
359972,2020-09-28,Union,South Dakota,46127.0,402,7.0,0.0,,,,0.0286
359973,2020-09-29,Union,South Dakota,46127.0,404,7.0,2.0,,,,0.016
359974,2020-09-30,Union,South Dakota,46127.0,408,7.0,4.0,,,,0.0328
359975,2020-10-01,Union,South Dakota,46127.0,442,8.0,34.0,,,,0.106
359976,2020-10-02,Union,South Dakota,46127.0,444,8.0,2.0,,,,0.0375
359977,2020-10-03,Union,South Dakota,46127.0,454,9.0,10.0,,,,0.0201
359978,2020-10-04,Union,South Dakota,46127.0,458,9.0,4.0,,,,0.0544
359979,2020-10-05,Union,South Dakota,46127.0,458,9.0,0.0,,,,0.145
359980,2020-10-06,Union,South Dakota,46127.0,462,9.0,4.0,,,,0.18
359981,2020-10-07,Union,South Dakota,46127.0,485,10.0,23.0,,,,0.0141
359982,2020-10-08,Union,South Dakota,46127.0,514,10.0,29.0,,,,-0.0122
359983,2020-10-09,Union,South Dakota,46127.0,526,10.0,12.0,,,,0.0865
359984,2020-10-10,Union,South Dakota,46127.0,539,10.0,13.0,,,,0.088
359985,2020-10-11,Union,South Dakota,46127.0,555,10.0,16.0,,,,0.034
359986,2020-10-12,Union,South Dakota,46127.0,571,10.0,16.0,,,,0.105
359987,2020-10-13,Union,South Dakota,46127.0,586,10.0,15.0,,,,-0.0205
359988,2020-10-14,Union,South Dakota,46127.0,599,10.0,13.0,,,,0.0482
359989,2020-10-15,Union,South Dakota,46127.0,620,10.0,21.0,,,,0.125
359990,2020-10-16,Union,South Dakota,46127.0,630,10.0,10.0,,,,0.0571
359991,2020-10-17,Union,South Dakota,46127.0,643,10.0,13.0,,,,0.0689
359992,2020-10-18,Union,South Dakota,46127.0,656,10.0,13.0,,,,0.156
359993,2020-10-19,Union,South Dakota,46127.0,660,10.0,4.0,,,,0.099
359994,2020-10-20,Union,South Dakota,46127.0,669,10.0,9.0,,,,0.0604
359995,2020-10-21,Union,South Dakota,46127.0,673,10.0,4.0,,,,0.104
359996,2020-10-22,Union,South Dakota,46127.0,686,10.0,13.0,,,,0.00218
359997,2020-10-23,Union,South Dakota,46127.0,703,11.0,17.0,,,,0.0658
359998,2020-10-24,Union,South Dakota,46127.0,708,11.0,5.0,,,,0.094
359999,2020-10-25,Union,South Dakota,46127.0,719,11.0,11.0,,,,-0.0073
360000,2020-10-26,Union,South Dakota,46127.0,725,11.0,6.0,,,,-0.0687
360001,2020-10-27,Union,South Dakota,46127.0,732,11.0,7.0,,,,-0.0339
360002,2020-10-28,Union,South Dakota,46127.0,747,11.0,15.0,,,,0.128
360003,2020-10-29,Union,South Dakota,46127.0,758,11.0,11.0,,,,0.0558
360004,2020-10-30,Union,South Dakota,46127.0,773,11.0,15.0,,,,-0.0633
360005,2020-10-31,Union,South Dakota,46127.0,790,12.0,17.0,,,,-0.122
360006,2020-11-01,Union,South Dakota,46127.0,807,12.0,17.0,,,,-0.1
360007,2020-11-02,Union,South Dakota,46127.0,808,12.0,1.0,,,,-0.0284
360008,2020-11-03,Union,South Dakota,46127.0,820,12.0,12.0,,,,-0.0226
360009,2020-11-04,Union,South Dakota,46127.0,826,12.0,6.0,,,,-0.194
360010,2020-11-05,Union,South Dakota,46127.0,843,14.0,17.0,,,,-0.00356
360011,2020-11-06,Union,South Dakota,46127.0,863,16.0,20.0,,,,0.0996
360012,2020-11-07,Union,South Dakota,46127.0,887,16.0,24.0,,,,0.111
360013,2020-11-08,Union,South Dakota,46127.0,902,16.0,15.0,,,,0.172
360014,2020-11-09,Union,South Dakota,46127.0,921,16.0,19.0,,,,0.154
360015,2020-11-10,Union,South Dakota,46127.0,929,17.0,8.0,,,,0.0905
360016,2020-11-11,Union,South Dakota,46127.0,940,17.0,11.0,,,,0.101
360017,2020-11-12,Union,South Dakota,46127.0,973,17.0,33.0,,,,-0.0597
360018,2020-11-13,Union,South Dakota,46127.0,986,17.0,13.0,,,,-0.0733
360019,2020-11-14,Union,South Dakota,46127.0,1014,18.0,28.0,,,,0.0151
360020,2020-11-15,Union,South Dakota,46127.0,1032,18.0,18.0,,,,-0.0155
360021,2020-11-16,Union,South Dakota,46127.0,1051,18.0,19.0,,,,-0.0277
360022,2020-11-17,Union,South Dakota,46127.0,1072,18.0,21.0,,,,0.0273
360023,2020-11-18,Union,South Dakota,46127.0,1091,19.0,19.0,,,,0.0283
360024,2020-11-19,Union,South Dakota,46127.0,1109,19.0,18.0,,,,0.0357
360025,2020-11-20,Union,South Dakota,46127.0,1127,20.0,18.0,,,,0.0413
360026,2020-11-21,Union,South Dakota,46127.0,1148,23.0,21.0,,,,-0.0431
360027,2020-11-22,Union,South Dakota,46127.0,1157,23.0,9.0,,,,-0.0609
360028,2020-11-23,Union,South Dakota,46127.0,1171,23.0,14.0,,,,-0.00679
360029,2020-11-24,Union,South Dakota,46127.0,1183,23.0,12.0,,,,0.0165
360030,2020-11-25,Union,South Dakota,46127.0,1194,23.0,11.0,,,,-0.0618
360031,2020-11-26,Union,South Dakota,46127.0,1194,23.0,0.0,,,,-0.0852
360032,2020-11-27,Union,South Dakota,46127.0,1217,23.0,23.0,,,,-0.0922
360033,2020-11-28,Union,South Dakota,46127.0,1237,25.0,20.0,,,,0.0901
360034,2020-11-29,Union,South Dakota,46127.0,1248,25.0,11.0,,,,0.0629
360035,2020-11-30,Union,South Dakota,46127.0,1252,25.0,4.0,,,,-0.103
360036,2020-12-01,Union,South Dakota,46127.0,1259,25.0,7.0,,,,0.078
360037,2020-12-02,Union,South Dakota,46127.0,1269,25.0,10.0,,,,0.149
360038,2020-12-03,Union,South Dakota,46127.0,1281,25.0,12.0,,,,0.243
360039,2020-12-04,Union,South Dakota,46127.0,1295,25.0,14.0,,,,0.371
360040,2020-12-05,Union,South Dakota,46127.0,1300,25.0,5.0,,,,0.0422
360041,2020-12-06,Union,South Dakota,46127.0,1315,25.0,15.0,,,,0.0388
360042,2020-12-07,Union,South Dakota,46127.0,1338,25.0,23.0,,,,0.213
360043,2020-12-08,Union,South Dakota,46127.0,1345,25.0,7.0,,,,0.018
360044,2020-12-09,Union,South Dakota,46127.0,1358,25.0,13.0,,,,0.0333
360045,2020-12-10,Union,South Dakota,46127.0,1375,25.0,17.0,,,,-0.096
360046,2020-12-11,Union,South Dakota,46127.0,1391,25.0,16.0,,,,-0.246
360047,2020-12-12,Union,South Dakota,46127.0,1405,25.0,14.0,,,,-0.135
360048,2020-12-13,Union,South Dakota,46127.0,1431,25.0,26.0,,,,-0.174
360049,2020-12-14,Union,South Dakota,46127.0,1436,25.0,5.0,,,,-0.13
360050,2020-12-15,Union,South Dakota,46127.0,1440,25.0,4.0,,,,-0.017
360051,2020-12-16,Union,South Dakota,46127.0,1453,27.0,13.0,,,,-0.0413
360052,2020-12-17,Union,South Dakota,46127.0,1470,27.0,17.0,,,,-0.0158
360053,2020-12-18,Union,South Dakota,46127.0,1481,28.0,11.0,,,,0.0319
360054,2020-12-19,Union,South Dakota,46127.0,1494,28.0,13.0,,,,0.00667
360055,2020-12-20,Union,South Dakota,46127.0,1512,30.0,18.0,,,,0.0441
360056,2020-12-21,Union,South Dakota,46127.0,1518,30.0,6.0,,,,-0.0237
360057,2020-12-22,Union,South Dakota,46127.0,1526,30.0,8.0,,,,0.0546
360058,2020-12-23,Union,South Dakota,46127.0,1540,30.0,14.0,,,,-0.0151
360059,2020-12-24,Union,South Dakota,46127.0,1556,30.0,16.0,,,,-0.029
360060,2020-12-25,Union,South Dakota,46127.0,1556,30.0,0.0,,,,0.00192
360061,2020-12-26,Union,South Dakota,46127.0,1566,30.0,10.0,,,,-0.0382
