,date,county,state,fips,cases,deaths,new_cases,emp_combined,emp_combined_inclow,revenue_all,spend_all
296150,2020-03-24,Claiborne,Tennessee,47025.0,1,0.0,0.0,,,,0.044399999
296151,2020-03-25,Claiborne,Tennessee,47025.0,1,0.0,0.0,,,,-0.0065700002
296152,2020-03-26,Claiborne,Tennessee,47025.0,2,0.0,1.0,,,,-0.07829999900000001
296153,2020-03-27,Claiborne,Tennessee,47025.0,2,0.0,0.0,,,,-0.09269999699999999
296154,2020-03-28,Claiborne,Tennessee,47025.0,2,0.0,0.0,,,,-0.099399999
296155,2020-03-29,Claiborne,Tennessee,47025.0,2,0.0,0.0,,,,-0.111
296156,2020-03-30,Claiborne,Tennessee,47025.0,2,0.0,0.0,,,,-0.17299999
296157,2020-03-31,Claiborne,Tennessee,47025.0,2,0.0,0.0,,,,-0.14300001
296158,2020-04-01,Claiborne,Tennessee,47025.0,2,0.0,0.0,,,,-0.11699999999999999
296159,2020-04-02,Claiborne,Tennessee,47025.0,2,0.0,0.0,,,,-0.109
296160,2020-04-03,Claiborne,Tennessee,47025.0,2,0.0,0.0,,,,-0.06329999900000001
296161,2020-04-04,Claiborne,Tennessee,47025.0,2,0.0,0.0,,,,-0.0155
296162,2020-04-05,Claiborne,Tennessee,47025.0,2,0.0,0.0,,,,0.042399999
296163,2020-04-06,Claiborne,Tennessee,47025.0,2,0.0,0.0,,,,0.07980000200000001
296164,2020-04-07,Claiborne,Tennessee,47025.0,2,0.0,0.0,,,,0.0722
296165,2020-04-08,Claiborne,Tennessee,47025.0,2,0.0,0.0,,,,0.079400003
296166,2020-04-09,Claiborne,Tennessee,47025.0,2,0.0,0.0,,,,0.12800001
296167,2020-04-10,Claiborne,Tennessee,47025.0,3,0.0,1.0,,,,0.10099999999999999
296168,2020-04-11,Claiborne,Tennessee,47025.0,3,0.0,0.0,,,,0.064099997
296169,2020-04-12,Claiborne,Tennessee,47025.0,3,0.0,0.0,,,,-0.00156
296170,2020-04-13,Claiborne,Tennessee,47025.0,4,0.0,1.0,,,,-0.0006280000099999999
296171,2020-04-14,Claiborne,Tennessee,47025.0,5,0.0,1.0,,,,0.064499997
296172,2020-04-15,Claiborne,Tennessee,47025.0,5,0.0,0.0,,,,0.037700001000000004
296173,2020-04-16,Claiborne,Tennessee,47025.0,5,0.0,0.0,,,,0.088100001
296174,2020-04-17,Claiborne,Tennessee,47025.0,5,0.0,0.0,,,,0.10300000000000001
296175,2020-04-18,Claiborne,Tennessee,47025.0,5,0.0,0.0,,,,0.102
296176,2020-04-19,Claiborne,Tennessee,47025.0,5,0.0,0.0,,,,0.125
296177,2020-04-20,Claiborne,Tennessee,47025.0,5,0.0,0.0,,,,0.06610000099999999
296178,2020-04-21,Claiborne,Tennessee,47025.0,5,0.0,0.0,,,,0.0067599997999999994
296179,2020-04-22,Claiborne,Tennessee,47025.0,5,0.0,0.0,,,,0.0447
296180,2020-04-23,Claiborne,Tennessee,47025.0,5,0.0,0.0,,,,0.00103
296181,2020-04-24,Claiborne,Tennessee,47025.0,5,0.0,0.0,,,,0.016799999
296182,2020-04-25,Claiborne,Tennessee,47025.0,5,0.0,0.0,,,,0.046799999
296183,2020-04-26,Claiborne,Tennessee,47025.0,5,0.0,0.0,,,,0.0096100001
296184,2020-04-27,Claiborne,Tennessee,47025.0,5,0.0,0.0,,,,0.081299998
296185,2020-04-28,Claiborne,Tennessee,47025.0,5,0.0,0.0,,,,0.091700003
296186,2020-04-29,Claiborne,Tennessee,47025.0,5,0.0,0.0,,,,0.24600001
296187,2020-04-30,Claiborne,Tennessee,47025.0,5,0.0,0.0,,,,0.235
296188,2020-05-01,Claiborne,Tennessee,47025.0,5,0.0,0.0,,,,0.23800001
296189,2020-05-02,Claiborne,Tennessee,47025.0,5,0.0,0.0,,,,0.235
296190,2020-05-03,Claiborne,Tennessee,47025.0,5,0.0,0.0,,,,0.29699999
296191,2020-05-04,Claiborne,Tennessee,47025.0,5,0.0,0.0,,,,0.23800001
296192,2020-05-05,Claiborne,Tennessee,47025.0,6,0.0,1.0,,,,0.184
296193,2020-05-06,Claiborne,Tennessee,47025.0,6,0.0,0.0,,,,0.15899999
296194,2020-05-07,Claiborne,Tennessee,47025.0,7,0.0,1.0,,,,0.2
296195,2020-05-08,Claiborne,Tennessee,47025.0,7,0.0,0.0,,,,0.18899999999999997
296196,2020-05-09,Claiborne,Tennessee,47025.0,7,0.0,0.0,,,,0.23800001
296197,2020-05-10,Claiborne,Tennessee,47025.0,7,0.0,0.0,,,,0.22699999999999998
296198,2020-05-11,Claiborne,Tennessee,47025.0,7,0.0,0.0,,,,0.22
296199,2020-05-12,Claiborne,Tennessee,47025.0,7,0.0,0.0,,,,0.127
296200,2020-05-13,Claiborne,Tennessee,47025.0,7,0.0,0.0,,,,0.131
296201,2020-05-14,Claiborne,Tennessee,47025.0,7,0.0,0.0,,,,0.113
296202,2020-05-15,Claiborne,Tennessee,47025.0,7,0.0,0.0,,,,0.146
296203,2020-05-16,Claiborne,Tennessee,47025.0,7,0.0,0.0,,,,0.09470000099999999
296204,2020-05-17,Claiborne,Tennessee,47025.0,7,0.0,0.0,,,,0.052000001
296205,2020-05-18,Claiborne,Tennessee,47025.0,8,0.0,1.0,,,,0.08560000400000001
296206,2020-05-19,Claiborne,Tennessee,47025.0,8,0.0,0.0,,,,0.090400003
296207,2020-05-20,Claiborne,Tennessee,47025.0,8,0.0,0.0,,,,0.075099997
296208,2020-05-21,Claiborne,Tennessee,47025.0,8,0.0,0.0,,,,0.0682
296209,2020-05-22,Claiborne,Tennessee,47025.0,8,0.0,0.0,,,,0.0788
296210,2020-05-23,Claiborne,Tennessee,47025.0,8,0.0,0.0,,,,0.069200002
296211,2020-05-24,Claiborne,Tennessee,47025.0,8,0.0,0.0,,,,0.11800000000000001
296212,2020-05-25,Claiborne,Tennessee,47025.0,8,0.0,0.0,,,,0.124
296213,2020-05-26,Claiborne,Tennessee,47025.0,8,0.0,0.0,,,,0.17299999
296214,2020-05-27,Claiborne,Tennessee,47025.0,8,0.0,0.0,,,,0.192
296215,2020-05-28,Claiborne,Tennessee,47025.0,9,0.0,1.0,,,,0.23800001
296216,2020-05-29,Claiborne,Tennessee,47025.0,9,0.0,0.0,,,,0.22699999999999998
296217,2020-05-30,Claiborne,Tennessee,47025.0,9,0.0,0.0,,,,0.22
296218,2020-05-31,Claiborne,Tennessee,47025.0,9,0.0,0.0,,,,0.16
296219,2020-06-01,Claiborne,Tennessee,47025.0,9,0.0,0.0,,,,0.19899999999999998
296220,2020-06-02,Claiborne,Tennessee,47025.0,12,0.0,3.0,,,,0.20100001
296221,2020-06-03,Claiborne,Tennessee,47025.0,12,0.0,0.0,,,,0.19499999
296222,2020-06-04,Claiborne,Tennessee,47025.0,12,0.0,0.0,,,,0.163
296223,2020-06-05,Claiborne,Tennessee,47025.0,12,0.0,0.0,,,,0.16699999999999998
296224,2020-06-06,Claiborne,Tennessee,47025.0,12,0.0,0.0,,,,0.096199997
296225,2020-06-07,Claiborne,Tennessee,47025.0,14,0.0,2.0,,,,0.154
296226,2020-06-08,Claiborne,Tennessee,47025.0,14,0.0,0.0,,,,0.13500001
296227,2020-06-09,Claiborne,Tennessee,47025.0,14,0.0,0.0,,,,0.14300001
296228,2020-06-10,Claiborne,Tennessee,47025.0,15,0.0,1.0,,,,0.16
296229,2020-06-11,Claiborne,Tennessee,47025.0,15,0.0,0.0,,,,0.19499999
296230,2020-06-12,Claiborne,Tennessee,47025.0,15,0.0,0.0,,,,0.205
296231,2020-06-13,Claiborne,Tennessee,47025.0,15,0.0,0.0,,,,0.31600001
296232,2020-06-14,Claiborne,Tennessee,47025.0,15,0.0,0.0,,,,0.28999999
296233,2020-06-15,Claiborne,Tennessee,47025.0,15,0.0,0.0,,,,0.28999999
296234,2020-06-16,Claiborne,Tennessee,47025.0,15,0.0,0.0,,,,0.30599999
296235,2020-06-17,Claiborne,Tennessee,47025.0,15,0.0,0.0,,,,0.33899999
296236,2020-06-18,Claiborne,Tennessee,47025.0,16,0.0,1.0,,,,0.32499999
296237,2020-06-19,Claiborne,Tennessee,47025.0,16,0.0,0.0,,,,0.30199999
296238,2020-06-20,Claiborne,Tennessee,47025.0,16,0.0,0.0,,,,0.31600001
296239,2020-06-21,Claiborne,Tennessee,47025.0,16,0.0,0.0,,,,0.31999999
296240,2020-06-22,Claiborne,Tennessee,47025.0,16,0.0,0.0,,,,0.331
296241,2020-06-23,Claiborne,Tennessee,47025.0,18,0.0,2.0,,,,0.287
296242,2020-06-24,Claiborne,Tennessee,47025.0,18,0.0,0.0,,,,0.18000001
296243,2020-06-25,Claiborne,Tennessee,47025.0,19,0.0,1.0,,,,0.204
296244,2020-06-26,Claiborne,Tennessee,47025.0,19,0.0,0.0,,,,0.149
296245,2020-06-27,Claiborne,Tennessee,47025.0,21,0.0,2.0,,,,0.056699999
296246,2020-06-28,Claiborne,Tennessee,47025.0,21,0.0,0.0,,,,0.0374
296247,2020-06-29,Claiborne,Tennessee,47025.0,24,0.0,3.0,,,,0.0035900001
296248,2020-06-30,Claiborne,Tennessee,47025.0,25,0.0,1.0,,,,0.069399998
296249,2020-07-01,Claiborne,Tennessee,47025.0,28,0.0,3.0,,,,0.125
296250,2020-07-02,Claiborne,Tennessee,47025.0,32,0.0,4.0,,,,0.106
296251,2020-07-03,Claiborne,Tennessee,47025.0,41,0.0,9.0,,,,0.149
296252,2020-07-04,Claiborne,Tennessee,47025.0,44,0.0,3.0,,,,0.192
296253,2020-07-05,Claiborne,Tennessee,47025.0,45,0.0,1.0,,,,0.18700001
296254,2020-07-06,Claiborne,Tennessee,47025.0,48,0.0,3.0,,,,0.168
296255,2020-07-07,Claiborne,Tennessee,47025.0,53,0.0,5.0,,,,0.163
296256,2020-07-08,Claiborne,Tennessee,47025.0,59,0.0,6.0,,,,0.111
296257,2020-07-09,Claiborne,Tennessee,47025.0,61,0.0,2.0,,,,0.11800000000000001
296258,2020-07-10,Claiborne,Tennessee,47025.0,68,0.0,7.0,,,,0.13699999
296259,2020-07-11,Claiborne,Tennessee,47025.0,68,0.0,0.0,,,,0.17200001
296260,2020-07-12,Claiborne,Tennessee,47025.0,68,0.0,0.0,,,,0.17800000000000002
296261,2020-07-13,Claiborne,Tennessee,47025.0,76,0.0,8.0,,,,0.16
296262,2020-07-14,Claiborne,Tennessee,47025.0,80,0.0,4.0,,,,0.10300000000000001
296263,2020-07-15,Claiborne,Tennessee,47025.0,86,0.0,6.0,,,,0.19899999999999998
296264,2020-07-16,Claiborne,Tennessee,47025.0,91,0.0,5.0,,,,0.12800001
296265,2020-07-17,Claiborne,Tennessee,47025.0,104,0.0,13.0,,,,0.121
296266,2020-07-18,Claiborne,Tennessee,47025.0,110,0.0,6.0,,,,0.111
296267,2020-07-19,Claiborne,Tennessee,47025.0,113,0.0,3.0,,,,0.076499999
296268,2020-07-20,Claiborne,Tennessee,47025.0,118,0.0,5.0,,,,0.0955
296269,2020-07-21,Claiborne,Tennessee,47025.0,124,0.0,6.0,,,,0.089299999
296270,2020-07-22,Claiborne,Tennessee,47025.0,127,0.0,3.0,,,,0.19899999999999998
296271,2020-07-23,Claiborne,Tennessee,47025.0,135,0.0,8.0,,,,0.21899999999999997
296272,2020-07-24,Claiborne,Tennessee,47025.0,143,0.0,8.0,,,,0.26199999
296273,2020-07-25,Claiborne,Tennessee,47025.0,152,0.0,9.0,,,,0.289
296274,2020-07-26,Claiborne,Tennessee,47025.0,157,0.0,5.0,,,,0.25099999
296275,2020-07-27,Claiborne,Tennessee,47025.0,163,0.0,6.0,,,,0.26300001
296276,2020-07-28,Claiborne,Tennessee,47025.0,169,0.0,6.0,,,,0.244
296277,2020-07-29,Claiborne,Tennessee,47025.0,178,0.0,9.0,,,,0.146
296278,2020-07-30,Claiborne,Tennessee,47025.0,195,0.0,17.0,,,,0.132
296279,2020-07-31,Claiborne,Tennessee,47025.0,206,0.0,11.0,,,,0.066299997
296280,2020-08-01,Claiborne,Tennessee,47025.0,210,0.0,4.0,,,,0.090400003
296281,2020-08-02,Claiborne,Tennessee,47025.0,212,0.0,2.0,,,,0.182
296282,2020-08-03,Claiborne,Tennessee,47025.0,221,0.0,9.0,,,,0.19899999999999998
296283,2020-08-04,Claiborne,Tennessee,47025.0,235,0.0,14.0,,,,0.212
296284,2020-08-05,Claiborne,Tennessee,47025.0,235,0.0,0.0,,,,0.223
296285,2020-08-06,Claiborne,Tennessee,47025.0,242,0.0,7.0,,,,0.29499999
296286,2020-08-07,Claiborne,Tennessee,47025.0,255,0.0,13.0,,,,0.34200001
296287,2020-08-08,Claiborne,Tennessee,47025.0,266,0.0,11.0,,,,0.36700001
296288,2020-08-09,Claiborne,Tennessee,47025.0,272,0.0,6.0,,,,0.315
296289,2020-08-10,Claiborne,Tennessee,47025.0,276,0.0,4.0,,,,0.28
296290,2020-08-11,Claiborne,Tennessee,47025.0,277,0.0,1.0,,,,0.32300001
296291,2020-08-12,Claiborne,Tennessee,47025.0,281,0.0,4.0,,,,0.29300001
296292,2020-08-13,Claiborne,Tennessee,47025.0,296,0.0,15.0,,,,0.27000001
296293,2020-08-14,Claiborne,Tennessee,47025.0,301,0.0,5.0,,,,0.27599999
296294,2020-08-15,Claiborne,Tennessee,47025.0,305,0.0,4.0,,,,0.33899999
296295,2020-08-16,Claiborne,Tennessee,47025.0,306,1.0,1.0,,,,0.382
296296,2020-08-17,Claiborne,Tennessee,47025.0,313,1.0,7.0,,,,0.361
296297,2020-08-18,Claiborne,Tennessee,47025.0,315,1.0,2.0,,,,0.29699999
296298,2020-08-19,Claiborne,Tennessee,47025.0,323,1.0,8.0,,,,0.31600001
296299,2020-08-20,Claiborne,Tennessee,47025.0,328,2.0,5.0,,,,0.28200001
296300,2020-08-21,Claiborne,Tennessee,47025.0,334,2.0,6.0,,,,0.21899999999999997
296301,2020-08-22,Claiborne,Tennessee,47025.0,338,2.0,4.0,,,,0.115
296302,2020-08-23,Claiborne,Tennessee,47025.0,344,2.0,6.0,,,,0.067599997
296303,2020-08-24,Claiborne,Tennessee,47025.0,345,2.0,1.0,,,,0.074000001
296304,2020-08-25,Claiborne,Tennessee,47025.0,346,3.0,1.0,,,,0.11199999999999999
296305,2020-08-26,Claiborne,Tennessee,47025.0,345,3.0,-1.0,,,,0.127
296306,2020-08-27,Claiborne,Tennessee,47025.0,349,3.0,4.0,,,,0.184
296307,2020-08-28,Claiborne,Tennessee,47025.0,354,3.0,5.0,,,,0.245
296308,2020-08-29,Claiborne,Tennessee,47025.0,354,3.0,0.0,,,,0.28999999
296309,2020-08-30,Claiborne,Tennessee,47025.0,363,3.0,9.0,,,,0.18000001
296310,2020-08-31,Claiborne,Tennessee,47025.0,366,3.0,3.0,,,,0.161
296311,2020-09-01,Claiborne,Tennessee,47025.0,368,3.0,2.0,,,,0.14800000000000002
296312,2020-09-02,Claiborne,Tennessee,47025.0,372,3.0,4.0,,,,0.125
296313,2020-09-03,Claiborne,Tennessee,47025.0,364,3.0,-8.0,,,,0.074900001
296314,2020-09-04,Claiborne,Tennessee,47025.0,368,3.0,4.0,,,,-0.0108
296315,2020-09-05,Claiborne,Tennessee,47025.0,374,3.0,6.0,,,,-0.10099999999999999
296316,2020-09-06,Claiborne,Tennessee,47025.0,382,3.0,8.0,,,,-0.139
296317,2020-09-07,Claiborne,Tennessee,47025.0,383,3.0,1.0,,,,-0.171
296318,2020-09-08,Claiborne,Tennessee,47025.0,383,3.0,0.0,,,,-0.23199999
296319,2020-09-09,Claiborne,Tennessee,47025.0,383,3.0,0.0,,,,-0.090899996
296320,2020-09-10,Claiborne,Tennessee,47025.0,390,3.0,7.0,,,,-0.0691
296321,2020-09-11,Claiborne,Tennessee,47025.0,395,4.0,5.0,,,,-0.041099999
296322,2020-09-12,Claiborne,Tennessee,47025.0,397,4.0,2.0,,,,-0.0102
296323,2020-09-13,Claiborne,Tennessee,47025.0,399,4.0,2.0,,,,-0.0263
296324,2020-09-14,Claiborne,Tennessee,47025.0,406,4.0,7.0,,,,0.035100002000000005
296325,2020-09-15,Claiborne,Tennessee,47025.0,408,4.0,2.0,,,,0.09489999699999999
296326,2020-09-16,Claiborne,Tennessee,47025.0,411,4.0,3.0,,,,0.078000002
296327,2020-09-17,Claiborne,Tennessee,47025.0,414,4.0,3.0,,,,0.138
296328,2020-09-18,Claiborne,Tennessee,47025.0,419,4.0,5.0,,,,0.14800000000000002
296329,2020-09-19,Claiborne,Tennessee,47025.0,423,4.0,4.0,,,,0.17900001
296330,2020-09-20,Claiborne,Tennessee,47025.0,425,4.0,2.0,,,,0.222
296331,2020-09-21,Claiborne,Tennessee,47025.0,430,4.0,5.0,,,,0.153
296332,2020-09-22,Claiborne,Tennessee,47025.0,438,4.0,8.0,,,,0.12
296333,2020-09-23,Claiborne,Tennessee,47025.0,438,4.0,0.0,,,,0.13699999
296334,2020-09-24,Claiborne,Tennessee,47025.0,440,5.0,2.0,,,,0.13500001
296335,2020-09-25,Claiborne,Tennessee,47025.0,441,5.0,1.0,,,,0.152
296336,2020-09-26,Claiborne,Tennessee,47025.0,442,5.0,1.0,,,,0.154
296337,2020-09-27,Claiborne,Tennessee,47025.0,442,5.0,0.0,,,,0.11
296338,2020-09-28,Claiborne,Tennessee,47025.0,442,5.0,0.0,,,,0.082800001
296339,2020-09-29,Claiborne,Tennessee,47025.0,445,5.0,3.0,,,,0.124
296340,2020-09-30,Claiborne,Tennessee,47025.0,449,5.0,4.0,,,,0.152
296341,2020-10-01,Claiborne,Tennessee,47025.0,450,5.0,1.0,,,,0.10800000000000001
296342,2020-10-02,Claiborne,Tennessee,47025.0,452,5.0,2.0,,,,0.122
296343,2020-10-03,Claiborne,Tennessee,47025.0,454,5.0,2.0,,,,0.115
296344,2020-10-04,Claiborne,Tennessee,47025.0,453,5.0,-1.0,,,,0.08950000300000001
296345,2020-10-05,Claiborne,Tennessee,47025.0,456,5.0,3.0,,,,0.138
296346,2020-10-06,Claiborne,Tennessee,47025.0,458,5.0,2.0,,,,0.102
296347,2020-10-07,Claiborne,Tennessee,47025.0,462,5.0,4.0,,,,0.107
296348,2020-10-08,Claiborne,Tennessee,47025.0,467,5.0,5.0,,,,0.059500001
296349,2020-10-09,Claiborne,Tennessee,47025.0,470,5.0,3.0,,,,0.07020000400000001
296350,2020-10-10,Claiborne,Tennessee,47025.0,471,5.0,1.0,,,,0.084200002
296351,2020-10-11,Claiborne,Tennessee,47025.0,473,5.0,2.0,,,,0.14
296352,2020-10-12,Claiborne,Tennessee,47025.0,477,5.0,4.0,,,,0.0779
296353,2020-10-13,Claiborne,Tennessee,47025.0,479,5.0,2.0,,,,0.182
296354,2020-10-14,Claiborne,Tennessee,47025.0,484,5.0,5.0,,,,0.223
296355,2020-10-15,Claiborne,Tennessee,47025.0,487,6.0,3.0,,,,0.292
296356,2020-10-16,Claiborne,Tennessee,47025.0,488,6.0,1.0,,,,0.222
296357,2020-10-17,Claiborne,Tennessee,47025.0,489,6.0,1.0,,,,0.171
296358,2020-10-18,Claiborne,Tennessee,47025.0,492,6.0,3.0,,,,0.19499999
296359,2020-10-19,Claiborne,Tennessee,47025.0,495,6.0,3.0,,,,0.193
296360,2020-10-20,Claiborne,Tennessee,47025.0,504,6.0,9.0,,,,0.16399999999999998
296361,2020-10-21,Claiborne,Tennessee,47025.0,506,6.0,2.0,,,,0.07010000200000001
296362,2020-10-22,Claiborne,Tennessee,47025.0,508,6.0,2.0,,,,0.059900000999999994
296363,2020-10-23,Claiborne,Tennessee,47025.0,514,6.0,6.0,,,,0.080300003
296364,2020-10-24,Claiborne,Tennessee,47025.0,518,6.0,4.0,,,,0.077
296365,2020-10-25,Claiborne,Tennessee,47025.0,526,6.0,8.0,,,,0.074000001
296366,2020-10-26,Claiborne,Tennessee,47025.0,528,6.0,2.0,,,,0.016899999
296367,2020-10-27,Claiborne,Tennessee,47025.0,534,6.0,6.0,,,,0.028899999
296368,2020-10-28,Claiborne,Tennessee,47025.0,538,7.0,4.0,,,,0.048300002
296369,2020-10-29,Claiborne,Tennessee,47025.0,543,7.0,5.0,,,,0.0491
296370,2020-10-30,Claiborne,Tennessee,47025.0,549,8.0,6.0,,,,0.113
296371,2020-10-31,Claiborne,Tennessee,47025.0,555,8.0,6.0,,,,0.14800000000000002
296372,2020-11-01,Claiborne,Tennessee,47025.0,556,8.0,1.0,,,,0.171
296373,2020-11-02,Claiborne,Tennessee,47025.0,556,8.0,0.0,,,,0.19699999999999998
296374,2020-11-03,Claiborne,Tennessee,47025.0,557,8.0,1.0,,,,0.20900001
296375,2020-11-04,Claiborne,Tennessee,47025.0,558,8.0,1.0,,,,0.20800000000000002
296376,2020-11-05,Claiborne,Tennessee,47025.0,565,8.0,7.0,,,,0.20900001
296377,2020-11-06,Claiborne,Tennessee,47025.0,565,8.0,0.0,,,,0.11
296378,2020-11-07,Claiborne,Tennessee,47025.0,571,8.0,6.0,,,,0.149
296379,2020-11-08,Claiborne,Tennessee,47025.0,578,8.0,7.0,,,,0.091700003
296380,2020-11-09,Claiborne,Tennessee,47025.0,587,8.0,9.0,,,,0.069700003
296381,2020-11-10,Claiborne,Tennessee,47025.0,596,8.0,9.0,,,,0.082500003
296382,2020-11-11,Claiborne,Tennessee,47025.0,605,9.0,9.0,,,,0.074000001
296383,2020-11-12,Claiborne,Tennessee,47025.0,618,9.0,13.0,,,,0.09470000099999999
296384,2020-11-13,Claiborne,Tennessee,47025.0,623,9.0,5.0,,,,0.096100003
296385,2020-11-14,Claiborne,Tennessee,47025.0,634,9.0,11.0,,,,0.0678
296386,2020-11-15,Claiborne,Tennessee,47025.0,645,9.0,11.0,,,,0.13500001
296387,2020-11-16,Claiborne,Tennessee,47025.0,667,9.0,22.0,,,,0.16699999999999998
296388,2020-11-17,Claiborne,Tennessee,47025.0,673,9.0,6.0,,,,0.16500001
296389,2020-11-18,Claiborne,Tennessee,47025.0,690,9.0,17.0,,,,0.20100001
296390,2020-11-19,Claiborne,Tennessee,47025.0,698,9.0,8.0,,,,0.223
296391,2020-11-20,Claiborne,Tennessee,47025.0,718,9.0,20.0,,,,0.26699999
296392,2020-11-21,Claiborne,Tennessee,47025.0,734,9.0,16.0,,,,0.29800001
296393,2020-11-22,Claiborne,Tennessee,47025.0,750,9.0,16.0,,,,0.25400001
