,date,county,state,fips,cases,deaths,new_cases,emp_combined,emp_combined_inclow,revenue_all,spend_all
296394,2020-03-21,Cocke,Tennessee,47029.0,1,0.0,0.0,,,,0.0221
296395,2020-03-22,Cocke,Tennessee,47029.0,1,0.0,0.0,,,,0.019400001
296396,2020-03-23,Cocke,Tennessee,47029.0,1,0.0,0.0,,,,-0.0089600002
296397,2020-03-24,Cocke,Tennessee,47029.0,1,0.0,0.0,,,,-0.0515
296398,2020-03-25,Cocke,Tennessee,47029.0,1,0.0,0.0,,,,-0.073200002
296399,2020-03-26,Cocke,Tennessee,47029.0,1,0.0,0.0,,,,-0.10099999999999999
296400,2020-03-27,Cocke,Tennessee,47029.0,1,0.0,0.0,,,,-0.132
296401,2020-03-28,Cocke,Tennessee,47029.0,1,0.0,0.0,,,,-0.145
296402,2020-03-29,Cocke,Tennessee,47029.0,1,0.0,0.0,,,,-0.16399999999999998
296403,2020-03-30,Cocke,Tennessee,47029.0,1,0.0,0.0,,,,-0.15000001
296404,2020-03-31,Cocke,Tennessee,47029.0,1,0.0,0.0,,,,-0.114
296405,2020-04-01,Cocke,Tennessee,47029.0,1,0.0,0.0,,,,-0.114
296406,2020-04-02,Cocke,Tennessee,47029.0,1,0.0,0.0,,,,-0.115
296407,2020-04-03,Cocke,Tennessee,47029.0,1,0.0,0.0,,,,-0.111
296408,2020-04-04,Cocke,Tennessee,47029.0,1,0.0,0.0,,,,-0.126
296409,2020-04-05,Cocke,Tennessee,47029.0,1,0.0,0.0,,,,-0.106
296410,2020-04-06,Cocke,Tennessee,47029.0,1,0.0,0.0,,,,-0.10400000000000001
296411,2020-04-07,Cocke,Tennessee,47029.0,2,0.0,1.0,,,,-0.12
296412,2020-04-08,Cocke,Tennessee,47029.0,2,0.0,0.0,,,,-0.111
296413,2020-04-09,Cocke,Tennessee,47029.0,3,0.0,1.0,,,,-0.10300000000000001
296414,2020-04-10,Cocke,Tennessee,47029.0,3,0.0,0.0,,,,-0.09000000400000001
296415,2020-04-11,Cocke,Tennessee,47029.0,3,0.0,0.0,,,,-0.084899999
296416,2020-04-12,Cocke,Tennessee,47029.0,3,0.0,0.0,,,,-0.125
296417,2020-04-13,Cocke,Tennessee,47029.0,5,0.0,2.0,,,,-0.054499999
296418,2020-04-14,Cocke,Tennessee,47029.0,7,0.0,2.0,,,,0.0163
296419,2020-04-15,Cocke,Tennessee,47029.0,8,0.0,1.0,,,,0.087099999
296420,2020-04-16,Cocke,Tennessee,47029.0,11,0.0,3.0,,,,0.15800001
296421,2020-04-17,Cocke,Tennessee,47029.0,11,0.0,0.0,,,,0.22899999999999998
296422,2020-04-18,Cocke,Tennessee,47029.0,11,0.0,0.0,,,,0.31799999
296423,2020-04-19,Cocke,Tennessee,47029.0,11,0.0,0.0,,,,0.37
296424,2020-04-20,Cocke,Tennessee,47029.0,11,0.0,0.0,,,,0.33500001
296425,2020-04-21,Cocke,Tennessee,47029.0,11,0.0,0.0,,,,0.31299999
296426,2020-04-22,Cocke,Tennessee,47029.0,13,0.0,2.0,,,,0.264
296427,2020-04-23,Cocke,Tennessee,47029.0,14,0.0,1.0,,,,0.228
296428,2020-04-24,Cocke,Tennessee,47029.0,14,0.0,0.0,,,,0.193
296429,2020-04-25,Cocke,Tennessee,47029.0,14,0.0,0.0,,,,0.13
296430,2020-04-26,Cocke,Tennessee,47029.0,14,0.0,0.0,,,,0.121
296431,2020-04-27,Cocke,Tennessee,47029.0,14,0.0,0.0,,,,0.162
296432,2020-04-28,Cocke,Tennessee,47029.0,16,0.0,2.0,,,,0.133
296433,2020-04-29,Cocke,Tennessee,47029.0,16,0.0,0.0,,,,0.162
296434,2020-04-30,Cocke,Tennessee,47029.0,16,0.0,0.0,,,,0.185
296435,2020-05-01,Cocke,Tennessee,47029.0,16,0.0,0.0,,,,0.21899999999999997
296436,2020-05-02,Cocke,Tennessee,47029.0,16,0.0,0.0,,,,0.23399999999999999
296437,2020-05-03,Cocke,Tennessee,47029.0,16,0.0,0.0,,,,0.23199999
296438,2020-05-04,Cocke,Tennessee,47029.0,19,0.0,3.0,,,,0.23100001
296439,2020-05-05,Cocke,Tennessee,47029.0,19,0.0,0.0,,,,0.249
296440,2020-05-06,Cocke,Tennessee,47029.0,16,0.0,-3.0,,,,0.22499999
296441,2020-05-07,Cocke,Tennessee,47029.0,17,0.0,1.0,,,,0.19400001
296442,2020-05-08,Cocke,Tennessee,47029.0,17,0.0,0.0,,,,0.17200001
296443,2020-05-09,Cocke,Tennessee,47029.0,17,0.0,0.0,,,,0.193
296444,2020-05-10,Cocke,Tennessee,47029.0,17,0.0,0.0,,,,0.215
296445,2020-05-11,Cocke,Tennessee,47029.0,18,0.0,1.0,,,,0.20999999
296446,2020-05-12,Cocke,Tennessee,47029.0,19,0.0,1.0,,,,0.205
296447,2020-05-13,Cocke,Tennessee,47029.0,19,0.0,0.0,,,,0.177
296448,2020-05-14,Cocke,Tennessee,47029.0,20,0.0,1.0,,,,0.17299999
296449,2020-05-15,Cocke,Tennessee,47029.0,20,0.0,0.0,,,,0.19400001
296450,2020-05-16,Cocke,Tennessee,47029.0,20,0.0,0.0,,,,0.185
296451,2020-05-17,Cocke,Tennessee,47029.0,20,0.0,0.0,,,,0.18099999
296452,2020-05-18,Cocke,Tennessee,47029.0,20,0.0,0.0,,,,0.214
296453,2020-05-19,Cocke,Tennessee,47029.0,20,0.0,0.0,,,,0.215
296454,2020-05-20,Cocke,Tennessee,47029.0,20,0.0,0.0,,,,0.214
296455,2020-05-21,Cocke,Tennessee,47029.0,20,0.0,0.0,,,,0.215
296456,2020-05-22,Cocke,Tennessee,47029.0,20,0.0,0.0,,,,0.215
296457,2020-05-23,Cocke,Tennessee,47029.0,20,0.0,0.0,,,,0.20100001
296458,2020-05-24,Cocke,Tennessee,47029.0,20,0.0,0.0,,,,0.21799999
296459,2020-05-25,Cocke,Tennessee,47029.0,20,0.0,0.0,,,,0.222
296460,2020-05-26,Cocke,Tennessee,47029.0,20,0.0,0.0,,,,0.22400001
296461,2020-05-27,Cocke,Tennessee,47029.0,20,0.0,0.0,,,,0.22499999
296462,2020-05-28,Cocke,Tennessee,47029.0,20,0.0,0.0,,,,0.245
296463,2020-05-29,Cocke,Tennessee,47029.0,20,0.0,0.0,,,,0.24699999
296464,2020-05-30,Cocke,Tennessee,47029.0,20,0.0,0.0,,,,0.243
296465,2020-05-31,Cocke,Tennessee,47029.0,20,0.0,0.0,,,,0.20100001
296466,2020-06-01,Cocke,Tennessee,47029.0,20,0.0,0.0,,,,0.22499999
296467,2020-06-02,Cocke,Tennessee,47029.0,21,0.0,1.0,,,,0.22699999999999998
296468,2020-06-03,Cocke,Tennessee,47029.0,21,0.0,0.0,,,,0.23399999999999999
296469,2020-06-04,Cocke,Tennessee,47029.0,21,0.0,0.0,,,,0.212
296470,2020-06-05,Cocke,Tennessee,47029.0,21,0.0,0.0,,,,0.20999999
296471,2020-06-06,Cocke,Tennessee,47029.0,21,0.0,0.0,,,,0.215
296472,2020-06-07,Cocke,Tennessee,47029.0,21,0.0,0.0,,,,0.25
296473,2020-06-08,Cocke,Tennessee,47029.0,21,0.0,0.0,,,,0.21600001
296474,2020-06-09,Cocke,Tennessee,47029.0,22,0.0,1.0,,,,0.20999999
296475,2020-06-10,Cocke,Tennessee,47029.0,22,0.0,0.0,,,,0.21600001
296476,2020-06-11,Cocke,Tennessee,47029.0,23,0.0,1.0,,,,0.23100001
296477,2020-06-12,Cocke,Tennessee,47029.0,26,0.0,3.0,,,,0.21100000000000002
296478,2020-06-13,Cocke,Tennessee,47029.0,26,0.0,0.0,,,,0.214
296479,2020-06-14,Cocke,Tennessee,47029.0,26,0.0,0.0,,,,0.20999999
296480,2020-06-15,Cocke,Tennessee,47029.0,26,0.0,0.0,,,,0.221
296481,2020-06-16,Cocke,Tennessee,47029.0,27,0.0,1.0,,,,0.22699999999999998
296482,2020-06-17,Cocke,Tennessee,47029.0,27,0.0,0.0,,,,0.237
296483,2020-06-18,Cocke,Tennessee,47029.0,27,0.0,0.0,,,,0.221
296484,2020-06-19,Cocke,Tennessee,47029.0,27,0.0,0.0,,,,0.235
296485,2020-06-20,Cocke,Tennessee,47029.0,29,0.0,2.0,,,,0.245
296486,2020-06-21,Cocke,Tennessee,47029.0,29,0.0,0.0,,,,0.23899999
296487,2020-06-22,Cocke,Tennessee,47029.0,31,0.0,2.0,,,,0.23399999999999999
296488,2020-06-23,Cocke,Tennessee,47029.0,31,0.0,0.0,,,,0.21699999
296489,2020-06-24,Cocke,Tennessee,47029.0,32,0.0,1.0,,,,0.20100001
296490,2020-06-25,Cocke,Tennessee,47029.0,36,0.0,4.0,,,,0.22400001
296491,2020-06-26,Cocke,Tennessee,47029.0,42,0.0,6.0,,,,0.221
296492,2020-06-27,Cocke,Tennessee,47029.0,48,0.0,6.0,,,,0.19599999
296493,2020-06-28,Cocke,Tennessee,47029.0,48,0.0,0.0,,,,0.18799999
296494,2020-06-29,Cocke,Tennessee,47029.0,51,0.0,3.0,,,,0.19899999999999998
296495,2020-06-30,Cocke,Tennessee,47029.0,58,0.0,7.0,,,,0.22899999999999998
296496,2020-07-01,Cocke,Tennessee,47029.0,70,0.0,12.0,,,,0.21100000000000002
296497,2020-07-02,Cocke,Tennessee,47029.0,76,0.0,6.0,,,,0.198
296498,2020-07-03,Cocke,Tennessee,47029.0,90,0.0,14.0,,,,0.15700001
296499,2020-07-04,Cocke,Tennessee,47029.0,91,0.0,1.0,,,,0.18099999
296500,2020-07-05,Cocke,Tennessee,47029.0,94,0.0,3.0,,,,0.18000001
296501,2020-07-06,Cocke,Tennessee,47029.0,94,0.0,0.0,,,,0.20299999
296502,2020-07-07,Cocke,Tennessee,47029.0,105,0.0,11.0,,,,0.17600000000000002
296503,2020-07-08,Cocke,Tennessee,47029.0,116,0.0,11.0,,,,0.18700001
296504,2020-07-09,Cocke,Tennessee,47029.0,126,0.0,10.0,,,,0.177
296505,2020-07-10,Cocke,Tennessee,47029.0,130,0.0,4.0,,,,0.18000001
296506,2020-07-11,Cocke,Tennessee,47029.0,136,0.0,6.0,,,,0.18799999
296507,2020-07-12,Cocke,Tennessee,47029.0,138,0.0,2.0,,,,0.207
296508,2020-07-13,Cocke,Tennessee,47029.0,146,0.0,8.0,,,,0.17299999
296509,2020-07-14,Cocke,Tennessee,47029.0,152,0.0,6.0,,,,0.175
296510,2020-07-15,Cocke,Tennessee,47029.0,175,0.0,23.0,,,,0.16899999999999998
296511,2020-07-16,Cocke,Tennessee,47029.0,180,1.0,5.0,,,,0.182
296512,2020-07-17,Cocke,Tennessee,47029.0,196,1.0,16.0,,,,0.17
296513,2020-07-18,Cocke,Tennessee,47029.0,202,1.0,6.0,,,,0.171
296514,2020-07-19,Cocke,Tennessee,47029.0,210,1.0,8.0,,,,0.14
296515,2020-07-20,Cocke,Tennessee,47029.0,217,1.0,7.0,,,,0.141
296516,2020-07-21,Cocke,Tennessee,47029.0,231,1.0,14.0,,,,0.131
296517,2020-07-22,Cocke,Tennessee,47029.0,238,1.0,7.0,,,,0.132
296518,2020-07-23,Cocke,Tennessee,47029.0,251,1.0,13.0,,,,0.098499998
296519,2020-07-24,Cocke,Tennessee,47029.0,258,1.0,7.0,,,,0.097099997
296520,2020-07-25,Cocke,Tennessee,47029.0,265,1.0,7.0,,,,0.094599999
296521,2020-07-26,Cocke,Tennessee,47029.0,289,1.0,24.0,,,,0.081600003
296522,2020-07-27,Cocke,Tennessee,47029.0,302,1.0,13.0,,,,0.062399998
296523,2020-07-28,Cocke,Tennessee,47029.0,325,1.0,23.0,,,,0.065300003
296524,2020-07-29,Cocke,Tennessee,47029.0,342,1.0,17.0,,,,0.0614
296525,2020-07-30,Cocke,Tennessee,47029.0,348,1.0,6.0,,,,0.081100002
296526,2020-07-31,Cocke,Tennessee,47029.0,369,1.0,21.0,,,,0.08919999699999999
296527,2020-08-01,Cocke,Tennessee,47029.0,385,1.0,16.0,,,,0.090899996
296528,2020-08-02,Cocke,Tennessee,47029.0,391,1.0,6.0,,,,0.10400000000000001
296529,2020-08-03,Cocke,Tennessee,47029.0,400,1.0,9.0,,,,0.152
296530,2020-08-04,Cocke,Tennessee,47029.0,412,1.0,12.0,,,,0.175
296531,2020-08-05,Cocke,Tennessee,47029.0,421,2.0,9.0,,,,0.153
296532,2020-08-06,Cocke,Tennessee,47029.0,439,2.0,18.0,,,,0.163
296533,2020-08-07,Cocke,Tennessee,47029.0,450,2.0,11.0,,,,0.149
296534,2020-08-08,Cocke,Tennessee,47029.0,457,2.0,7.0,,,,0.13600001
296535,2020-08-09,Cocke,Tennessee,47029.0,475,2.0,18.0,,,,0.15800001
296536,2020-08-10,Cocke,Tennessee,47029.0,478,3.0,3.0,,,,0.13
296537,2020-08-11,Cocke,Tennessee,47029.0,482,4.0,4.0,,,,0.11
296538,2020-08-12,Cocke,Tennessee,47029.0,485,5.0,3.0,,,,0.134
296539,2020-08-13,Cocke,Tennessee,47029.0,514,5.0,29.0,,,,0.0986
296540,2020-08-14,Cocke,Tennessee,47029.0,525,5.0,11.0,,,,0.111
296541,2020-08-15,Cocke,Tennessee,47029.0,535,5.0,10.0,,,,0.126
296542,2020-08-16,Cocke,Tennessee,47029.0,547,5.0,12.0,,,,0.114
296543,2020-08-17,Cocke,Tennessee,47029.0,557,5.0,10.0,,,,0.111
296544,2020-08-18,Cocke,Tennessee,47029.0,560,5.0,3.0,,,,0.102
296545,2020-08-19,Cocke,Tennessee,47029.0,578,6.0,18.0,,,,0.10400000000000001
296546,2020-08-20,Cocke,Tennessee,47029.0,583,6.0,5.0,,,,0.13500001
296547,2020-08-21,Cocke,Tennessee,47029.0,588,6.0,5.0,,,,0.139
296548,2020-08-22,Cocke,Tennessee,47029.0,591,6.0,3.0,,,,0.147
296549,2020-08-23,Cocke,Tennessee,47029.0,600,6.0,9.0,,,,0.153
296550,2020-08-24,Cocke,Tennessee,47029.0,606,6.0,6.0,,,,0.171
296551,2020-08-25,Cocke,Tennessee,47029.0,612,6.0,6.0,,,,0.18000001
296552,2020-08-26,Cocke,Tennessee,47029.0,619,7.0,7.0,,,,0.192
296553,2020-08-27,Cocke,Tennessee,47029.0,622,7.0,3.0,,,,0.19400001
296554,2020-08-28,Cocke,Tennessee,47029.0,630,7.0,8.0,,,,0.212
296555,2020-08-29,Cocke,Tennessee,47029.0,639,7.0,9.0,,,,0.21100000000000002
296556,2020-08-30,Cocke,Tennessee,47029.0,641,7.0,2.0,,,,0.19
296557,2020-08-31,Cocke,Tennessee,47029.0,642,7.0,1.0,,,,0.16699999999999998
296558,2020-09-01,Cocke,Tennessee,47029.0,644,7.0,2.0,,,,0.16399999999999998
296559,2020-09-02,Cocke,Tennessee,47029.0,652,7.0,8.0,,,,0.16399999999999998
296560,2020-09-03,Cocke,Tennessee,47029.0,653,7.0,1.0,,,,0.18799999
296561,2020-09-04,Cocke,Tennessee,47029.0,655,7.0,2.0,,,,0.146
296562,2020-09-05,Cocke,Tennessee,47029.0,665,7.0,10.0,,,,0.115
296563,2020-09-06,Cocke,Tennessee,47029.0,670,7.0,5.0,,,,0.15800001
296564,2020-09-07,Cocke,Tennessee,47029.0,673,7.0,3.0,,,,0.141
296565,2020-09-08,Cocke,Tennessee,47029.0,671,7.0,-2.0,,,,0.134
296566,2020-09-09,Cocke,Tennessee,47029.0,672,7.0,1.0,,,,0.10800000000000001
296567,2020-09-10,Cocke,Tennessee,47029.0,697,7.0,25.0,,,,0.105
296568,2020-09-11,Cocke,Tennessee,47029.0,706,8.0,9.0,,,,0.08800000000000001
296569,2020-09-12,Cocke,Tennessee,47029.0,708,9.0,2.0,,,,0.094499998
296570,2020-09-13,Cocke,Tennessee,47029.0,709,9.0,1.0,,,,0.073700003
296571,2020-09-14,Cocke,Tennessee,47029.0,712,9.0,3.0,,,,0.06859999900000001
296572,2020-09-15,Cocke,Tennessee,47029.0,712,9.0,0.0,,,,0.080300003
296573,2020-09-16,Cocke,Tennessee,47029.0,719,9.0,7.0,,,,0.09260000300000001
296574,2020-09-17,Cocke,Tennessee,47029.0,720,9.0,1.0,,,,0.10300000000000001
296575,2020-09-18,Cocke,Tennessee,47029.0,724,9.0,4.0,,,,0.127
296576,2020-09-19,Cocke,Tennessee,47029.0,730,9.0,6.0,,,,0.13699999
296577,2020-09-20,Cocke,Tennessee,47029.0,732,9.0,2.0,,,,0.142
296578,2020-09-21,Cocke,Tennessee,47029.0,734,9.0,2.0,,,,0.15899999
296579,2020-09-22,Cocke,Tennessee,47029.0,736,9.0,2.0,,,,0.17399999
296580,2020-09-23,Cocke,Tennessee,47029.0,737,9.0,1.0,,,,0.17399999
296581,2020-09-24,Cocke,Tennessee,47029.0,741,9.0,4.0,,,,0.193
296582,2020-09-25,Cocke,Tennessee,47029.0,743,9.0,2.0,,,,0.182
296583,2020-09-26,Cocke,Tennessee,47029.0,746,9.0,3.0,,,,0.20299999
296584,2020-09-27,Cocke,Tennessee,47029.0,754,9.0,8.0,,,,0.17900001
296585,2020-09-28,Cocke,Tennessee,47029.0,753,10.0,-1.0,,,,0.18899999999999997
296586,2020-09-29,Cocke,Tennessee,47029.0,753,10.0,0.0,,,,0.20200001
296587,2020-09-30,Cocke,Tennessee,47029.0,759,10.0,6.0,,,,0.21600001
296588,2020-10-01,Cocke,Tennessee,47029.0,765,10.0,6.0,,,,0.235
296589,2020-10-02,Cocke,Tennessee,47029.0,774,10.0,9.0,,,,0.25
296590,2020-10-03,Cocke,Tennessee,47029.0,776,11.0,2.0,,,,0.23100001
296591,2020-10-04,Cocke,Tennessee,47029.0,781,11.0,5.0,,,,0.26199999
296592,2020-10-05,Cocke,Tennessee,47029.0,793,11.0,12.0,,,,0.271
296593,2020-10-06,Cocke,Tennessee,47029.0,806,11.0,13.0,,,,0.259
296594,2020-10-07,Cocke,Tennessee,47029.0,821,11.0,15.0,,,,0.23100001
296595,2020-10-08,Cocke,Tennessee,47029.0,836,11.0,15.0,,,,0.19599999
296596,2020-10-09,Cocke,Tennessee,47029.0,843,11.0,7.0,,,,0.161
296597,2020-10-10,Cocke,Tennessee,47029.0,848,11.0,5.0,,,,0.16899999999999998
296598,2020-10-11,Cocke,Tennessee,47029.0,849,11.0,1.0,,,,0.15099999
296599,2020-10-12,Cocke,Tennessee,47029.0,866,11.0,17.0,,,,0.10300000000000001
296600,2020-10-13,Cocke,Tennessee,47029.0,865,11.0,-1.0,,,,0.11599999999999999
296601,2020-10-14,Cocke,Tennessee,47029.0,870,11.0,5.0,,,,0.132
296602,2020-10-15,Cocke,Tennessee,47029.0,878,12.0,8.0,,,,0.131
296603,2020-10-16,Cocke,Tennessee,47029.0,884,12.0,6.0,,,,0.14
296604,2020-10-17,Cocke,Tennessee,47029.0,895,12.0,11.0,,,,0.132
296605,2020-10-18,Cocke,Tennessee,47029.0,913,12.0,18.0,,,,0.14
296606,2020-10-19,Cocke,Tennessee,47029.0,922,12.0,9.0,,,,0.12800001
296607,2020-10-20,Cocke,Tennessee,47029.0,926,12.0,4.0,,,,0.13600001
296608,2020-10-21,Cocke,Tennessee,47029.0,952,12.0,26.0,,,,0.11800000000000001
296609,2020-10-22,Cocke,Tennessee,47029.0,966,12.0,14.0,,,,0.12300000000000001
296610,2020-10-23,Cocke,Tennessee,47029.0,1014,12.0,48.0,,,,0.13699999
296611,2020-10-24,Cocke,Tennessee,47029.0,1035,14.0,21.0,,,,0.15099999
296612,2020-10-25,Cocke,Tennessee,47029.0,1058,14.0,23.0,,,,0.15700001
296613,2020-10-26,Cocke,Tennessee,47029.0,1080,14.0,22.0,,,,0.14399999
296614,2020-10-27,Cocke,Tennessee,47029.0,1097,14.0,17.0,,,,0.138
296615,2020-10-28,Cocke,Tennessee,47029.0,1123,14.0,26.0,,,,0.13699999
296616,2020-10-29,Cocke,Tennessee,47029.0,1150,14.0,27.0,,,,0.142
296617,2020-10-30,Cocke,Tennessee,47029.0,1167,16.0,17.0,,,,0.145
296618,2020-10-31,Cocke,Tennessee,47029.0,1173,17.0,6.0,,,,0.133
296619,2020-11-01,Cocke,Tennessee,47029.0,1178,17.0,5.0,,,,0.09260000300000001
296620,2020-11-02,Cocke,Tennessee,47029.0,1201,17.0,23.0,,,,0.08749999900000001
296621,2020-11-03,Cocke,Tennessee,47029.0,1209,18.0,8.0,,,,0.094300002
296622,2020-11-04,Cocke,Tennessee,47029.0,1232,20.0,23.0,,,,0.096799999
296623,2020-11-05,Cocke,Tennessee,47029.0,1246,20.0,14.0,,,,0.08500000099999999
296624,2020-11-06,Cocke,Tennessee,47029.0,1251,20.0,5.0,,,,0.099799998
296625,2020-11-07,Cocke,Tennessee,47029.0,1273,21.0,22.0,,,,0.13
296626,2020-11-08,Cocke,Tennessee,47029.0,1292,22.0,19.0,,,,0.163
296627,2020-11-09,Cocke,Tennessee,47029.0,1303,22.0,11.0,,,,0.163
296628,2020-11-10,Cocke,Tennessee,47029.0,1321,22.0,18.0,,,,0.16399999999999998
296629,2020-11-11,Cocke,Tennessee,47029.0,1340,24.0,19.0,,,,0.168
296630,2020-11-12,Cocke,Tennessee,47029.0,1354,24.0,14.0,,,,0.175
296631,2020-11-13,Cocke,Tennessee,47029.0,1374,26.0,20.0,,,,0.15899999
296632,2020-11-14,Cocke,Tennessee,47029.0,1405,26.0,31.0,,,,0.15800001
296633,2020-11-15,Cocke,Tennessee,47029.0,1424,26.0,19.0,,,,0.149
296634,2020-11-16,Cocke,Tennessee,47029.0,1466,26.0,42.0,,,,0.146
296635,2020-11-17,Cocke,Tennessee,47029.0,1470,26.0,4.0,,,,0.16899999999999998
296636,2020-11-18,Cocke,Tennessee,47029.0,1488,26.0,18.0,,,,0.19699999999999998
296637,2020-11-19,Cocke,Tennessee,47029.0,1488,26.0,0.0,,,,0.18899999999999997
296638,2020-11-20,Cocke,Tennessee,47029.0,1497,26.0,9.0,,,,0.192
296639,2020-11-21,Cocke,Tennessee,47029.0,1512,26.0,15.0,,,,0.19
296640,2020-11-22,Cocke,Tennessee,47029.0,1539,28.0,27.0,,,,0.228
