,date,county,state,fips,cases,deaths,new_cases,emp_combined,emp_combined_inclow,revenue_all,spend_all
308697,2020-03-16,Bowie,Texas,48037.0,1,0.0,0.0,,,,-0.017899999
308698,2020-03-17,Bowie,Texas,48037.0,1,0.0,0.0,,,,-0.11599999999999999
308699,2020-03-18,Bowie,Texas,48037.0,1,0.0,0.0,,,,-0.16699999999999998
308700,2020-03-19,Bowie,Texas,48037.0,1,0.0,0.0,,,,-0.192
308701,2020-03-20,Bowie,Texas,48037.0,1,0.0,0.0,,,,-0.18799999
308702,2020-03-21,Bowie,Texas,48037.0,1,0.0,0.0,,,,-0.22699999999999998
308703,2020-03-22,Bowie,Texas,48037.0,1,0.0,0.0,,,,-0.213
308704,2020-03-23,Bowie,Texas,48037.0,1,0.0,0.0,,,,-0.16599999
308705,2020-03-24,Bowie,Texas,48037.0,1,0.0,0.0,,,,-0.084899999
308706,2020-03-25,Bowie,Texas,48037.0,1,0.0,0.0,,,,0.018999999
308707,2020-03-26,Bowie,Texas,48037.0,1,0.0,0.0,,,,0.00151
308708,2020-03-27,Bowie,Texas,48037.0,2,0.0,1.0,,,,-0.13600001
308709,2020-03-28,Bowie,Texas,48037.0,3,0.0,1.0,,,,-0.17800000000000002
308710,2020-03-29,Bowie,Texas,48037.0,3,0.0,0.0,,,,-0.213
308711,2020-03-30,Bowie,Texas,48037.0,4,0.0,1.0,,,,-0.249
308712,2020-03-31,Bowie,Texas,48037.0,9,0.0,5.0,,,,-0.084799998
308713,2020-04-01,Bowie,Texas,48037.0,9,0.0,0.0,,,,-0.152
308714,2020-04-02,Bowie,Texas,48037.0,9,0.0,0.0,,,,-0.17600000000000002
308715,2020-04-03,Bowie,Texas,48037.0,10,0.0,1.0,,,,-0.19899999999999998
308716,2020-04-04,Bowie,Texas,48037.0,17,1.0,7.0,,,,-0.322
308717,2020-04-05,Bowie,Texas,48037.0,17,1.0,0.0,,,,-0.29300001
308718,2020-04-06,Bowie,Texas,48037.0,27,5.0,10.0,,,,-0.271
308719,2020-04-07,Bowie,Texas,48037.0,27,5.0,0.0,,,,-0.456
308720,2020-04-08,Bowie,Texas,48037.0,35,5.0,8.0,,,,-0.47999999
308721,2020-04-09,Bowie,Texas,48037.0,35,5.0,0.0,,,,-0.43900001
308722,2020-04-10,Bowie,Texas,48037.0,35,5.0,0.0,,,,-0.39500001
308723,2020-04-11,Bowie,Texas,48037.0,35,5.0,0.0,,,,-0.287
308724,2020-04-12,Bowie,Texas,48037.0,35,5.0,0.0,,,,-0.31999999
308725,2020-04-13,Bowie,Texas,48037.0,51,5.0,16.0,,,,-0.31900001
308726,2020-04-14,Bowie,Texas,48037.0,54,5.0,3.0,,,,-0.184
308727,2020-04-15,Bowie,Texas,48037.0,63,5.0,9.0,,,,-0.27599999
308728,2020-04-16,Bowie,Texas,48037.0,71,5.0,8.0,,,,-0.25099999
308729,2020-04-17,Bowie,Texas,48037.0,76,5.0,5.0,,,,-0.205
308730,2020-04-18,Bowie,Texas,48037.0,76,5.0,0.0,,,,-0.23100001
308731,2020-04-19,Bowie,Texas,48037.0,76,5.0,0.0,,,,-0.28400001
308732,2020-04-20,Bowie,Texas,48037.0,83,6.0,7.0,,,,-0.259
308733,2020-04-21,Bowie,Texas,48037.0,88,6.0,5.0,,,,-0.149
308734,2020-04-22,Bowie,Texas,48037.0,88,6.0,0.0,,,,-0.0623
308735,2020-04-23,Bowie,Texas,48037.0,89,6.0,1.0,,,,-0.204
308736,2020-04-24,Bowie,Texas,48037.0,93,6.0,4.0,,,,-0.23999999
308737,2020-04-25,Bowie,Texas,48037.0,93,7.0,0.0,,,,-0.233
308738,2020-04-26,Bowie,Texas,48037.0,93,7.0,0.0,,,,-0.16399999999999998
308739,2020-04-27,Bowie,Texas,48037.0,94,8.0,1.0,,,,-0.17299999
308740,2020-04-28,Bowie,Texas,48037.0,94,8.0,0.0,,,,-0.317
308741,2020-04-29,Bowie,Texas,48037.0,95,8.0,1.0,,,,-0.30000001
308742,2020-04-30,Bowie,Texas,48037.0,99,9.0,4.0,,,,-0.245
308743,2020-05-01,Bowie,Texas,48037.0,101,9.0,2.0,,,,-0.22699999999999998
308744,2020-05-02,Bowie,Texas,48037.0,101,9.0,0.0,,,,-0.226
308745,2020-05-03,Bowie,Texas,48037.0,101,9.0,0.0,,,,-0.17900001
308746,2020-05-04,Bowie,Texas,48037.0,103,10.0,2.0,,,,-0.213
308747,2020-05-05,Bowie,Texas,48037.0,104,10.0,1.0,,,,-0.26199999
308748,2020-05-06,Bowie,Texas,48037.0,105,10.0,1.0,,,,-0.26300001
308749,2020-05-07,Bowie,Texas,48037.0,105,10.0,0.0,,,,-0.242
308750,2020-05-08,Bowie,Texas,48037.0,105,10.0,0.0,,,,-0.22
308751,2020-05-09,Bowie,Texas,48037.0,105,10.0,0.0,,,,-0.22
308752,2020-05-10,Bowie,Texas,48037.0,105,10.0,0.0,,,,-0.23600000000000002
308753,2020-05-11,Bowie,Texas,48037.0,107,11.0,2.0,,,,-0.242
308754,2020-05-12,Bowie,Texas,48037.0,110,11.0,3.0,,,,-0.34299999
308755,2020-05-13,Bowie,Texas,48037.0,111,11.0,1.0,,,,-0.331
308756,2020-05-14,Bowie,Texas,48037.0,120,11.0,9.0,,,,-0.192
308757,2020-05-15,Bowie,Texas,48037.0,122,11.0,2.0,,,,-0.16599999
308758,2020-05-16,Bowie,Texas,48037.0,130,11.0,8.0,,,,-0.191
308759,2020-05-17,Bowie,Texas,48037.0,133,11.0,3.0,,,,-0.185
308760,2020-05-18,Bowie,Texas,48037.0,133,11.0,0.0,,,,-0.055399999000000005
308761,2020-05-19,Bowie,Texas,48037.0,137,11.0,4.0,,,,0.050099999000000006
308762,2020-05-20,Bowie,Texas,48037.0,174,11.0,37.0,,,,-0.0085800001
308763,2020-05-21,Bowie,Texas,48037.0,176,11.0,2.0,,,,-0.075599998
308764,2020-05-22,Bowie,Texas,48037.0,176,11.0,0.0,,,,-0.09749999599999999
308765,2020-05-23,Bowie,Texas,48037.0,176,11.0,0.0,,,,-0.06319999700000001
308766,2020-05-24,Bowie,Texas,48037.0,153,11.0,-23.0,,,,-0.06419999900000001
308767,2020-05-25,Bowie,Texas,48037.0,153,11.0,0.0,,,,-0.0039400002
308768,2020-05-26,Bowie,Texas,48037.0,147,12.0,-6.0,,,,-0.0007019999900000001
308769,2020-05-27,Bowie,Texas,48037.0,156,12.0,9.0,,,,0.049400002
308770,2020-05-28,Bowie,Texas,48037.0,189,12.0,33.0,,,,0.049199997999999995
308771,2020-05-29,Bowie,Texas,48037.0,191,12.0,2.0,,,,0.0262
308772,2020-05-30,Bowie,Texas,48037.0,197,12.0,6.0,,,,0.106
308773,2020-05-31,Bowie,Texas,48037.0,265,12.0,68.0,,,,0.052499998
308774,2020-06-01,Bowie,Texas,48037.0,267,12.0,2.0,,,,-0.0151
308775,2020-06-02,Bowie,Texas,48037.0,270,13.0,3.0,,,,0.0594
308776,2020-06-03,Bowie,Texas,48037.0,287,13.0,17.0,,,,0.040800001
308777,2020-06-04,Bowie,Texas,48037.0,296,13.0,9.0,,,,-0.0143
308778,2020-06-05,Bowie,Texas,48037.0,301,13.0,5.0,,,,0.15800001
308779,2020-06-06,Bowie,Texas,48037.0,312,13.0,11.0,,,,0.13699999
308780,2020-06-07,Bowie,Texas,48037.0,336,13.0,24.0,,,,0.147
308781,2020-06-08,Bowie,Texas,48037.0,336,13.0,0.0,,,,0.21600001
308782,2020-06-09,Bowie,Texas,48037.0,351,13.0,15.0,,,,0.078100003
308783,2020-06-10,Bowie,Texas,48037.0,358,13.0,7.0,,,,0.019300001
308784,2020-06-11,Bowie,Texas,48037.0,363,13.0,5.0,,,,0.09510000099999999
308785,2020-06-12,Bowie,Texas,48037.0,367,13.0,4.0,,,,-0.08470000300000001
308786,2020-06-13,Bowie,Texas,48037.0,370,13.0,3.0,,,,-0.152
308787,2020-06-14,Bowie,Texas,48037.0,373,13.0,3.0,,,,-0.06199999900000001
308788,2020-06-15,Bowie,Texas,48037.0,372,13.0,-1.0,,,,-0.0418
308789,2020-06-16,Bowie,Texas,48037.0,377,13.0,5.0,,,,-0.0034700001
308790,2020-06-17,Bowie,Texas,48037.0,381,13.0,4.0,,,,0.054699998
308791,2020-06-18,Bowie,Texas,48037.0,384,13.0,3.0,,,,0.0167
308792,2020-06-19,Bowie,Texas,48037.0,394,15.0,10.0,,,,0.11800000000000001
308793,2020-06-20,Bowie,Texas,48037.0,398,15.0,4.0,,,,0.16899999999999998
308794,2020-06-21,Bowie,Texas,48037.0,400,15.0,2.0,,,,0.0458
308795,2020-06-22,Bowie,Texas,48037.0,400,15.0,0.0,,,,-0.021600001
308796,2020-06-23,Bowie,Texas,48037.0,404,16.0,4.0,,,,-0.033599999
308797,2020-06-24,Bowie,Texas,48037.0,406,16.0,2.0,,,,-0.0416
308798,2020-06-25,Bowie,Texas,48037.0,413,16.0,7.0,,,,0.047899999000000006
308799,2020-06-26,Bowie,Texas,48037.0,415,16.0,2.0,,,,-0.077399999
308800,2020-06-27,Bowie,Texas,48037.0,418,16.0,3.0,,,,-0.09719999900000001
308801,2020-06-28,Bowie,Texas,48037.0,418,16.0,0.0,,,,-0.0085800001
308802,2020-06-29,Bowie,Texas,48037.0,430,16.0,12.0,,,,-0.00312
308803,2020-06-30,Bowie,Texas,48037.0,427,16.0,-3.0,,,,-0.0044300002
308804,2020-07-01,Bowie,Texas,48037.0,438,17.0,11.0,,,,0.0107
308805,2020-07-02,Bowie,Texas,48037.0,439,17.0,1.0,,,,0.0239
308806,2020-07-03,Bowie,Texas,48037.0,444,17.0,5.0,,,,0.14
308807,2020-07-04,Bowie,Texas,48037.0,449,22.0,5.0,,,,0.075900003
308808,2020-07-05,Bowie,Texas,48037.0,458,22.0,9.0,,,,0.065099999
308809,2020-07-06,Bowie,Texas,48037.0,461,22.0,3.0,,,,0.14800000000000002
308810,2020-07-07,Bowie,Texas,48037.0,462,22.0,1.0,,,,0.11
308811,2020-07-08,Bowie,Texas,48037.0,467,26.0,5.0,,,,0.037000000000000005
308812,2020-07-09,Bowie,Texas,48037.0,471,26.0,4.0,,,,0.00349
308813,2020-07-10,Bowie,Texas,48037.0,484,26.0,13.0,,,,-0.0094999997
308814,2020-07-11,Bowie,Texas,48037.0,496,26.0,12.0,,,,-0.0228
308815,2020-07-12,Bowie,Texas,48037.0,504,26.0,8.0,,,,-0.052099999
308816,2020-07-13,Bowie,Texas,48037.0,517,28.0,13.0,,,,-0.145
308817,2020-07-14,Bowie,Texas,48037.0,533,28.0,16.0,,,,-0.106
308818,2020-07-15,Bowie,Texas,48037.0,536,28.0,3.0,,,,-0.0244
308819,2020-07-16,Bowie,Texas,48037.0,558,29.0,22.0,,,,-0.0143
308820,2020-07-17,Bowie,Texas,48037.0,567,29.0,9.0,,,,-0.06859999900000001
308821,2020-07-18,Bowie,Texas,48037.0,596,29.0,29.0,,,,0.029200001
308822,2020-07-19,Bowie,Texas,48037.0,610,29.0,14.0,,,,0.0126
308823,2020-07-20,Bowie,Texas,48037.0,626,30.0,16.0,,,,-0.030400001
308824,2020-07-21,Bowie,Texas,48037.0,630,31.0,4.0,,,,-0.076499999
308825,2020-07-22,Bowie,Texas,48037.0,649,31.0,19.0,,,,-0.177
308826,2020-07-23,Bowie,Texas,48037.0,661,34.0,12.0,,,,-0.036200002
308827,2020-07-24,Bowie,Texas,48037.0,677,35.0,16.0,,,,0.156
308828,2020-07-25,Bowie,Texas,48037.0,689,35.0,12.0,,,,0.062100000999999995
308829,2020-07-26,Bowie,Texas,48037.0,679,35.0,-10.0,,,,0.058699999
308830,2020-07-27,Bowie,Texas,48037.0,681,35.0,2.0,,,,0.12300000000000001
308831,2020-07-28,Bowie,Texas,48037.0,690,36.0,9.0,,,,0.102
308832,2020-07-29,Bowie,Texas,48037.0,693,37.0,3.0,,,,0.066699997
308833,2020-07-30,Bowie,Texas,48037.0,693,37.0,0.0,,,,0.0091599999
308834,2020-07-31,Bowie,Texas,48037.0,693,38.0,0.0,,,,-0.0583
308835,2020-08-01,Bowie,Texas,48037.0,708,38.0,15.0,,,,0.018100001
308836,2020-08-02,Bowie,Texas,48037.0,708,38.0,0.0,,,,-0.0106
308837,2020-08-03,Bowie,Texas,48037.0,708,38.0,0.0,,,,-0.045200001
308838,2020-08-04,Bowie,Texas,48037.0,706,38.0,-2.0,,,,0.045000002000000004
308839,2020-08-05,Bowie,Texas,48037.0,708,38.0,2.0,,,,0.23399999999999999
308840,2020-08-06,Bowie,Texas,48037.0,707,38.0,-1.0,,,,0.27900001
308841,2020-08-07,Bowie,Texas,48037.0,764,39.0,57.0,,,,0.20800000000000002
308842,2020-08-08,Bowie,Texas,48037.0,764,39.0,0.0,,,,0.131
308843,2020-08-09,Bowie,Texas,48037.0,764,39.0,0.0,,,,0.184
308844,2020-08-10,Bowie,Texas,48037.0,764,39.0,0.0,,,,0.131
308845,2020-08-11,Bowie,Texas,48037.0,769,40.0,5.0,,,,-0.0135
308846,2020-08-12,Bowie,Texas,48037.0,783,51.0,14.0,,,,-0.041000001
308847,2020-08-13,Bowie,Texas,48037.0,783,51.0,0.0,,,,-0.15099999
308848,2020-08-14,Bowie,Texas,48037.0,805,53.0,22.0,,,,-0.0528
308849,2020-08-15,Bowie,Texas,48037.0,805,53.0,0.0,,,,-0.052499998
308850,2020-08-16,Bowie,Texas,48037.0,805,53.0,0.0,,,,-0.113
308851,2020-08-17,Bowie,Texas,48037.0,825,56.0,20.0,,,,-0.052200000999999996
308852,2020-08-18,Bowie,Texas,48037.0,842,56.0,17.0,,,,-0.0283
308853,2020-08-19,Bowie,Texas,48037.0,848,56.0,6.0,,,,0.00465
308854,2020-08-20,Bowie,Texas,48037.0,861,56.0,13.0,,,,0.08550000199999999
308855,2020-08-21,Bowie,Texas,48037.0,861,56.0,0.0,,,,-0.0539
308856,2020-08-22,Bowie,Texas,48037.0,861,56.0,0.0,,,,-0.020099999
308857,2020-08-23,Bowie,Texas,48037.0,861,56.0,0.0,,,,0.0867
308858,2020-08-24,Bowie,Texas,48037.0,904,58.0,43.0,,,,0.067000002
308859,2020-08-25,Bowie,Texas,48037.0,923,62.0,19.0,,,,-0.068499997
308860,2020-08-26,Bowie,Texas,48037.0,936,64.0,13.0,,,,-0.132
308861,2020-08-27,Bowie,Texas,48037.0,957,68.0,21.0,,,,-0.162
308862,2020-08-28,Bowie,Texas,48037.0,957,68.0,0.0,,,,-0.149
308863,2020-08-29,Bowie,Texas,48037.0,970,68.0,13.0,,,,-0.09560000199999999
308864,2020-08-30,Bowie,Texas,48037.0,970,68.0,0.0,,,,-0.15700001
308865,2020-08-31,Bowie,Texas,48037.0,970,69.0,0.0,,,,-0.075999998
308866,2020-09-01,Bowie,Texas,48037.0,994,71.0,24.0,,,,0.080200002
308867,2020-09-02,Bowie,Texas,48037.0,1000,71.0,6.0,,,,0.048799999000000004
308868,2020-09-03,Bowie,Texas,48037.0,1004,71.0,4.0,,,,0.077
308869,2020-09-04,Bowie,Texas,48037.0,1013,71.0,9.0,,,,0.15000001
308870,2020-09-05,Bowie,Texas,48037.0,1097,71.0,84.0,,,,0.12300000000000001
308871,2020-09-06,Bowie,Texas,48037.0,1121,71.0,24.0,,,,0.204
308872,2020-09-07,Bowie,Texas,48037.0,1121,71.0,0.0,,,,0.18099999
308873,2020-09-08,Bowie,Texas,48037.0,1127,71.0,6.0,,,,0.17900001
308874,2020-09-09,Bowie,Texas,48037.0,1129,71.0,2.0,,,,0.09759999800000001
308875,2020-09-10,Bowie,Texas,48037.0,1129,71.0,0.0,,,,0.09489999699999999
308876,2020-09-11,Bowie,Texas,48037.0,1159,71.0,30.0,,,,0.20900001
308877,2020-09-12,Bowie,Texas,48037.0,1167,71.0,8.0,,,,0.14800000000000002
308878,2020-09-13,Bowie,Texas,48037.0,1178,71.0,11.0,,,,0.121
308879,2020-09-14,Bowie,Texas,48037.0,1177,71.0,-1.0,,,,0.070799999
308880,2020-09-15,Bowie,Texas,48037.0,1190,71.0,13.0,,,,-0.024499998999999998
308881,2020-09-16,Bowie,Texas,48037.0,1213,71.0,23.0,,,,0.044599999
308882,2020-09-17,Bowie,Texas,48037.0,1218,71.0,5.0,,,,0.132
308883,2020-09-18,Bowie,Texas,48037.0,1230,71.0,12.0,,,,-0.051600002
308884,2020-09-19,Bowie,Texas,48037.0,1244,71.0,14.0,,,,-0.11800000000000001
308885,2020-09-20,Bowie,Texas,48037.0,1253,71.0,9.0,,,,-0.057700000999999994
308886,2020-09-21,Bowie,Texas,48037.0,1255,71.0,2.0,,,,0.0115
308887,2020-09-22,Bowie,Texas,48037.0,1269,71.0,14.0,,,,0.149
308888,2020-09-23,Bowie,Texas,48037.0,1331,71.0,62.0,,,,0.22699999999999998
308889,2020-09-24,Bowie,Texas,48037.0,1330,71.0,-1.0,,,,0.177
308890,2020-09-25,Bowie,Texas,48037.0,1330,71.0,0.0,,,,0.215
308891,2020-09-26,Bowie,Texas,48037.0,1370,71.0,40.0,,,,0.32499999
308892,2020-09-27,Bowie,Texas,48037.0,1370,71.0,0.0,,,,0.33199999
308893,2020-09-28,Bowie,Texas,48037.0,1377,71.0,7.0,,,,0.29699999
308894,2020-09-29,Bowie,Texas,48037.0,1382,71.0,5.0,,,,0.37900001
308895,2020-09-30,Bowie,Texas,48037.0,1407,71.0,25.0,,,,0.32300001
308896,2020-10-01,Bowie,Texas,48037.0,1430,71.0,23.0,,,,0.27700001
308897,2020-10-02,Bowie,Texas,48037.0,1439,71.0,9.0,,,,0.34
308898,2020-10-03,Bowie,Texas,48037.0,1439,71.0,0.0,,,,0.36500001
308899,2020-10-04,Bowie,Texas,48037.0,1439,71.0,0.0,,,,0.366
308900,2020-10-05,Bowie,Texas,48037.0,1457,71.0,18.0,,,,0.38699999
308901,2020-10-06,Bowie,Texas,48037.0,1476,71.0,19.0,,,,0.317
308902,2020-10-07,Bowie,Texas,48037.0,1488,71.0,12.0,,,,0.29800001
308903,2020-10-08,Bowie,Texas,48037.0,1506,74.0,18.0,,,,0.38
308904,2020-10-09,Bowie,Texas,48037.0,1514,74.0,8.0,,,,0.38699999
308905,2020-10-10,Bowie,Texas,48037.0,1514,74.0,0.0,,,,0.38699999
308906,2020-10-11,Bowie,Texas,48037.0,1514,74.0,0.0,,,,0.38699999
308907,2020-10-12,Bowie,Texas,48037.0,1545,74.0,31.0,,,,0.38699999
308908,2020-10-13,Bowie,Texas,48037.0,1579,74.0,34.0,,,,0.38699999
308909,2020-10-14,Bowie,Texas,48037.0,1612,74.0,33.0,,,,0.38699999
308910,2020-10-15,Bowie,Texas,48037.0,1625,74.0,13.0,,,,0.38699999
308911,2020-10-16,Bowie,Texas,48037.0,1654,74.0,29.0,,,,0.361
308912,2020-10-17,Bowie,Texas,48037.0,1668,74.0,14.0,,,,0.366
308913,2020-10-18,Bowie,Texas,48037.0,1668,74.0,0.0,,,,0.38699999
308914,2020-10-19,Bowie,Texas,48037.0,1681,75.0,13.0,,,,0.38699999
308915,2020-10-20,Bowie,Texas,48037.0,1703,75.0,22.0,,,,0.38699999
308916,2020-10-21,Bowie,Texas,48037.0,1730,76.0,27.0,,,,0.38699999
308917,2020-10-22,Bowie,Texas,48037.0,1746,76.0,16.0,,,,0.38699999
308918,2020-10-23,Bowie,Texas,48037.0,1759,76.0,13.0,,,,0.38699999
308919,2020-10-24,Bowie,Texas,48037.0,1765,76.0,6.0,,,,0.377
308920,2020-10-25,Bowie,Texas,48037.0,1765,76.0,0.0,,,,0.36300001
308921,2020-10-26,Bowie,Texas,48037.0,1788,78.0,23.0,,,,0.38699999
308922,2020-10-27,Bowie,Texas,48037.0,1907,78.0,119.0,,,,0.38699999
308923,2020-10-28,Bowie,Texas,48037.0,1944,78.0,37.0,,,,0.38699999
308924,2020-10-29,Bowie,Texas,48037.0,1963,78.0,19.0,,,,0.38699999
308925,2020-10-30,Bowie,Texas,48037.0,1997,78.0,34.0,,,,0.382
308926,2020-10-31,Bowie,Texas,48037.0,2032,78.0,35.0,,,,0.38299999
308927,2020-11-01,Bowie,Texas,48037.0,2040,78.0,8.0,,,,0.35100001
308928,2020-11-02,Bowie,Texas,48037.0,2044,81.0,4.0,,,,0.34999999
308929,2020-11-03,Bowie,Texas,48037.0,2068,82.0,24.0,,,,0.384
308930,2020-11-04,Bowie,Texas,48037.0,2099,82.0,31.0,,,,0.38699999
308931,2020-11-05,Bowie,Texas,48037.0,2153,87.0,54.0,,,,0.38699999
308932,2020-11-06,Bowie,Texas,48037.0,2225,87.0,72.0,,,,0.38699999
308933,2020-11-07,Bowie,Texas,48037.0,2225,87.0,0.0,,,,0.38699999
308934,2020-11-08,Bowie,Texas,48037.0,2225,87.0,0.0,,,,0.38699999
308935,2020-11-09,Bowie,Texas,48037.0,2268,87.0,43.0,,,,0.38699999
308936,2020-11-10,Bowie,Texas,48037.0,2268,87.0,0.0,,,,0.38699999
308937,2020-11-11,Bowie,Texas,48037.0,2269,87.0,1.0,,,,0.38699999
308938,2020-11-12,Bowie,Texas,48037.0,2343,88.0,74.0,,,,0.38699999
308939,2020-11-13,Bowie,Texas,48037.0,2343,88.0,0.0,,,,0.38699999
308940,2020-11-14,Bowie,Texas,48037.0,2343,90.0,0.0,,,,0.38699999
308941,2020-11-15,Bowie,Texas,48037.0,2345,90.0,2.0,,,,0.38699999
308942,2020-11-16,Bowie,Texas,48037.0,2424,90.0,79.0,,,,0.38699999
308943,2020-11-17,Bowie,Texas,48037.0,2424,91.0,0.0,,,,0.38699999
308944,2020-11-18,Bowie,Texas,48037.0,2424,92.0,0.0,,,,0.38699999
308945,2020-11-19,Bowie,Texas,48037.0,2479,93.0,55.0,,,,0.38699999
308946,2020-11-20,Bowie,Texas,48037.0,2479,95.0,0.0,,,,0.38699999
308947,2020-11-21,Bowie,Texas,48037.0,2479,97.0,0.0,,,,0.38699999
308948,2020-11-22,Bowie,Texas,48037.0,2479,97.0,0.0,,,,0.38699999
