,date,county,state,fips,cases,deaths,new_cases,emp_combined,emp_combined_inclow,revenue_all,spend_all
308232,2020-03-25,Blanco,Texas,48031.0,1,0.0,0.0,,,,-0.33000001
308233,2020-03-26,Blanco,Texas,48031.0,1,0.0,0.0,,,,-0.30599999
308234,2020-03-27,Blanco,Texas,48031.0,1,0.0,0.0,,,,-0.226
308235,2020-03-28,Blanco,Texas,48031.0,1,0.0,0.0,,,,-0.22499999
308236,2020-03-29,Blanco,Texas,48031.0,1,0.0,0.0,,,,-0.36199999
308237,2020-03-30,Blanco,Texas,48031.0,1,0.0,0.0,,,,-0.39500001
308238,2020-03-31,Blanco,Texas,48031.0,1,0.0,0.0,,,,-0.43900001
308239,2020-04-01,Blanco,Texas,48031.0,1,0.0,0.0,,,,-0.40200001
308240,2020-04-02,Blanco,Texas,48031.0,1,0.0,0.0,,,,-0.433
308241,2020-04-03,Blanco,Texas,48031.0,1,0.0,0.0,,,,-0.47299999
308242,2020-04-04,Blanco,Texas,48031.0,2,0.0,1.0,,,,-0.5
308243,2020-04-05,Blanco,Texas,48031.0,2,0.0,0.0,,,,-0.38800001
308244,2020-04-06,Blanco,Texas,48031.0,2,0.0,0.0,,,,-0.33899999
308245,2020-04-07,Blanco,Texas,48031.0,4,0.0,2.0,,,,-0.27000001
308246,2020-04-08,Blanco,Texas,48031.0,4,0.0,0.0,,,,-0.271
308247,2020-04-09,Blanco,Texas,48031.0,4,0.0,0.0,,,,-0.17
308248,2020-04-10,Blanco,Texas,48031.0,4,0.0,0.0,,,,-0.11800000000000001
308249,2020-04-11,Blanco,Texas,48031.0,4,0.0,0.0,,,,-0.069200002
308250,2020-04-12,Blanco,Texas,48031.0,4,0.0,0.0,,,,-0.061799999
308251,2020-04-13,Blanco,Texas,48031.0,4,0.0,0.0,,,,-0.065099999
308252,2020-04-14,Blanco,Texas,48031.0,4,0.0,0.0,,,,-0.072499998
308253,2020-04-15,Blanco,Texas,48031.0,4,0.0,0.0,,,,0.0061699999
308254,2020-04-16,Blanco,Texas,48031.0,4,0.0,0.0,,,,-0.146
308255,2020-04-17,Blanco,Texas,48031.0,5,0.0,1.0,,,,-0.177
308256,2020-04-18,Blanco,Texas,48031.0,4,0.0,-1.0,,,,-0.17900001
308257,2020-04-19,Blanco,Texas,48031.0,4,0.0,0.0,,,,-0.13699999
308258,2020-04-20,Blanco,Texas,48031.0,4,0.0,0.0,,,,-0.16399999999999998
308259,2020-04-21,Blanco,Texas,48031.0,4,0.0,0.0,,,,-0.08910000300000001
308260,2020-04-22,Blanco,Texas,48031.0,5,0.0,1.0,,,,-0.17299999
308261,2020-04-23,Blanco,Texas,48031.0,6,0.0,1.0,,,,-0.22499999
308262,2020-04-24,Blanco,Texas,48031.0,6,0.0,0.0,,,,0.058699999
308263,2020-04-25,Blanco,Texas,48031.0,6,0.0,0.0,,,,-0.26899999
308264,2020-04-26,Blanco,Texas,48031.0,6,0.0,0.0,,,,-0.29100001
308265,2020-04-27,Blanco,Texas,48031.0,6,0.0,0.0,,,,-0.32499999
308266,2020-04-28,Blanco,Texas,48031.0,6,0.0,0.0,,,,-0.345
308267,2020-04-29,Blanco,Texas,48031.0,6,0.0,0.0,,,,-0.42100000000000004
308268,2020-04-30,Blanco,Texas,48031.0,6,0.0,0.0,,,,-0.47799999
308269,2020-05-01,Blanco,Texas,48031.0,6,0.0,0.0,,,,-0.46399999
308270,2020-05-02,Blanco,Texas,48031.0,6,0.0,0.0,,,,-0.389
308271,2020-05-03,Blanco,Texas,48031.0,6,0.0,0.0,,,,-0.331
308272,2020-05-04,Blanco,Texas,48031.0,6,0.0,0.0,,,,-0.30199999
308273,2020-05-05,Blanco,Texas,48031.0,6,0.0,0.0,,,,-0.34700000000000003
308274,2020-05-06,Blanco,Texas,48031.0,6,0.0,0.0,,,,-0.23199999
308275,2020-05-07,Blanco,Texas,48031.0,6,0.0,0.0,,,,-0.23800001
308276,2020-05-08,Blanco,Texas,48031.0,6,0.0,0.0,,,,-0.207
308277,2020-05-09,Blanco,Texas,48031.0,6,0.0,0.0,,,,-0.264
308278,2020-05-10,Blanco,Texas,48031.0,6,0.0,0.0,,,,-0.32699999
308279,2020-05-11,Blanco,Texas,48031.0,6,0.0,0.0,,,,-0.37900001
308280,2020-05-12,Blanco,Texas,48031.0,6,0.0,0.0,,,,-0.37599999
308281,2020-05-13,Blanco,Texas,48031.0,6,0.0,0.0,,,,-0.25600001
308282,2020-05-14,Blanco,Texas,48031.0,6,0.0,0.0,,,,-0.28799999
308283,2020-05-15,Blanco,Texas,48031.0,6,0.0,0.0,,,,-0.389
308284,2020-05-16,Blanco,Texas,48031.0,6,0.0,0.0,,,,-0.34599999
308285,2020-05-17,Blanco,Texas,48031.0,6,0.0,0.0,,,,-0.26899999
308286,2020-05-18,Blanco,Texas,48031.0,6,0.0,0.0,,,,-0.16699999999999998
308287,2020-05-19,Blanco,Texas,48031.0,6,0.0,0.0,,,,-0.184
308288,2020-05-20,Blanco,Texas,48031.0,7,0.0,1.0,,,,-0.25
308289,2020-05-21,Blanco,Texas,48031.0,7,0.0,0.0,,,,-0.245
308290,2020-05-22,Blanco,Texas,48031.0,7,0.0,0.0,,,,-0.069200002
308291,2020-05-23,Blanco,Texas,48031.0,8,0.0,1.0,,,,-0.030200001
308292,2020-05-24,Blanco,Texas,48031.0,8,0.0,0.0,,,,-0.0252
308293,2020-05-25,Blanco,Texas,48031.0,8,0.0,0.0,,,,-0.115
308294,2020-05-26,Blanco,Texas,48031.0,8,0.0,0.0,,,,-0.122
308295,2020-05-27,Blanco,Texas,48031.0,8,0.0,0.0,,,,-0.14800000000000002
308296,2020-05-28,Blanco,Texas,48031.0,8,0.0,0.0,,,,-0.156
308297,2020-05-29,Blanco,Texas,48031.0,9,0.0,1.0,,,,-0.15899999
308298,2020-05-30,Blanco,Texas,48031.0,10,1.0,1.0,,,,-0.15700001
308299,2020-05-31,Blanco,Texas,48031.0,11,1.0,1.0,,,,-0.29499999
308300,2020-06-01,Blanco,Texas,48031.0,11,1.0,0.0,,,,-0.33299999999999996
308301,2020-06-02,Blanco,Texas,48031.0,11,1.0,0.0,,,,-0.294
308302,2020-06-03,Blanco,Texas,48031.0,11,1.0,0.0,,,,-0.33899999
308303,2020-06-04,Blanco,Texas,48031.0,11,1.0,0.0,,,,-0.33399999
308304,2020-06-05,Blanco,Texas,48031.0,11,1.0,0.0,,,,-0.375
308305,2020-06-06,Blanco,Texas,48031.0,11,1.0,0.0,,,,-0.31799999
308306,2020-06-07,Blanco,Texas,48031.0,11,1.0,0.0,,,,-0.20299999
308307,2020-06-08,Blanco,Texas,48031.0,11,1.0,0.0,,,,-0.184
308308,2020-06-09,Blanco,Texas,48031.0,12,1.0,1.0,,,,-0.198
308309,2020-06-10,Blanco,Texas,48031.0,12,1.0,0.0,,,,-0.19
308310,2020-06-11,Blanco,Texas,48031.0,11,1.0,-1.0,,,,-0.237
308311,2020-06-12,Blanco,Texas,48031.0,11,1.0,0.0,,,,-0.23999999
308312,2020-06-13,Blanco,Texas,48031.0,11,1.0,0.0,,,,-0.31200001
308313,2020-06-14,Blanco,Texas,48031.0,11,1.0,0.0,,,,-0.36300001
308314,2020-06-15,Blanco,Texas,48031.0,11,1.0,0.0,,,,-0.36899999
308315,2020-06-16,Blanco,Texas,48031.0,11,1.0,0.0,,,,-0.30399999
308316,2020-06-17,Blanco,Texas,48031.0,12,1.0,1.0,,,,-0.30599999
308317,2020-06-18,Blanco,Texas,48031.0,13,1.0,1.0,,,,-0.096600004
308318,2020-06-19,Blanco,Texas,48031.0,14,1.0,1.0,,,,-0.033300001
308319,2020-06-20,Blanco,Texas,48031.0,14,1.0,0.0,,,,0.0175
308320,2020-06-21,Blanco,Texas,48031.0,14,1.0,0.0,,,,0.0581
308321,2020-06-22,Blanco,Texas,48031.0,22,1.0,8.0,,,,0.111
308322,2020-06-23,Blanco,Texas,48031.0,24,1.0,2.0,,,,0.0189
308323,2020-06-24,Blanco,Texas,48031.0,27,1.0,3.0,,,,0.081500001
308324,2020-06-25,Blanco,Texas,48031.0,27,1.0,0.0,,,,-0.10099999999999999
308325,2020-06-26,Blanco,Texas,48031.0,26,1.0,-1.0,,,,-0.11900000000000001
308326,2020-06-27,Blanco,Texas,48031.0,26,1.0,0.0,,,,-0.141
308327,2020-06-28,Blanco,Texas,48031.0,26,1.0,0.0,,,,-0.273
308328,2020-06-29,Blanco,Texas,48031.0,27,1.0,1.0,,,,-0.18899999999999997
308329,2020-06-30,Blanco,Texas,48031.0,27,1.0,0.0,,,,-0.145
308330,2020-07-01,Blanco,Texas,48031.0,27,1.0,0.0,,,,-0.06329999900000001
308331,2020-07-02,Blanco,Texas,48031.0,29,1.0,2.0,,,,0.0138
308332,2020-07-03,Blanco,Texas,48031.0,31,1.0,2.0,,,,0.049899999
308333,2020-07-04,Blanco,Texas,48031.0,31,1.0,0.0,,,,0.20999999
308334,2020-07-05,Blanco,Texas,48031.0,31,1.0,0.0,,,,0.33399999
308335,2020-07-06,Blanco,Texas,48031.0,31,1.0,0.0,,,,0.20200001
308336,2020-07-07,Blanco,Texas,48031.0,31,1.0,0.0,,,,0.097400002
308337,2020-07-08,Blanco,Texas,48031.0,49,1.0,18.0,,,,0.127
308338,2020-07-09,Blanco,Texas,48031.0,50,1.0,1.0,,,,0.0070000002
308339,2020-07-10,Blanco,Texas,48031.0,49,1.0,-1.0,,,,-0.020500001
308340,2020-07-11,Blanco,Texas,48031.0,49,1.0,0.0,,,,-0.04630000099999999
308341,2020-07-12,Blanco,Texas,48031.0,49,1.0,0.0,,,,0.0174
308342,2020-07-13,Blanco,Texas,48031.0,49,1.0,0.0,,,,-0.076800004
308343,2020-07-14,Blanco,Texas,48031.0,49,1.0,0.0,,,,0.0137
308344,2020-07-15,Blanco,Texas,48031.0,57,1.0,8.0,,,,-0.06419999900000001
308345,2020-07-16,Blanco,Texas,48031.0,67,1.0,10.0,,,,0.0186
308346,2020-07-17,Blanco,Texas,48031.0,68,1.0,1.0,,,,0.0845
308347,2020-07-18,Blanco,Texas,48031.0,68,1.0,0.0,,,,0.063600004
308348,2020-07-19,Blanco,Texas,48031.0,73,1.0,5.0,,,,0.17299999
308349,2020-07-20,Blanco,Texas,48031.0,76,1.0,3.0,,,,0.09960000199999999
308350,2020-07-21,Blanco,Texas,48031.0,76,1.0,0.0,,,,0.063500002
308351,2020-07-22,Blanco,Texas,48031.0,76,1.0,0.0,,,,0.036800001
308352,2020-07-23,Blanco,Texas,48031.0,78,1.0,2.0,,,,-0.083300002
308353,2020-07-24,Blanco,Texas,48031.0,80,1.0,2.0,,,,-0.14800000000000002
308354,2020-07-25,Blanco,Texas,48031.0,85,1.0,5.0,,,,-0.17
308355,2020-07-26,Blanco,Texas,48031.0,85,1.0,0.0,,,,-0.237
308356,2020-07-27,Blanco,Texas,48031.0,85,2.0,0.0,,,,-0.17299999
308357,2020-07-28,Blanco,Texas,48031.0,91,2.0,6.0,,,,0.38699999
308358,2020-07-29,Blanco,Texas,48031.0,92,2.0,1.0,,,,-0.044599999
308359,2020-07-30,Blanco,Texas,48031.0,93,2.0,1.0,,,,0.38699999
308360,2020-07-31,Blanco,Texas,48031.0,96,3.0,3.0,,,,0.28099999
308361,2020-08-01,Blanco,Texas,48031.0,98,4.0,2.0,,,,0.248
308362,2020-08-02,Blanco,Texas,48031.0,98,4.0,0.0,,,,0.212
308363,2020-08-03,Blanco,Texas,48031.0,98,4.0,0.0,,,,0.16
308364,2020-08-04,Blanco,Texas,48031.0,98,5.0,0.0,,,,-0.61500001
308365,2020-08-05,Blanco,Texas,48031.0,98,5.0,0.0,,,,-0.49200001
308366,2020-08-06,Blanco,Texas,48031.0,98,5.0,0.0,,,,-0.38100001
308367,2020-08-07,Blanco,Texas,48031.0,98,5.0,0.0,,,,-0.36199999
308368,2020-08-08,Blanco,Texas,48031.0,98,5.0,0.0,,,,-0.249
308369,2020-08-09,Blanco,Texas,48031.0,98,5.0,0.0,,,,-0.15000001
308370,2020-08-10,Blanco,Texas,48031.0,98,5.0,0.0,,,,-0.21899999999999997
308371,2020-08-11,Blanco,Texas,48031.0,114,5.0,16.0,,,,-0.435
308372,2020-08-12,Blanco,Texas,48031.0,114,5.0,0.0,,,,0.13
308373,2020-08-13,Blanco,Texas,48031.0,114,5.0,0.0,,,,0.223
308374,2020-08-14,Blanco,Texas,48031.0,115,5.0,1.0,,,,0.38699999
308375,2020-08-15,Blanco,Texas,48031.0,115,5.0,0.0,,,,0.38699999
308376,2020-08-16,Blanco,Texas,48031.0,116,5.0,1.0,,,,0.38699999
308377,2020-08-17,Blanco,Texas,48031.0,126,5.0,10.0,,,,0.38699999
308378,2020-08-18,Blanco,Texas,48031.0,127,5.0,1.0,,,,0.38699999
308379,2020-08-19,Blanco,Texas,48031.0,128,5.0,1.0,,,,0.223
308380,2020-08-20,Blanco,Texas,48031.0,128,5.0,0.0,,,,0.029300001000000003
308381,2020-08-21,Blanco,Texas,48031.0,128,5.0,0.0,,,,-0.0052899997999999995
308382,2020-08-22,Blanco,Texas,48031.0,127,5.0,-1.0,,,,-0.198
308383,2020-08-23,Blanco,Texas,48031.0,127,5.0,0.0,,,,-0.14800000000000002
308384,2020-08-24,Blanco,Texas,48031.0,127,5.0,0.0,,,,-0.20100001
308385,2020-08-25,Blanco,Texas,48031.0,122,5.0,-5.0,,,,-0.25799999
308386,2020-08-26,Blanco,Texas,48031.0,124,5.0,2.0,,,,-0.29600000000000004
308387,2020-08-27,Blanco,Texas,48031.0,124,5.0,0.0,,,,-0.19599999
308388,2020-08-28,Blanco,Texas,48031.0,124,5.0,0.0,,,,-0.16599999
308389,2020-08-29,Blanco,Texas,48031.0,124,5.0,0.0,,,,-0.145
308390,2020-08-30,Blanco,Texas,48031.0,124,5.0,0.0,,,,-0.077799998
308391,2020-08-31,Blanco,Texas,48031.0,125,5.0,1.0,,,,-0.087300003
308392,2020-09-01,Blanco,Texas,48031.0,127,5.0,2.0,,,,-0.026699999
308393,2020-09-02,Blanco,Texas,48031.0,129,5.0,2.0,,,,0.0328
308394,2020-09-03,Blanco,Texas,48031.0,129,5.0,0.0,,,,-0.0218
308395,2020-09-04,Blanco,Texas,48031.0,132,5.0,3.0,,,,-0.047600000999999996
308396,2020-09-05,Blanco,Texas,48031.0,132,5.0,0.0,,,,-0.05840000099999999
308397,2020-09-06,Blanco,Texas,48031.0,132,5.0,0.0,,,,0.0854
308398,2020-09-07,Blanco,Texas,48031.0,132,5.0,0.0,,,,0.308
308399,2020-09-08,Blanco,Texas,48031.0,132,5.0,0.0,,,,0.131
308400,2020-09-09,Blanco,Texas,48031.0,133,5.0,1.0,,,,0.16500001
308401,2020-09-10,Blanco,Texas,48031.0,133,5.0,0.0,,,,-0.0008130000200000001
308402,2020-09-11,Blanco,Texas,48031.0,135,5.0,2.0,,,,0.00758
308403,2020-09-12,Blanco,Texas,48031.0,135,5.0,0.0,,,,-0.0038600001
308404,2020-09-13,Blanco,Texas,48031.0,135,5.0,0.0,,,,-0.08070000299999999
308405,2020-09-14,Blanco,Texas,48031.0,135,5.0,0.0,,,,-0.019099999
308406,2020-09-15,Blanco,Texas,48031.0,135,5.0,0.0,,,,-0.0396
308407,2020-09-16,Blanco,Texas,48031.0,135,5.0,0.0,,,,-0.141
308408,2020-09-17,Blanco,Texas,48031.0,137,5.0,2.0,,,,0.0105
308409,2020-09-18,Blanco,Texas,48031.0,139,5.0,2.0,,,,0.092900001
308410,2020-09-19,Blanco,Texas,48031.0,141,5.0,2.0,,,,0.2
308411,2020-09-20,Blanco,Texas,48031.0,141,5.0,0.0,,,,0.222
308412,2020-09-21,Blanco,Texas,48031.0,141,5.0,0.0,,,,0.245
308413,2020-09-22,Blanco,Texas,48031.0,142,5.0,1.0,,,,0.259
308414,2020-09-23,Blanco,Texas,48031.0,144,5.0,2.0,,,,0.28400001
308415,2020-09-24,Blanco,Texas,48031.0,144,5.0,0.0,,,,0.19599999
308416,2020-09-25,Blanco,Texas,48031.0,144,5.0,0.0,,,,0.191
308417,2020-09-26,Blanco,Texas,48031.0,144,5.0,0.0,,,,0.061799999
308418,2020-09-27,Blanco,Texas,48031.0,144,5.0,0.0,,,,0.032499999
308419,2020-09-28,Blanco,Texas,48031.0,144,5.0,0.0,,,,-0.0385
308420,2020-09-29,Blanco,Texas,48031.0,144,5.0,0.0,,,,-0.19899999999999998
308421,2020-09-30,Blanco,Texas,48031.0,145,5.0,1.0,,,,-0.24100000000000002
308422,2020-10-01,Blanco,Texas,48031.0,145,5.0,0.0,,,,-0.252
308423,2020-10-02,Blanco,Texas,48031.0,145,5.0,0.0,,,,-0.109
308424,2020-10-03,Blanco,Texas,48031.0,145,5.0,0.0,,,,-0.121
308425,2020-10-04,Blanco,Texas,48031.0,145,5.0,0.0,,,,-0.083300002
308426,2020-10-05,Blanco,Texas,48031.0,145,5.0,0.0,,,,-0.058600001
308427,2020-10-06,Blanco,Texas,48031.0,146,5.0,1.0,,,,0.043499999000000004
308428,2020-10-07,Blanco,Texas,48031.0,148,5.0,2.0,,,,0.058800001
308429,2020-10-08,Blanco,Texas,48031.0,149,5.0,1.0,,,,0.032499999
308430,2020-10-09,Blanco,Texas,48031.0,149,5.0,0.0,,,,-0.126
308431,2020-10-10,Blanco,Texas,48031.0,150,5.0,1.0,,,,-0.111
308432,2020-10-11,Blanco,Texas,48031.0,150,5.0,0.0,,,,-0.23800001
308433,2020-10-12,Blanco,Texas,48031.0,150,5.0,0.0,,,,-0.22400001
308434,2020-10-13,Blanco,Texas,48031.0,151,5.0,1.0,,,,-0.23999999
308435,2020-10-14,Blanco,Texas,48031.0,152,5.0,1.0,,,,-0.171
308436,2020-10-15,Blanco,Texas,48031.0,153,6.0,1.0,,,,-0.21100000000000002
308437,2020-10-16,Blanco,Texas,48031.0,153,6.0,0.0,,,,0.10300000000000001
308438,2020-10-17,Blanco,Texas,48031.0,153,6.0,0.0,,,,0.17
308439,2020-10-18,Blanco,Texas,48031.0,153,6.0,0.0,,,,0.23899999
308440,2020-10-19,Blanco,Texas,48031.0,153,6.0,0.0,,,,0.138
308441,2020-10-20,Blanco,Texas,48031.0,153,6.0,0.0,,,,0.17
308442,2020-10-21,Blanco,Texas,48031.0,153,6.0,0.0,,,,0.13699999
308443,2020-10-22,Blanco,Texas,48031.0,153,6.0,0.0,,,,0.31999999
308444,2020-10-23,Blanco,Texas,48031.0,158,6.0,5.0,,,,0.38699999
308445,2020-10-24,Blanco,Texas,48031.0,159,6.0,1.0,,,,0.38699999
308446,2020-10-25,Blanco,Texas,48031.0,159,6.0,0.0,,,,0.38699999
308447,2020-10-26,Blanco,Texas,48031.0,159,6.0,0.0,,,,0.38699999
308448,2020-10-27,Blanco,Texas,48031.0,161,6.0,2.0,,,,0.38699999
308449,2020-10-28,Blanco,Texas,48031.0,162,6.0,1.0,,,,0.38699999
308450,2020-10-29,Blanco,Texas,48031.0,162,6.0,0.0,,,,0.38699999
308451,2020-10-30,Blanco,Texas,48031.0,162,6.0,0.0,,,,0.242
308452,2020-10-31,Blanco,Texas,48031.0,163,6.0,1.0,,,,0.38699999
308453,2020-11-01,Blanco,Texas,48031.0,163,6.0,0.0,,,,-0.27200001
308454,2020-11-02,Blanco,Texas,48031.0,163,6.0,0.0,,,,-0.301
308455,2020-11-03,Blanco,Texas,48031.0,163,6.0,0.0,,,,-0.35600001
308456,2020-11-04,Blanco,Texas,48031.0,166,6.0,3.0,,,,-0.34700000000000003
308457,2020-11-05,Blanco,Texas,48031.0,166,6.0,0.0,,,,-0.228
308458,2020-11-06,Blanco,Texas,48031.0,167,6.0,1.0,,,,-0.205
308459,2020-11-07,Blanco,Texas,48031.0,167,6.0,0.0,,,,-0.26300001
308460,2020-11-08,Blanco,Texas,48031.0,167,6.0,0.0,,,,-0.12899999
308461,2020-11-09,Blanco,Texas,48031.0,167,6.0,0.0,,,,-0.142
308462,2020-11-10,Blanco,Texas,48031.0,167,6.0,0.0,,,,-0.162
308463,2020-11-11,Blanco,Texas,48031.0,170,6.0,3.0,,,,-0.19699999999999998
308464,2020-11-12,Blanco,Texas,48031.0,170,6.0,0.0,,,,-0.152
308465,2020-11-13,Blanco,Texas,48031.0,170,6.0,0.0,,,,0.074500002
308466,2020-11-14,Blanco,Texas,48031.0,170,6.0,0.0,,,,0.15000001
308467,2020-11-15,Blanco,Texas,48031.0,170,6.0,0.0,,,,0.11699999999999999
308468,2020-11-16,Blanco,Texas,48031.0,170,6.0,0.0,,,,0.059099998
308469,2020-11-17,Blanco,Texas,48031.0,171,6.0,1.0,,,,0.16500001
308470,2020-11-18,Blanco,Texas,48031.0,171,6.0,0.0,,,,0.19499999
308471,2020-11-19,Blanco,Texas,48031.0,174,6.0,3.0,,,,0.221
308472,2020-11-20,Blanco,Texas,48031.0,176,6.0,2.0,,,,0.301
308473,2020-11-21,Blanco,Texas,48031.0,178,6.0,2.0,,,,0.245
308474,2020-11-22,Blanco,Texas,48031.0,178,6.0,0.0,,,,0.29899999
