,date,county,state,fips,cases,deaths,new_cases,emp_combined,emp_combined_inclow,revenue_all,spend_all
316030,2020-04-01,Gonzales,Texas,48177.0,1,0.0,0.0,,,,-0.292
316031,2020-04-02,Gonzales,Texas,48177.0,1,0.0,0.0,,,,-0.35699999
316032,2020-04-03,Gonzales,Texas,48177.0,1,0.0,0.0,,,,-0.31400001
316033,2020-04-04,Gonzales,Texas,48177.0,1,0.0,0.0,,,,-0.359
316034,2020-04-05,Gonzales,Texas,48177.0,1,0.0,0.0,,,,-0.294
316035,2020-04-06,Gonzales,Texas,48177.0,1,0.0,0.0,,,,-0.34400001
316036,2020-04-07,Gonzales,Texas,48177.0,1,0.0,0.0,,,,-0.31600001
316037,2020-04-08,Gonzales,Texas,48177.0,1,0.0,0.0,,,,-0.38800001
316038,2020-04-09,Gonzales,Texas,48177.0,2,0.0,1.0,,,,-0.38100001
316039,2020-04-10,Gonzales,Texas,48177.0,2,0.0,0.0,,,,-0.456
316040,2020-04-11,Gonzales,Texas,48177.0,2,0.0,0.0,,,,-0.433
316041,2020-04-12,Gonzales,Texas,48177.0,2,0.0,0.0,,,,-0.505
316042,2020-04-13,Gonzales,Texas,48177.0,2,0.0,0.0,,,,-0.47999999
316043,2020-04-14,Gonzales,Texas,48177.0,2,0.0,0.0,,,,-0.50700003
316044,2020-04-15,Gonzales,Texas,48177.0,2,0.0,0.0,,,,-0.48100001
316045,2020-04-16,Gonzales,Texas,48177.0,2,0.0,0.0,,,,-0.47799999
316046,2020-04-17,Gonzales,Texas,48177.0,2,0.0,0.0,,,,-0.43399999
316047,2020-04-18,Gonzales,Texas,48177.0,2,0.0,0.0,,,,-0.449
316048,2020-04-19,Gonzales,Texas,48177.0,2,0.0,0.0,,,,-0.44800001
316049,2020-04-20,Gonzales,Texas,48177.0,2,0.0,0.0,,,,-0.41700000000000004
316050,2020-04-21,Gonzales,Texas,48177.0,2,0.0,0.0,,,,-0.41499999
316051,2020-04-22,Gonzales,Texas,48177.0,3,0.0,1.0,,,,-0.40700001
316052,2020-04-23,Gonzales,Texas,48177.0,4,0.0,1.0,,,,-0.43000001
316053,2020-04-24,Gonzales,Texas,48177.0,4,0.0,0.0,,,,-0.45399999999999996
316054,2020-04-25,Gonzales,Texas,48177.0,8,1.0,4.0,,,,-0.479
316055,2020-04-26,Gonzales,Texas,48177.0,12,1.0,4.0,,,,-0.47400001
316056,2020-04-27,Gonzales,Texas,48177.0,12,1.0,0.0,,,,-0.52399999
316057,2020-04-28,Gonzales,Texas,48177.0,14,2.0,2.0,,,,-0.49599999
316058,2020-04-29,Gonzales,Texas,48177.0,18,2.0,4.0,,,,-0.479
316059,2020-04-30,Gonzales,Texas,48177.0,20,2.0,2.0,,,,-0.43200001
316060,2020-05-01,Gonzales,Texas,48177.0,21,2.0,1.0,,,,-0.414
316061,2020-05-02,Gonzales,Texas,48177.0,23,2.0,2.0,,,,-0.34700000000000003
316062,2020-05-03,Gonzales,Texas,48177.0,27,2.0,4.0,,,,-0.354
316063,2020-05-04,Gonzales,Texas,48177.0,30,2.0,3.0,,,,-0.33199999
316064,2020-05-05,Gonzales,Texas,48177.0,31,2.0,1.0,,,,-0.359
316065,2020-05-06,Gonzales,Texas,48177.0,31,2.0,0.0,,,,-0.35699999
316066,2020-05-07,Gonzales,Texas,48177.0,31,2.0,0.0,,,,-0.34200001
316067,2020-05-08,Gonzales,Texas,48177.0,31,2.0,0.0,,,,-0.264
316068,2020-05-09,Gonzales,Texas,48177.0,40,2.0,9.0,,,,-0.248
316069,2020-05-10,Gonzales,Texas,48177.0,53,2.0,13.0,,,,-0.22499999
316070,2020-05-11,Gonzales,Texas,48177.0,59,2.0,6.0,,,,-0.22899999999999998
316071,2020-05-12,Gonzales,Texas,48177.0,59,2.0,0.0,,,,-0.17800000000000002
316072,2020-05-13,Gonzales,Texas,48177.0,62,2.0,3.0,,,,-0.14300001
316073,2020-05-14,Gonzales,Texas,48177.0,70,2.0,8.0,,,,-0.177
316074,2020-05-15,Gonzales,Texas,48177.0,73,2.0,3.0,,,,-0.27500001
316075,2020-05-16,Gonzales,Texas,48177.0,75,2.0,2.0,,,,-0.31099999
316076,2020-05-17,Gonzales,Texas,48177.0,79,2.0,4.0,,,,-0.32300001
316077,2020-05-18,Gonzales,Texas,48177.0,85,2.0,6.0,,,,-0.32300001
316078,2020-05-19,Gonzales,Texas,48177.0,86,2.0,1.0,,,,-0.36399999
316079,2020-05-20,Gonzales,Texas,48177.0,88,2.0,2.0,,,,-0.35100001
316080,2020-05-21,Gonzales,Texas,48177.0,90,2.0,2.0,,,,-0.255
316081,2020-05-22,Gonzales,Texas,48177.0,90,2.0,0.0,,,,-0.21799999
316082,2020-05-23,Gonzales,Texas,48177.0,91,2.0,1.0,,,,-0.23600000000000002
316083,2020-05-24,Gonzales,Texas,48177.0,91,2.0,0.0,,,,-0.30399999
316084,2020-05-25,Gonzales,Texas,48177.0,91,2.0,0.0,,,,-0.34400001
316085,2020-05-26,Gonzales,Texas,48177.0,91,2.0,0.0,,,,-0.30599999
316086,2020-05-27,Gonzales,Texas,48177.0,100,2.0,9.0,,,,-0.29300001
316087,2020-05-28,Gonzales,Texas,48177.0,111,2.0,11.0,,,,-0.35299999
316088,2020-05-29,Gonzales,Texas,48177.0,118,2.0,7.0,,,,-0.35200000000000004
316089,2020-05-30,Gonzales,Texas,48177.0,121,2.0,3.0,,,,-0.35100001
316090,2020-05-31,Gonzales,Texas,48177.0,129,2.0,8.0,,,,-0.271
316091,2020-06-01,Gonzales,Texas,48177.0,129,2.0,0.0,,,,-0.24100000000000002
316092,2020-06-02,Gonzales,Texas,48177.0,132,2.0,3.0,,,,-0.21899999999999997
316093,2020-06-03,Gonzales,Texas,48177.0,143,3.0,11.0,,,,-0.27599999
316094,2020-06-04,Gonzales,Texas,48177.0,144,3.0,1.0,,,,-0.30599999
316095,2020-06-05,Gonzales,Texas,48177.0,147,3.0,3.0,,,,-0.243
316096,2020-06-06,Gonzales,Texas,48177.0,149,3.0,2.0,,,,-0.21899999999999997
316097,2020-06-07,Gonzales,Texas,48177.0,151,3.0,2.0,,,,-0.18600000000000003
316098,2020-06-08,Gonzales,Texas,48177.0,151,3.0,0.0,,,,-0.22
316099,2020-06-09,Gonzales,Texas,48177.0,153,3.0,2.0,,,,-0.21600001
316100,2020-06-10,Gonzales,Texas,48177.0,155,3.0,2.0,,,,-0.25299999
316101,2020-06-11,Gonzales,Texas,48177.0,157,4.0,2.0,,,,-0.214
316102,2020-06-12,Gonzales,Texas,48177.0,157,4.0,0.0,,,,-0.226
316103,2020-06-13,Gonzales,Texas,48177.0,165,4.0,8.0,,,,-0.24100000000000002
316104,2020-06-14,Gonzales,Texas,48177.0,166,4.0,1.0,,,,-0.27000001
316105,2020-06-15,Gonzales,Texas,48177.0,166,4.0,0.0,,,,-0.24699999
316106,2020-06-16,Gonzales,Texas,48177.0,169,4.0,3.0,,,,-0.22
316107,2020-06-17,Gonzales,Texas,48177.0,172,4.0,3.0,,,,-0.13600001
316108,2020-06-18,Gonzales,Texas,48177.0,175,4.0,3.0,,,,-0.115
316109,2020-06-19,Gonzales,Texas,48177.0,203,4.0,28.0,,,,-0.11800000000000001
316110,2020-06-20,Gonzales,Texas,48177.0,213,4.0,10.0,,,,-0.07389999900000001
316111,2020-06-21,Gonzales,Texas,48177.0,215,4.0,2.0,,,,-0.080899999
316112,2020-06-22,Gonzales,Texas,48177.0,215,4.0,0.0,,,,-0.0605
316113,2020-06-23,Gonzales,Texas,48177.0,217,4.0,2.0,,,,-0.0261
316114,2020-06-24,Gonzales,Texas,48177.0,231,4.0,14.0,,,,-0.09210000199999999
316115,2020-06-25,Gonzales,Texas,48177.0,235,4.0,4.0,,,,-0.22699999999999998
316116,2020-06-26,Gonzales,Texas,48177.0,244,4.0,9.0,,,,-0.30500001
316117,2020-06-27,Gonzales,Texas,48177.0,247,4.0,3.0,,,,-0.31900001
316118,2020-06-28,Gonzales,Texas,48177.0,248,4.0,1.0,,,,-0.336
316119,2020-06-29,Gonzales,Texas,48177.0,248,4.0,0.0,,,,-0.324
316120,2020-06-30,Gonzales,Texas,48177.0,260,4.0,12.0,,,,-0.38999999
316121,2020-07-01,Gonzales,Texas,48177.0,261,4.0,1.0,,,,-0.37400001
316122,2020-07-02,Gonzales,Texas,48177.0,297,4.0,36.0,,,,-0.29699999
316123,2020-07-03,Gonzales,Texas,48177.0,301,4.0,4.0,,,,-0.287
316124,2020-07-04,Gonzales,Texas,48177.0,306,4.0,5.0,,,,-0.287
316125,2020-07-05,Gonzales,Texas,48177.0,306,4.0,0.0,,,,-0.25400001
316126,2020-07-06,Gonzales,Texas,48177.0,307,4.0,1.0,,,,-0.28299999
316127,2020-07-07,Gonzales,Texas,48177.0,314,4.0,7.0,,,,-0.242
316128,2020-07-08,Gonzales,Texas,48177.0,314,4.0,0.0,,,,-0.255
316129,2020-07-09,Gonzales,Texas,48177.0,316,4.0,2.0,,,,-0.25799999
316130,2020-07-10,Gonzales,Texas,48177.0,318,4.0,2.0,,,,-0.24699999
316131,2020-07-11,Gonzales,Texas,48177.0,323,4.0,5.0,,,,-0.273
316132,2020-07-12,Gonzales,Texas,48177.0,348,4.0,25.0,,,,-0.259
316133,2020-07-13,Gonzales,Texas,48177.0,348,4.0,0.0,,,,-0.24699999
316134,2020-07-14,Gonzales,Texas,48177.0,348,4.0,0.0,,,,-0.27399999
316135,2020-07-15,Gonzales,Texas,48177.0,355,4.0,7.0,,,,-0.33399999
316136,2020-07-16,Gonzales,Texas,48177.0,388,4.0,33.0,,,,-0.33399999
316137,2020-07-17,Gonzales,Texas,48177.0,421,4.0,33.0,,,,-0.32899999999999996
316138,2020-07-18,Gonzales,Texas,48177.0,432,4.0,11.0,,,,-0.31600001
316139,2020-07-19,Gonzales,Texas,48177.0,433,4.0,1.0,,,,-0.292
316140,2020-07-20,Gonzales,Texas,48177.0,433,4.0,0.0,,,,-0.31099999
316141,2020-07-21,Gonzales,Texas,48177.0,476,4.0,43.0,,,,-0.31600001
316142,2020-07-22,Gonzales,Texas,48177.0,499,6.0,23.0,,,,-0.24100000000000002
316143,2020-07-23,Gonzales,Texas,48177.0,537,6.0,38.0,,,,-0.18799999
316144,2020-07-24,Gonzales,Texas,48177.0,567,6.0,30.0,,,,-0.17200001
316145,2020-07-25,Gonzales,Texas,48177.0,569,6.0,2.0,,,,-0.16
316146,2020-07-26,Gonzales,Texas,48177.0,569,6.0,0.0,,,,-0.182
316147,2020-07-27,Gonzales,Texas,48177.0,569,8.0,0.0,,,,-0.215
316148,2020-07-28,Gonzales,Texas,48177.0,598,8.0,29.0,,,,-0.163
316149,2020-07-29,Gonzales,Texas,48177.0,606,8.0,8.0,,,,-0.16399999999999998
316150,2020-07-30,Gonzales,Texas,48177.0,613,7.0,7.0,,,,-0.24100000000000002
316151,2020-07-31,Gonzales,Texas,48177.0,613,7.0,0.0,,,,-0.23999999
316152,2020-08-01,Gonzales,Texas,48177.0,617,7.0,4.0,,,,-0.25999999
316153,2020-08-02,Gonzales,Texas,48177.0,617,7.0,0.0,,,,-0.24600001
316154,2020-08-03,Gonzales,Texas,48177.0,617,7.0,0.0,,,,-0.21799999
316155,2020-08-04,Gonzales,Texas,48177.0,631,8.0,14.0,,,,-0.27599999
316156,2020-08-05,Gonzales,Texas,48177.0,646,9.0,15.0,,,,-0.30199999
316157,2020-08-06,Gonzales,Texas,48177.0,670,9.0,24.0,,,,-0.26199999
316158,2020-08-07,Gonzales,Texas,48177.0,680,9.0,10.0,,,,-0.31299999
316159,2020-08-08,Gonzales,Texas,48177.0,683,9.0,3.0,,,,-0.29899999
316160,2020-08-09,Gonzales,Texas,48177.0,683,9.0,0.0,,,,-0.30000001
316161,2020-08-10,Gonzales,Texas,48177.0,683,9.0,0.0,,,,-0.292
316162,2020-08-11,Gonzales,Texas,48177.0,684,10.0,1.0,,,,-0.248
316163,2020-08-12,Gonzales,Texas,48177.0,699,10.0,15.0,,,,-0.264
316164,2020-08-13,Gonzales,Texas,48177.0,703,11.0,4.0,,,,-0.26199999
316165,2020-08-14,Gonzales,Texas,48177.0,716,11.0,13.0,,,,-0.22499999
316166,2020-08-15,Gonzales,Texas,48177.0,721,11.0,5.0,,,,-0.26499999
316167,2020-08-16,Gonzales,Texas,48177.0,721,11.0,0.0,,,,-0.25400001
316168,2020-08-17,Gonzales,Texas,48177.0,721,11.0,0.0,,,,-0.301
316169,2020-08-18,Gonzales,Texas,48177.0,738,11.0,17.0,,,,-0.249
316170,2020-08-19,Gonzales,Texas,48177.0,750,11.0,12.0,,,,-0.18799999
316171,2020-08-20,Gonzales,Texas,48177.0,749,11.0,-1.0,,,,-0.21100000000000002
316172,2020-08-21,Gonzales,Texas,48177.0,749,11.0,0.0,,,,-0.141
316173,2020-08-22,Gonzales,Texas,48177.0,783,12.0,34.0,,,,-0.06580000400000001
316174,2020-08-23,Gonzales,Texas,48177.0,783,12.0,0.0,,,,-0.081200004
316175,2020-08-24,Gonzales,Texas,48177.0,783,12.0,0.0,,,,-0.081299998
316176,2020-08-25,Gonzales,Texas,48177.0,795,12.0,12.0,,,,-0.12300000000000001
316177,2020-08-26,Gonzales,Texas,48177.0,805,12.0,10.0,,,,-0.12800001
316178,2020-08-27,Gonzales,Texas,48177.0,805,12.0,0.0,,,,-0.081900001
316179,2020-08-28,Gonzales,Texas,48177.0,808,12.0,3.0,,,,-0.15899999
316180,2020-08-29,Gonzales,Texas,48177.0,813,13.0,5.0,,,,-0.237
316181,2020-08-30,Gonzales,Texas,48177.0,813,13.0,0.0,,,,-0.22899999999999998
316182,2020-08-31,Gonzales,Texas,48177.0,813,13.0,0.0,,,,-0.2
316183,2020-09-01,Gonzales,Texas,48177.0,817,13.0,4.0,,,,-0.16699999999999998
316184,2020-09-02,Gonzales,Texas,48177.0,817,13.0,0.0,,,,-0.19
316185,2020-09-03,Gonzales,Texas,48177.0,818,13.0,1.0,,,,-0.19499999
316186,2020-09-04,Gonzales,Texas,48177.0,819,13.0,1.0,,,,-0.221
316187,2020-09-05,Gonzales,Texas,48177.0,819,14.0,0.0,,,,-0.20900001
316188,2020-09-06,Gonzales,Texas,48177.0,819,14.0,0.0,,,,-0.204
316189,2020-09-07,Gonzales,Texas,48177.0,819,14.0,0.0,,,,-0.18799999
316190,2020-09-08,Gonzales,Texas,48177.0,819,14.0,0.0,,,,-0.23600000000000002
316191,2020-09-09,Gonzales,Texas,48177.0,819,14.0,0.0,,,,-0.205
316192,2020-09-10,Gonzales,Texas,48177.0,819,14.0,0.0,,,,-0.184
316193,2020-09-11,Gonzales,Texas,48177.0,822,14.0,3.0,,,,-0.20999999
316194,2020-09-12,Gonzales,Texas,48177.0,822,14.0,0.0,,,,-0.18700001
316195,2020-09-13,Gonzales,Texas,48177.0,822,14.0,0.0,,,,-0.22899999999999998
316196,2020-09-14,Gonzales,Texas,48177.0,822,14.0,0.0,,,,-0.221
316197,2020-09-15,Gonzales,Texas,48177.0,824,14.0,2.0,,,,-0.19400001
316198,2020-09-16,Gonzales,Texas,48177.0,822,14.0,-2.0,,,,-0.16699999999999998
316199,2020-09-17,Gonzales,Texas,48177.0,822,14.0,0.0,,,,-0.18799999
316200,2020-09-18,Gonzales,Texas,48177.0,822,14.0,0.0,,,,-0.17200001
316201,2020-09-19,Gonzales,Texas,48177.0,822,16.0,0.0,,,,-0.162
316202,2020-09-20,Gonzales,Texas,48177.0,822,16.0,0.0,,,,-0.18899999999999997
316203,2020-09-21,Gonzales,Texas,48177.0,1056,16.0,234.0,,,,-0.183
316204,2020-09-22,Gonzales,Texas,48177.0,1057,16.0,1.0,,,,-0.242
316205,2020-09-23,Gonzales,Texas,48177.0,1057,17.0,0.0,,,,-0.28
316206,2020-09-24,Gonzales,Texas,48177.0,1057,17.0,0.0,,,,-0.30399999
316207,2020-09-25,Gonzales,Texas,48177.0,1057,17.0,0.0,,,,-0.40200001
316208,2020-09-26,Gonzales,Texas,48177.0,1058,17.0,1.0,,,,-0.373
316209,2020-09-27,Gonzales,Texas,48177.0,1058,18.0,0.0,,,,-0.33399999
316210,2020-09-28,Gonzales,Texas,48177.0,1058,18.0,0.0,,,,-0.31900001
316211,2020-09-29,Gonzales,Texas,48177.0,1058,18.0,0.0,,,,-0.292
316212,2020-09-30,Gonzales,Texas,48177.0,1058,18.0,0.0,,,,-0.303
316213,2020-10-01,Gonzales,Texas,48177.0,1063,18.0,5.0,,,,-0.23600000000000002
316214,2020-10-02,Gonzales,Texas,48177.0,1063,18.0,0.0,,,,-0.185
316215,2020-10-03,Gonzales,Texas,48177.0,1063,18.0,0.0,,,,-0.145
316216,2020-10-04,Gonzales,Texas,48177.0,1063,18.0,0.0,,,,-0.126
316217,2020-10-05,Gonzales,Texas,48177.0,1071,18.0,8.0,,,,-0.11199999999999999
316218,2020-10-06,Gonzales,Texas,48177.0,1070,18.0,-1.0,,,,-0.127
316219,2020-10-07,Gonzales,Texas,48177.0,1071,18.0,1.0,,,,-0.125
316220,2020-10-08,Gonzales,Texas,48177.0,1071,18.0,0.0,,,,-0.124
316221,2020-10-09,Gonzales,Texas,48177.0,1069,18.0,-2.0,,,,-0.12300000000000001
316222,2020-10-10,Gonzales,Texas,48177.0,1073,18.0,4.0,,,,-0.171
316223,2020-10-11,Gonzales,Texas,48177.0,1073,18.0,0.0,,,,-0.18799999
316224,2020-10-12,Gonzales,Texas,48177.0,1080,18.0,7.0,,,,-0.223
316225,2020-10-13,Gonzales,Texas,48177.0,1088,18.0,8.0,,,,-0.212
316226,2020-10-14,Gonzales,Texas,48177.0,1089,18.0,1.0,,,,-0.20100001
316227,2020-10-15,Gonzales,Texas,48177.0,1091,18.0,2.0,,,,-0.212
316228,2020-10-16,Gonzales,Texas,48177.0,1089,18.0,-2.0,,,,-0.207
316229,2020-10-17,Gonzales,Texas,48177.0,1092,19.0,3.0,,,,-0.207
316230,2020-10-18,Gonzales,Texas,48177.0,1092,19.0,0.0,,,,-0.22499999
316231,2020-10-19,Gonzales,Texas,48177.0,1095,19.0,3.0,,,,-0.19599999
316232,2020-10-20,Gonzales,Texas,48177.0,1095,19.0,0.0,,,,-0.155
316233,2020-10-21,Gonzales,Texas,48177.0,1110,20.0,15.0,,,,-0.177
316234,2020-10-22,Gonzales,Texas,48177.0,1110,20.0,0.0,,,,-0.18600000000000003
316235,2020-10-23,Gonzales,Texas,48177.0,1110,20.0,0.0,,,,-0.19
316236,2020-10-24,Gonzales,Texas,48177.0,1111,20.0,1.0,,,,-0.223
316237,2020-10-25,Gonzales,Texas,48177.0,1111,20.0,0.0,,,,-0.27399999
316238,2020-10-26,Gonzales,Texas,48177.0,1112,20.0,1.0,,,,-0.29300001
316239,2020-10-27,Gonzales,Texas,48177.0,1112,20.0,0.0,,,,-0.34200001
316240,2020-10-28,Gonzales,Texas,48177.0,1115,20.0,3.0,,,,-0.36000001
316241,2020-10-29,Gonzales,Texas,48177.0,1128,20.0,13.0,,,,-0.30500001
316242,2020-10-30,Gonzales,Texas,48177.0,1132,20.0,4.0,,,,-0.32600001
316243,2020-10-31,Gonzales,Texas,48177.0,1133,20.0,1.0,,,,-0.308
316244,2020-11-01,Gonzales,Texas,48177.0,1133,20.0,0.0,,,,-0.28099999
316245,2020-11-02,Gonzales,Texas,48177.0,1133,20.0,0.0,,,,-0.285
316246,2020-11-03,Gonzales,Texas,48177.0,1135,20.0,2.0,,,,-0.29600000000000004
316247,2020-11-04,Gonzales,Texas,48177.0,1136,20.0,1.0,,,,-0.23899999
316248,2020-11-05,Gonzales,Texas,48177.0,1144,20.0,8.0,,,,-0.214
316249,2020-11-06,Gonzales,Texas,48177.0,1146,20.0,2.0,,,,-0.223
316250,2020-11-07,Gonzales,Texas,48177.0,1150,20.0,4.0,,,,-0.13600001
316251,2020-11-08,Gonzales,Texas,48177.0,1150,20.0,0.0,,,,-0.115
316252,2020-11-09,Gonzales,Texas,48177.0,1152,20.0,2.0,,,,-0.12899999
316253,2020-11-10,Gonzales,Texas,48177.0,1152,20.0,0.0,,,,-0.133
316254,2020-11-11,Gonzales,Texas,48177.0,1152,20.0,0.0,,,,-0.214
316255,2020-11-12,Gonzales,Texas,48177.0,1152,20.0,0.0,,,,-0.15700001
316256,2020-11-13,Gonzales,Texas,48177.0,1165,21.0,13.0,,,,-0.14399999
316257,2020-11-14,Gonzales,Texas,48177.0,1171,21.0,6.0,,,,-0.16399999999999998
316258,2020-11-15,Gonzales,Texas,48177.0,1171,21.0,0.0,,,,-0.20100001
316259,2020-11-16,Gonzales,Texas,48177.0,1171,21.0,0.0,,,,-0.16599999
316260,2020-11-17,Gonzales,Texas,48177.0,1184,21.0,13.0,,,,-0.124
316261,2020-11-18,Gonzales,Texas,48177.0,1203,21.0,19.0,,,,-0.098200001
316262,2020-11-19,Gonzales,Texas,48177.0,1203,22.0,0.0,,,,-0.125
316263,2020-11-20,Gonzales,Texas,48177.0,1205,23.0,2.0,,,,-0.083400004
316264,2020-11-21,Gonzales,Texas,48177.0,1208,23.0,3.0,,,,-0.10099999999999999
316265,2020-11-22,Gonzales,Texas,48177.0,1208,24.0,0.0,,,,-0.04769999900000001
