,date,county,state,fips,cases,deaths,new_cases,emp_combined,emp_combined_inclow,revenue_all,spend_all
317516,2020-03-27,Harrison,Texas,48203.0,1,0.0,0.0,,,,-0.122
317517,2020-03-28,Harrison,Texas,48203.0,1,0.0,0.0,,,,-0.102
317518,2020-03-29,Harrison,Texas,48203.0,1,0.0,0.0,,,,-0.11599999999999999
317519,2020-03-30,Harrison,Texas,48203.0,1,0.0,0.0,,,,-0.126
317520,2020-03-31,Harrison,Texas,48203.0,1,0.0,0.0,,,,-0.131
317521,2020-04-01,Harrison,Texas,48203.0,3,0.0,2.0,,,,-0.22499999
317522,2020-04-02,Harrison,Texas,48203.0,5,0.0,2.0,,,,-0.29100001
317523,2020-04-03,Harrison,Texas,48203.0,5,1.0,0.0,,,,-0.27399999
317524,2020-04-04,Harrison,Texas,48203.0,5,1.0,0.0,,,,-0.303
317525,2020-04-05,Harrison,Texas,48203.0,6,1.0,1.0,,,,-0.29100001
317526,2020-04-06,Harrison,Texas,48203.0,6,1.0,0.0,,,,-0.33899999
317527,2020-04-07,Harrison,Texas,48203.0,11,1.0,5.0,,,,-0.336
317528,2020-04-08,Harrison,Texas,48203.0,11,1.0,0.0,,,,-0.30000001
317529,2020-04-09,Harrison,Texas,48203.0,12,1.0,1.0,,,,-0.29300001
317530,2020-04-10,Harrison,Texas,48203.0,12,1.0,0.0,,,,-0.30599999
317531,2020-04-11,Harrison,Texas,48203.0,12,1.0,0.0,,,,-0.21899999999999997
317532,2020-04-12,Harrison,Texas,48203.0,16,1.0,4.0,,,,-0.25600001
317533,2020-04-13,Harrison,Texas,48203.0,16,2.0,0.0,,,,-0.24699999
317534,2020-04-14,Harrison,Texas,48203.0,20,2.0,4.0,,,,-0.23999999
317535,2020-04-15,Harrison,Texas,48203.0,34,2.0,14.0,,,,-0.25600001
317536,2020-04-16,Harrison,Texas,48203.0,35,2.0,1.0,,,,-0.21600001
317537,2020-04-17,Harrison,Texas,48203.0,40,2.0,5.0,,,,-0.17399999
317538,2020-04-18,Harrison,Texas,48203.0,42,2.0,2.0,,,,-0.184
317539,2020-04-19,Harrison,Texas,48203.0,44,2.0,2.0,,,,-0.182
317540,2020-04-20,Harrison,Texas,48203.0,47,2.0,3.0,,,,-0.15899999
317541,2020-04-21,Harrison,Texas,48203.0,58,2.0,11.0,,,,-0.142
317542,2020-04-22,Harrison,Texas,48203.0,59,2.0,1.0,,,,-0.19
317543,2020-04-23,Harrison,Texas,48203.0,61,2.0,2.0,,,,-0.22400001
317544,2020-04-24,Harrison,Texas,48203.0,69,2.0,8.0,,,,-0.271
317545,2020-04-25,Harrison,Texas,48203.0,69,2.0,0.0,,,,-0.29800001
317546,2020-04-26,Harrison,Texas,48203.0,71,2.0,2.0,,,,-0.31600001
317547,2020-04-27,Harrison,Texas,48203.0,86,2.0,15.0,,,,-0.322
317548,2020-04-28,Harrison,Texas,48203.0,84,2.0,-2.0,,,,-0.27900001
317549,2020-04-29,Harrison,Texas,48203.0,84,2.0,0.0,,,,-0.19
317550,2020-04-30,Harrison,Texas,48203.0,102,6.0,18.0,,,,-0.0211
317551,2020-05-01,Harrison,Texas,48203.0,113,6.0,11.0,,,,-0.08470000300000001
317552,2020-05-02,Harrison,Texas,48203.0,121,6.0,8.0,,,,-0.053599997999999996
317553,2020-05-03,Harrison,Texas,48203.0,140,6.0,19.0,,,,-0.0222
317554,2020-05-04,Harrison,Texas,48203.0,140,6.0,0.0,,,,0.018300001
317555,2020-05-05,Harrison,Texas,48203.0,149,6.0,9.0,,,,-0.00135
317556,2020-05-06,Harrison,Texas,48203.0,160,6.0,11.0,,,,-0.035700001
317557,2020-05-07,Harrison,Texas,48203.0,167,6.0,7.0,,,,-0.08990000199999999
317558,2020-05-08,Harrison,Texas,48203.0,180,6.0,13.0,,,,-0.032900002000000005
317559,2020-05-09,Harrison,Texas,48203.0,180,6.0,0.0,,,,0.0061599999
317560,2020-05-10,Harrison,Texas,48203.0,186,9.0,6.0,,,,-0.0372
317561,2020-05-11,Harrison,Texas,48203.0,186,9.0,0.0,,,,-0.082800001
317562,2020-05-12,Harrison,Texas,48203.0,189,9.0,3.0,,,,-0.109
317563,2020-05-13,Harrison,Texas,48203.0,192,9.0,3.0,,,,-0.142
317564,2020-05-14,Harrison,Texas,48203.0,195,9.0,3.0,,,,-0.09520000199999999
317565,2020-05-15,Harrison,Texas,48203.0,200,19.0,5.0,,,,-0.17900001
317566,2020-05-16,Harrison,Texas,48203.0,200,19.0,0.0,,,,-0.18000001
317567,2020-05-17,Harrison,Texas,48203.0,202,19.0,2.0,,,,-0.15099999
317568,2020-05-18,Harrison,Texas,48203.0,202,19.0,0.0,,,,-0.08910000300000001
317569,2020-05-19,Harrison,Texas,48203.0,205,21.0,3.0,,,,-0.0218
317570,2020-05-20,Harrison,Texas,48203.0,206,22.0,1.0,,,,-0.017100001
317571,2020-05-21,Harrison,Texas,48203.0,217,22.0,11.0,,,,0.0048500001
317572,2020-05-22,Harrison,Texas,48203.0,230,23.0,13.0,,,,0.13600001
317573,2020-05-23,Harrison,Texas,48203.0,230,23.0,0.0,,,,0.161
317574,2020-05-24,Harrison,Texas,48203.0,230,23.0,0.0,,,,0.122
317575,2020-05-25,Harrison,Texas,48203.0,230,23.0,0.0,,,,0.114
317576,2020-05-26,Harrison,Texas,48203.0,230,24.0,0.0,,,,0.037900001
317577,2020-05-27,Harrison,Texas,48203.0,236,25.0,6.0,,,,0.042800002000000004
317578,2020-05-28,Harrison,Texas,48203.0,239,25.0,3.0,,,,-0.102
317579,2020-05-29,Harrison,Texas,48203.0,239,24.0,0.0,,,,-0.0647
317580,2020-05-30,Harrison,Texas,48203.0,244,25.0,5.0,,,,-0.0594
317581,2020-05-31,Harrison,Texas,48203.0,245,25.0,1.0,,,,-0.040899999
317582,2020-06-01,Harrison,Texas,48203.0,245,25.0,0.0,,,,-0.050500002
317583,2020-06-02,Harrison,Texas,48203.0,247,25.0,2.0,,,,-0.063699998
317584,2020-06-03,Harrison,Texas,48203.0,250,26.0,3.0,,,,-0.14300001
317585,2020-06-04,Harrison,Texas,48203.0,255,27.0,5.0,,,,-0.18099999
317586,2020-06-05,Harrison,Texas,48203.0,256,27.0,1.0,,,,-0.155
317587,2020-06-06,Harrison,Texas,48203.0,256,27.0,0.0,,,,-0.17600000000000002
317588,2020-06-07,Harrison,Texas,48203.0,256,27.0,0.0,,,,-0.16500001
317589,2020-06-08,Harrison,Texas,48203.0,256,27.0,0.0,,,,-0.163
317590,2020-06-09,Harrison,Texas,48203.0,258,28.0,2.0,,,,-0.13
317591,2020-06-10,Harrison,Texas,48203.0,259,28.0,1.0,,,,-0.051899999
317592,2020-06-11,Harrison,Texas,48203.0,261,28.0,2.0,,,,-0.071199998
317593,2020-06-12,Harrison,Texas,48203.0,267,28.0,6.0,,,,0.075199999
317594,2020-06-13,Harrison,Texas,48203.0,268,28.0,1.0,,,,0.059500001
317595,2020-06-14,Harrison,Texas,48203.0,269,28.0,1.0,,,,-0.0010400000000000001
317596,2020-06-15,Harrison,Texas,48203.0,270,28.0,1.0,,,,0.062100000999999995
317597,2020-06-16,Harrison,Texas,48203.0,269,29.0,-1.0,,,,0.0198
317598,2020-06-17,Harrison,Texas,48203.0,269,29.0,0.0,,,,-0.032699998
317599,2020-06-18,Harrison,Texas,48203.0,268,30.0,-1.0,,,,-0.10300000000000001
317600,2020-06-19,Harrison,Texas,48203.0,268,31.0,0.0,,,,-0.127
317601,2020-06-20,Harrison,Texas,48203.0,271,32.0,3.0,,,,-0.10099999999999999
317602,2020-06-21,Harrison,Texas,48203.0,272,32.0,1.0,,,,-0.0097399997
317603,2020-06-22,Harrison,Texas,48203.0,274,32.0,2.0,,,,-0.079400003
317604,2020-06-23,Harrison,Texas,48203.0,276,33.0,2.0,,,,-0.109
317605,2020-06-24,Harrison,Texas,48203.0,279,33.0,3.0,,,,-0.14300001
317606,2020-06-25,Harrison,Texas,48203.0,281,33.0,2.0,,,,-0.133
317607,2020-06-26,Harrison,Texas,48203.0,284,30.0,3.0,,,,-0.09099999800000001
317608,2020-06-27,Harrison,Texas,48203.0,288,30.0,4.0,,,,-0.089299999
317609,2020-06-28,Harrison,Texas,48203.0,288,30.0,0.0,,,,-0.16599999
317610,2020-06-29,Harrison,Texas,48203.0,289,30.0,1.0,,,,-0.113
317611,2020-06-30,Harrison,Texas,48203.0,308,30.0,19.0,,,,-0.0634
317612,2020-07-01,Harrison,Texas,48203.0,314,30.0,6.0,,,,0.0241
317613,2020-07-02,Harrison,Texas,48203.0,325,30.0,11.0,,,,0.017100001
317614,2020-07-03,Harrison,Texas,48203.0,327,30.0,2.0,,,,-0.023499999
317615,2020-07-04,Harrison,Texas,48203.0,332,30.0,5.0,,,,0.0142
317616,2020-07-05,Harrison,Texas,48203.0,339,30.0,7.0,,,,0.09239999900000001
317617,2020-07-06,Harrison,Texas,48203.0,363,30.0,24.0,,,,0.0025899999
317618,2020-07-07,Harrison,Texas,48203.0,383,30.0,20.0,,,,0.0273
317619,2020-07-08,Harrison,Texas,48203.0,389,31.0,6.0,,,,-0.0053400001
317620,2020-07-09,Harrison,Texas,48203.0,392,31.0,3.0,,,,-0.024599998999999997
317621,2020-07-10,Harrison,Texas,48203.0,398,31.0,6.0,,,,0.0964
317622,2020-07-11,Harrison,Texas,48203.0,401,31.0,3.0,,,,0.11900000000000001
317623,2020-07-12,Harrison,Texas,48203.0,425,31.0,24.0,,,,0.17399999
317624,2020-07-13,Harrison,Texas,48203.0,429,31.0,4.0,,,,0.162
317625,2020-07-14,Harrison,Texas,48203.0,451,31.0,22.0,,,,0.107
317626,2020-07-15,Harrison,Texas,48203.0,458,31.0,7.0,,,,0.037500001
317627,2020-07-16,Harrison,Texas,48203.0,487,31.0,29.0,,,,0.067900002
317628,2020-07-17,Harrison,Texas,48203.0,497,31.0,10.0,,,,-0.037500001
317629,2020-07-18,Harrison,Texas,48203.0,504,33.0,7.0,,,,-0.0385
317630,2020-07-19,Harrison,Texas,48203.0,505,33.0,1.0,,,,-0.0142
317631,2020-07-20,Harrison,Texas,48203.0,513,33.0,8.0,,,,0.000741
317632,2020-07-21,Harrison,Texas,48203.0,519,33.0,6.0,,,,0.045200001
317633,2020-07-22,Harrison,Texas,48203.0,527,34.0,8.0,,,,0.12
317634,2020-07-23,Harrison,Texas,48203.0,540,34.0,13.0,,,,0.152
317635,2020-07-24,Harrison,Texas,48203.0,558,34.0,18.0,,,,0.163
317636,2020-07-25,Harrison,Texas,48203.0,562,34.0,4.0,,,,0.064800002
317637,2020-07-26,Harrison,Texas,48203.0,566,34.0,4.0,,,,0.0175
317638,2020-07-27,Harrison,Texas,48203.0,574,23.0,8.0,,,,-0.0298
317639,2020-07-28,Harrison,Texas,48203.0,589,23.0,15.0,,,,-0.0007239999799999999
317640,2020-07-29,Harrison,Texas,48203.0,600,34.0,11.0,,,,-0.0524
317641,2020-07-30,Harrison,Texas,48203.0,607,35.0,7.0,,,,-0.0298
317642,2020-07-31,Harrison,Texas,48203.0,612,35.0,5.0,,,,-0.084899999
317643,2020-08-01,Harrison,Texas,48203.0,624,35.0,12.0,,,,-0.065099999
317644,2020-08-02,Harrison,Texas,48203.0,627,35.0,3.0,,,,-0.09229999800000001
317645,2020-08-03,Harrison,Texas,48203.0,628,35.0,1.0,,,,0.0116
317646,2020-08-04,Harrison,Texas,48203.0,635,35.0,7.0,,,,-0.105
317647,2020-08-05,Harrison,Texas,48203.0,653,35.0,18.0,,,,-0.15099999
317648,2020-08-06,Harrison,Texas,48203.0,663,35.0,10.0,,,,-0.17200001
317649,2020-08-07,Harrison,Texas,48203.0,681,35.0,18.0,,,,-0.12899999
317650,2020-08-08,Harrison,Texas,48203.0,693,35.0,12.0,,,,-0.13600001
317651,2020-08-09,Harrison,Texas,48203.0,693,35.0,0.0,,,,-0.0902
317652,2020-08-10,Harrison,Texas,48203.0,693,35.0,0.0,,,,-0.016799999
317653,2020-08-11,Harrison,Texas,48203.0,713,35.0,20.0,,,,0.071699999
317654,2020-08-12,Harrison,Texas,48203.0,714,35.0,1.0,,,,0.145
317655,2020-08-13,Harrison,Texas,48203.0,731,35.0,17.0,,,,0.17800000000000002
317656,2020-08-14,Harrison,Texas,48203.0,731,35.0,0.0,,,,0.183
317657,2020-08-15,Harrison,Texas,48203.0,738,35.0,7.0,,,,0.226
317658,2020-08-16,Harrison,Texas,48203.0,739,35.0,1.0,,,,0.22
317659,2020-08-17,Harrison,Texas,48203.0,744,35.0,5.0,,,,0.12
317660,2020-08-18,Harrison,Texas,48203.0,752,35.0,8.0,,,,0.10400000000000001
317661,2020-08-19,Harrison,Texas,48203.0,757,35.0,5.0,,,,0.124
317662,2020-08-20,Harrison,Texas,48203.0,771,35.0,14.0,,,,0.0218
317663,2020-08-21,Harrison,Texas,48203.0,775,35.0,4.0,,,,0.0495
317664,2020-08-22,Harrison,Texas,48203.0,775,35.0,0.0,,,,0.252
317665,2020-08-23,Harrison,Texas,48203.0,775,35.0,0.0,,,,0.257
317666,2020-08-24,Harrison,Texas,48203.0,777,35.0,2.0,,,,0.31200001
317667,2020-08-25,Harrison,Texas,48203.0,779,35.0,2.0,,,,0.26100001
317668,2020-08-26,Harrison,Texas,48203.0,788,35.0,9.0,,,,0.308
317669,2020-08-27,Harrison,Texas,48203.0,789,35.0,1.0,,,,0.24600001
317670,2020-08-28,Harrison,Texas,48203.0,795,35.0,6.0,,,,0.139
317671,2020-08-29,Harrison,Texas,48203.0,796,35.0,1.0,,,,0.08749999900000001
317672,2020-08-30,Harrison,Texas,48203.0,796,35.0,0.0,,,,0.033799998
317673,2020-08-31,Harrison,Texas,48203.0,800,35.0,4.0,,,,-0.0317
317674,2020-09-01,Harrison,Texas,48203.0,806,35.0,6.0,,,,0.098800004
317675,2020-09-02,Harrison,Texas,48203.0,809,35.0,3.0,,,,0.11
317676,2020-09-03,Harrison,Texas,48203.0,813,35.0,4.0,,,,0.24100000000000002
317677,2020-09-04,Harrison,Texas,48203.0,817,35.0,4.0,,,,0.28200001
317678,2020-09-05,Harrison,Texas,48203.0,817,35.0,0.0,,,,0.21899999999999997
317679,2020-09-06,Harrison,Texas,48203.0,817,35.0,0.0,,,,0.20100001
317680,2020-09-07,Harrison,Texas,48203.0,818,35.0,1.0,,,,0.17800000000000002
317681,2020-09-08,Harrison,Texas,48203.0,823,35.0,5.0,,,,0.25999999
317682,2020-09-09,Harrison,Texas,48203.0,833,35.0,10.0,,,,0.198
317683,2020-09-10,Harrison,Texas,48203.0,835,35.0,2.0,,,,0.029899999
317684,2020-09-11,Harrison,Texas,48203.0,837,35.0,2.0,,,,0.0361
317685,2020-09-12,Harrison,Texas,48203.0,838,35.0,1.0,,,,0.048
317686,2020-09-13,Harrison,Texas,48203.0,840,35.0,2.0,,,,0.19400001
317687,2020-09-14,Harrison,Texas,48203.0,841,35.0,1.0,,,,0.07299999900000001
317688,2020-09-15,Harrison,Texas,48203.0,844,35.0,3.0,,,,-0.075599998
317689,2020-09-16,Harrison,Texas,48203.0,848,35.0,4.0,,,,0.019099999
317690,2020-09-17,Harrison,Texas,48203.0,850,35.0,2.0,,,,0.0043799998
317691,2020-09-18,Harrison,Texas,48203.0,863,35.0,13.0,,,,0.0076199998
317692,2020-09-19,Harrison,Texas,48203.0,865,35.0,2.0,,,,-0.00156
317693,2020-09-20,Harrison,Texas,48203.0,867,35.0,2.0,,,,-0.0735
317694,2020-09-21,Harrison,Texas,48203.0,868,35.0,1.0,,,,0.050700000999999995
317695,2020-09-22,Harrison,Texas,48203.0,872,35.0,4.0,,,,0.019200001
317696,2020-09-23,Harrison,Texas,48203.0,880,35.0,8.0,,,,0.0196
317697,2020-09-24,Harrison,Texas,48203.0,882,35.0,2.0,,,,0.049899999
317698,2020-09-25,Harrison,Texas,48203.0,888,35.0,6.0,,,,0.185
317699,2020-09-26,Harrison,Texas,48203.0,891,35.0,3.0,,,,0.21699999
317700,2020-09-27,Harrison,Texas,48203.0,893,35.0,2.0,,,,0.33500001
317701,2020-09-28,Harrison,Texas,48203.0,896,35.0,3.0,,,,0.31
317702,2020-09-29,Harrison,Texas,48203.0,898,35.0,2.0,,,,0.37900001
317703,2020-09-30,Harrison,Texas,48203.0,905,35.0,7.0,,,,0.29300001
317704,2020-10-01,Harrison,Texas,48203.0,916,35.0,11.0,,,,0.35800001
317705,2020-10-02,Harrison,Texas,48203.0,922,35.0,6.0,,,,0.221
317706,2020-10-03,Harrison,Texas,48203.0,922,35.0,0.0,,,,0.244
317707,2020-10-04,Harrison,Texas,48203.0,922,35.0,0.0,,,,0.27700001
317708,2020-10-05,Harrison,Texas,48203.0,928,35.0,6.0,,,,0.28600001
317709,2020-10-06,Harrison,Texas,48203.0,937,35.0,9.0,,,,0.26199999
317710,2020-10-07,Harrison,Texas,48203.0,939,35.0,2.0,,,,0.2
317711,2020-10-08,Harrison,Texas,48203.0,942,35.0,3.0,,,,0.0241
317712,2020-10-09,Harrison,Texas,48203.0,952,35.0,10.0,,,,0.152
317713,2020-10-10,Harrison,Texas,48203.0,952,36.0,0.0,,,,0.07540000200000001
317714,2020-10-11,Harrison,Texas,48203.0,952,36.0,0.0,,,,0.09719999900000001
317715,2020-10-12,Harrison,Texas,48203.0,953,36.0,1.0,,,,0.10300000000000001
317716,2020-10-13,Harrison,Texas,48203.0,963,36.0,10.0,,,,0.12300000000000001
317717,2020-10-14,Harrison,Texas,48203.0,979,36.0,16.0,,,,0.18799999
317718,2020-10-15,Harrison,Texas,48203.0,982,36.0,3.0,,,,0.20299999
317719,2020-10-16,Harrison,Texas,48203.0,997,37.0,15.0,,,,0.11599999999999999
317720,2020-10-17,Harrison,Texas,48203.0,1012,37.0,15.0,,,,0.113
317721,2020-10-18,Harrison,Texas,48203.0,1012,37.0,0.0,,,,0.141
317722,2020-10-19,Harrison,Texas,48203.0,1012,37.0,0.0,,,,0.105
317723,2020-10-20,Harrison,Texas,48203.0,1022,37.0,10.0,,,,0.082500003
317724,2020-10-21,Harrison,Texas,48203.0,1042,38.0,20.0,,,,0.0605
317725,2020-10-22,Harrison,Texas,48203.0,1057,38.0,15.0,,,,0.0704
317726,2020-10-23,Harrison,Texas,48203.0,1063,38.0,6.0,,,,0.0623
317727,2020-10-24,Harrison,Texas,48203.0,1068,38.0,5.0,,,,0.0263
317728,2020-10-25,Harrison,Texas,48203.0,1068,38.0,0.0,,,,0.008419999899999999
317729,2020-10-26,Harrison,Texas,48203.0,1069,38.0,1.0,,,,0.040399998
317730,2020-10-27,Harrison,Texas,48203.0,1077,38.0,8.0,,,,-0.035500001
317731,2020-10-28,Harrison,Texas,48203.0,1090,38.0,13.0,,,,0.037500001
317732,2020-10-29,Harrison,Texas,48203.0,1096,38.0,6.0,,,,-0.00076199998
317733,2020-10-30,Harrison,Texas,48203.0,1108,39.0,12.0,,,,-0.058600001
317734,2020-10-31,Harrison,Texas,48203.0,1119,39.0,11.0,,,,0.0178
317735,2020-11-01,Harrison,Texas,48203.0,1121,39.0,2.0,,,,-0.0262
317736,2020-11-02,Harrison,Texas,48203.0,1121,39.0,0.0,,,,-0.052900000999999995
317737,2020-11-03,Harrison,Texas,48203.0,1122,39.0,1.0,,,,-0.156
317738,2020-11-04,Harrison,Texas,48203.0,1127,39.0,5.0,,,,-0.19
317739,2020-11-05,Harrison,Texas,48203.0,1128,39.0,1.0,,,,-0.192
317740,2020-11-06,Harrison,Texas,48203.0,1144,39.0,16.0,,,,-0.13
317741,2020-11-07,Harrison,Texas,48203.0,1144,39.0,0.0,,,,-0.12
317742,2020-11-08,Harrison,Texas,48203.0,1167,39.0,23.0,,,,-0.0208
317743,2020-11-09,Harrison,Texas,48203.0,1168,39.0,1.0,,,,-0.0115
317744,2020-11-10,Harrison,Texas,48203.0,1178,40.0,10.0,,,,0.018300001
317745,2020-11-11,Harrison,Texas,48203.0,1181,40.0,3.0,,,,0.20900001
317746,2020-11-12,Harrison,Texas,48203.0,1181,41.0,0.0,,,,0.21699999
317747,2020-11-13,Harrison,Texas,48203.0,1545,41.0,364.0,,,,0.214
317748,2020-11-14,Harrison,Texas,48203.0,1545,41.0,0.0,,,,0.23199999
317749,2020-11-15,Harrison,Texas,48203.0,1550,41.0,5.0,,,,0.11599999999999999
317750,2020-11-16,Harrison,Texas,48203.0,1630,41.0,80.0,,,,0.086499996
317751,2020-11-17,Harrison,Texas,48203.0,1639,41.0,9.0,,,,-0.0018800000000000002
317752,2020-11-18,Harrison,Texas,48203.0,1644,41.0,5.0,,,,0.083700001
317753,2020-11-19,Harrison,Texas,48203.0,1648,44.0,4.0,,,,0.06419999900000001
317754,2020-11-20,Harrison,Texas,48203.0,1622,44.0,-26.0,,,,0.09759999800000001
317755,2020-11-21,Harrison,Texas,48203.0,1622,44.0,0.0,,,,0.18000001
317756,2020-11-22,Harrison,Texas,48203.0,1622,44.0,0.0,,,,0.07630000299999999
