,date,county,state,fips,cases,deaths,new_cases,emp_combined,emp_combined_inclow,revenue_all,spend_all
319418,2020-03-25,Hunt,Texas,48231.0,1,0.0,0.0,,,,-0.243
319419,2020-03-26,Hunt,Texas,48231.0,1,0.0,0.0,,,,-0.30899999
319420,2020-03-27,Hunt,Texas,48231.0,1,0.0,0.0,,,,-0.38800001
319421,2020-03-28,Hunt,Texas,48231.0,1,0.0,0.0,,,,-0.44400001
319422,2020-03-29,Hunt,Texas,48231.0,1,0.0,0.0,,,,-0.435
319423,2020-03-30,Hunt,Texas,48231.0,3,0.0,2.0,,,,-0.46299999999999997
319424,2020-03-31,Hunt,Texas,48231.0,4,0.0,1.0,,,,-0.45199999
319425,2020-04-01,Hunt,Texas,48231.0,4,0.0,0.0,,,,-0.37900001
319426,2020-04-02,Hunt,Texas,48231.0,4,0.0,0.0,,,,-0.32100001
319427,2020-04-03,Hunt,Texas,48231.0,8,0.0,4.0,,,,-0.29699999
319428,2020-04-04,Hunt,Texas,48231.0,8,0.0,0.0,,,,-0.27500001
319429,2020-04-05,Hunt,Texas,48231.0,8,0.0,0.0,,,,-0.25
319430,2020-04-06,Hunt,Texas,48231.0,8,0.0,0.0,,,,-0.184
319431,2020-04-07,Hunt,Texas,48231.0,8,0.0,0.0,,,,-0.149
319432,2020-04-08,Hunt,Texas,48231.0,8,0.0,0.0,,,,-0.09539999800000001
319433,2020-04-09,Hunt,Texas,48231.0,15,0.0,7.0,,,,-0.15899999
319434,2020-04-10,Hunt,Texas,48231.0,15,0.0,0.0,,,,-0.14399999
319435,2020-04-11,Hunt,Texas,48231.0,16,0.0,1.0,,,,-0.175
319436,2020-04-12,Hunt,Texas,48231.0,18,0.0,2.0,,,,-0.154
319437,2020-04-13,Hunt,Texas,48231.0,18,1.0,0.0,,,,-0.18600000000000003
319438,2020-04-14,Hunt,Texas,48231.0,22,2.0,4.0,,,,-0.249
319439,2020-04-15,Hunt,Texas,48231.0,22,2.0,0.0,,,,-0.324
319440,2020-04-16,Hunt,Texas,48231.0,25,2.0,3.0,,,,-0.21600001
319441,2020-04-17,Hunt,Texas,48231.0,25,2.0,0.0,,,,-0.25799999
319442,2020-04-18,Hunt,Texas,48231.0,25,2.0,0.0,,,,-0.21100000000000002
319443,2020-04-19,Hunt,Texas,48231.0,26,2.0,1.0,,,,-0.23800001
319444,2020-04-20,Hunt,Texas,48231.0,32,2.0,6.0,,,,-0.34400001
319445,2020-04-21,Hunt,Texas,48231.0,35,2.0,3.0,,,,-0.22499999
319446,2020-04-22,Hunt,Texas,48231.0,38,2.0,3.0,,,,-0.17900001
319447,2020-04-23,Hunt,Texas,48231.0,37,2.0,-1.0,,,,-0.183
319448,2020-04-24,Hunt,Texas,48231.0,37,2.0,0.0,,,,-0.23800001
319449,2020-04-25,Hunt,Texas,48231.0,38,2.0,1.0,,,,-0.26499999
319450,2020-04-26,Hunt,Texas,48231.0,39,3.0,1.0,,,,-0.222
319451,2020-04-27,Hunt,Texas,48231.0,41,2.0,2.0,,,,-0.184
319452,2020-04-28,Hunt,Texas,48231.0,44,2.0,3.0,,,,-0.29600000000000004
319453,2020-04-29,Hunt,Texas,48231.0,44,2.0,0.0,,,,-0.33500001
319454,2020-04-30,Hunt,Texas,48231.0,44,2.0,0.0,,,,-0.35100001
319455,2020-05-01,Hunt,Texas,48231.0,47,2.0,3.0,,,,-0.29100001
319456,2020-05-02,Hunt,Texas,48231.0,48,2.0,1.0,,,,-0.21799999
319457,2020-05-03,Hunt,Texas,48231.0,49,2.0,1.0,,,,-0.25099999
319458,2020-05-04,Hunt,Texas,48231.0,49,3.0,0.0,,,,-0.21699999
319459,2020-05-05,Hunt,Texas,48231.0,52,3.0,3.0,,,,-0.11800000000000001
319460,2020-05-06,Hunt,Texas,48231.0,54,3.0,2.0,,,,-0.082000002
319461,2020-05-07,Hunt,Texas,48231.0,54,3.0,0.0,,,,-0.028100001
319462,2020-05-08,Hunt,Texas,48231.0,56,3.0,2.0,,,,0.0438
319463,2020-05-09,Hunt,Texas,48231.0,57,3.0,1.0,,,,-0.016899999
319464,2020-05-10,Hunt,Texas,48231.0,57,3.0,0.0,,,,0.029999999
319465,2020-05-11,Hunt,Texas,48231.0,57,3.0,0.0,,,,0.0273
319466,2020-05-12,Hunt,Texas,48231.0,58,3.0,1.0,,,,-0.059300002000000004
319467,2020-05-13,Hunt,Texas,48231.0,58,3.0,0.0,,,,-0.069300003
319468,2020-05-14,Hunt,Texas,48231.0,58,3.0,0.0,,,,-0.145
319469,2020-05-15,Hunt,Texas,48231.0,66,3.0,8.0,,,,-0.22400001
319470,2020-05-16,Hunt,Texas,48231.0,66,3.0,0.0,,,,-0.20600000000000002
319471,2020-05-17,Hunt,Texas,48231.0,66,3.0,0.0,,,,-0.20800000000000002
319472,2020-05-18,Hunt,Texas,48231.0,66,3.0,0.0,,,,-0.193
319473,2020-05-19,Hunt,Texas,48231.0,68,3.0,2.0,,,,-0.18000001
319474,2020-05-20,Hunt,Texas,48231.0,69,3.0,1.0,,,,-0.138
319475,2020-05-21,Hunt,Texas,48231.0,71,3.0,2.0,,,,-0.08060000099999999
319476,2020-05-22,Hunt,Texas,48231.0,71,3.0,0.0,,,,-0.0242
319477,2020-05-23,Hunt,Texas,48231.0,75,3.0,4.0,,,,-0.0025399999999999997
319478,2020-05-24,Hunt,Texas,48231.0,75,4.0,0.0,,,,0.0197
319479,2020-05-25,Hunt,Texas,48231.0,75,4.0,0.0,,,,-0.056299999
319480,2020-05-26,Hunt,Texas,48231.0,76,4.0,1.0,,,,-0.029100001
319481,2020-05-27,Hunt,Texas,48231.0,76,4.0,0.0,,,,-0.124
319482,2020-05-28,Hunt,Texas,48231.0,76,4.0,0.0,,,,-0.14
319483,2020-05-29,Hunt,Texas,48231.0,79,4.0,3.0,,,,-0.21600001
319484,2020-05-30,Hunt,Texas,48231.0,82,4.0,3.0,,,,-0.28099999
319485,2020-05-31,Hunt,Texas,48231.0,88,4.0,6.0,,,,-0.322
319486,2020-06-01,Hunt,Texas,48231.0,88,4.0,0.0,,,,-0.24699999
319487,2020-06-02,Hunt,Texas,48231.0,89,4.0,1.0,,,,-0.28
319488,2020-06-03,Hunt,Texas,48231.0,91,4.0,2.0,,,,-0.243
319489,2020-06-04,Hunt,Texas,48231.0,96,4.0,5.0,,,,-0.205
319490,2020-06-05,Hunt,Texas,48231.0,106,4.0,10.0,,,,-0.204
319491,2020-06-06,Hunt,Texas,48231.0,114,5.0,8.0,,,,-0.15000001
319492,2020-06-07,Hunt,Texas,48231.0,121,5.0,7.0,,,,-0.125
319493,2020-06-08,Hunt,Texas,48231.0,121,5.0,0.0,,,,-0.16599999
319494,2020-06-09,Hunt,Texas,48231.0,121,5.0,0.0,,,,-0.114
319495,2020-06-10,Hunt,Texas,48231.0,132,5.0,11.0,,,,-0.23800001
319496,2020-06-11,Hunt,Texas,48231.0,147,5.0,15.0,,,,-0.23
319497,2020-06-12,Hunt,Texas,48231.0,162,5.0,15.0,,,,-0.222
319498,2020-06-13,Hunt,Texas,48231.0,185,5.0,23.0,,,,-0.292
319499,2020-06-14,Hunt,Texas,48231.0,185,5.0,0.0,,,,-0.31099999
319500,2020-06-15,Hunt,Texas,48231.0,185,5.0,0.0,,,,-0.31799999
319501,2020-06-16,Hunt,Texas,48231.0,185,5.0,0.0,,,,-0.28299999
319502,2020-06-17,Hunt,Texas,48231.0,217,5.0,32.0,,,,-0.18099999
319503,2020-06-18,Hunt,Texas,48231.0,223,5.0,6.0,,,,-0.212
319504,2020-06-19,Hunt,Texas,48231.0,227,5.0,4.0,,,,-0.18899999999999997
319505,2020-06-20,Hunt,Texas,48231.0,246,5.0,19.0,,,,-0.171
319506,2020-06-21,Hunt,Texas,48231.0,258,5.0,12.0,,,,-0.131
319507,2020-06-22,Hunt,Texas,48231.0,258,5.0,0.0,,,,-0.09759999800000001
319508,2020-06-23,Hunt,Texas,48231.0,258,5.0,0.0,,,,-0.097000003
319509,2020-06-24,Hunt,Texas,48231.0,319,5.0,61.0,,,,-0.088500001
319510,2020-06-25,Hunt,Texas,48231.0,330,5.0,11.0,,,,-0.0601
319511,2020-06-26,Hunt,Texas,48231.0,364,6.0,34.0,,,,-0.000161
319512,2020-06-27,Hunt,Texas,48231.0,364,6.0,0.0,,,,-0.0418
319513,2020-06-28,Hunt,Texas,48231.0,392,6.0,28.0,,,,-0.057500000999999995
319514,2020-06-29,Hunt,Texas,48231.0,392,6.0,0.0,,,,-0.06710000299999999
319515,2020-06-30,Hunt,Texas,48231.0,392,6.0,0.0,,,,-0.13500001
319516,2020-07-01,Hunt,Texas,48231.0,452,6.0,60.0,,,,-0.16
319517,2020-07-02,Hunt,Texas,48231.0,480,8.0,28.0,,,,-0.182
319518,2020-07-03,Hunt,Texas,48231.0,505,8.0,25.0,,,,-0.171
319519,2020-07-04,Hunt,Texas,48231.0,533,8.0,28.0,,,,-0.088600002
319520,2020-07-05,Hunt,Texas,48231.0,533,8.0,0.0,,,,-0.153
319521,2020-07-06,Hunt,Texas,48231.0,533,8.0,0.0,,,,-0.139
319522,2020-07-07,Hunt,Texas,48231.0,616,8.0,83.0,,,,-0.152
319523,2020-07-08,Hunt,Texas,48231.0,616,8.0,0.0,,,,-0.152
319524,2020-07-09,Hunt,Texas,48231.0,637,8.0,21.0,,,,-0.141
319525,2020-07-10,Hunt,Texas,48231.0,666,8.0,29.0,,,,-0.16399999999999998
319526,2020-07-11,Hunt,Texas,48231.0,697,8.0,31.0,,,,-0.14800000000000002
319527,2020-07-12,Hunt,Texas,48231.0,720,8.0,23.0,,,,-0.27200001
319528,2020-07-13,Hunt,Texas,48231.0,720,8.0,0.0,,,,-0.221
319529,2020-07-14,Hunt,Texas,48231.0,720,8.0,0.0,,,,-0.24600001
319530,2020-07-15,Hunt,Texas,48231.0,768,8.0,48.0,,,,-0.223
319531,2020-07-16,Hunt,Texas,48231.0,782,8.0,14.0,,,,-0.25
319532,2020-07-17,Hunt,Texas,48231.0,799,8.0,17.0,,,,-0.289
319533,2020-07-18,Hunt,Texas,48231.0,823,8.0,24.0,,,,-0.26499999
319534,2020-07-19,Hunt,Texas,48231.0,850,8.0,27.0,,,,-0.156
319535,2020-07-20,Hunt,Texas,48231.0,850,8.0,0.0,,,,-0.235
319536,2020-07-21,Hunt,Texas,48231.0,850,8.0,0.0,,,,-0.21699999
319537,2020-07-22,Hunt,Texas,48231.0,898,8.0,48.0,,,,-0.27000001
319538,2020-07-23,Hunt,Texas,48231.0,908,8.0,10.0,,,,-0.26300001
319539,2020-07-24,Hunt,Texas,48231.0,922,8.0,14.0,,,,-0.204
319540,2020-07-25,Hunt,Texas,48231.0,937,8.0,15.0,,,,-0.24100000000000002
319541,2020-07-26,Hunt,Texas,48231.0,948,8.0,11.0,,,,-0.25600001
319542,2020-07-27,Hunt,Texas,48231.0,948,16.0,0.0,,,,-0.22
319543,2020-07-28,Hunt,Texas,48231.0,985,17.0,37.0,,,,-0.171
319544,2020-07-29,Hunt,Texas,48231.0,1010,19.0,25.0,,,,-0.04410000099999999
319545,2020-07-30,Hunt,Texas,48231.0,1010,20.0,0.0,,,,-0.069399998
319546,2020-07-31,Hunt,Texas,48231.0,1022,20.0,12.0,,,,-0.099799998
319547,2020-08-01,Hunt,Texas,48231.0,1049,20.0,27.0,,,,-0.12899999
319548,2020-08-02,Hunt,Texas,48231.0,1059,20.0,10.0,,,,-0.122
319549,2020-08-03,Hunt,Texas,48231.0,1059,20.0,0.0,,,,-0.11599999999999999
319550,2020-08-04,Hunt,Texas,48231.0,1105,20.0,46.0,,,,-0.19899999999999998
319551,2020-08-05,Hunt,Texas,48231.0,1105,21.0,0.0,,,,-0.21799999
319552,2020-08-06,Hunt,Texas,48231.0,1137,21.0,32.0,,,,-0.17800000000000002
319553,2020-08-07,Hunt,Texas,48231.0,1137,21.0,0.0,,,,-0.152
319554,2020-08-08,Hunt,Texas,48231.0,1182,21.0,45.0,,,,-0.09489999699999999
319555,2020-08-09,Hunt,Texas,48231.0,1182,21.0,0.0,,,,-0.081500001
319556,2020-08-10,Hunt,Texas,48231.0,1182,21.0,0.0,,,,-0.107
319557,2020-08-11,Hunt,Texas,48231.0,1202,21.0,20.0,,,,-0.091799997
319558,2020-08-12,Hunt,Texas,48231.0,1202,21.0,0.0,,,,-0.145
319559,2020-08-13,Hunt,Texas,48231.0,1241,21.0,39.0,,,,-0.16699999999999998
319560,2020-08-14,Hunt,Texas,48231.0,1261,21.0,20.0,,,,-0.20800000000000002
319561,2020-08-15,Hunt,Texas,48231.0,1261,21.0,0.0,,,,-0.22899999999999998
319562,2020-08-16,Hunt,Texas,48231.0,1284,21.0,23.0,,,,-0.25299999
319563,2020-08-17,Hunt,Texas,48231.0,1284,21.0,0.0,,,,-0.24600001
319564,2020-08-18,Hunt,Texas,48231.0,1284,21.0,0.0,,,,-0.198
319565,2020-08-19,Hunt,Texas,48231.0,1301,23.0,17.0,,,,-0.20200001
319566,2020-08-20,Hunt,Texas,48231.0,1310,23.0,9.0,,,,-0.192
319567,2020-08-21,Hunt,Texas,48231.0,1336,24.0,26.0,,,,-0.133
319568,2020-08-22,Hunt,Texas,48231.0,1352,24.0,16.0,,,,-0.11800000000000001
319569,2020-08-23,Hunt,Texas,48231.0,1363,25.0,11.0,,,,-0.15099999
319570,2020-08-24,Hunt,Texas,48231.0,1363,25.0,0.0,,,,-0.162
319571,2020-08-25,Hunt,Texas,48231.0,1385,25.0,22.0,,,,-0.17800000000000002
319572,2020-08-26,Hunt,Texas,48231.0,1383,26.0,-2.0,,,,-0.182
319573,2020-08-27,Hunt,Texas,48231.0,1392,27.0,9.0,,,,-0.27200001
319574,2020-08-28,Hunt,Texas,48231.0,1405,29.0,13.0,,,,-0.317
319575,2020-08-29,Hunt,Texas,48231.0,1405,29.0,0.0,,,,-0.31200001
319576,2020-08-30,Hunt,Texas,48231.0,1415,29.0,10.0,,,,-0.23399999999999999
319577,2020-08-31,Hunt,Texas,48231.0,1415,29.0,0.0,,,,-0.19899999999999998
319578,2020-09-01,Hunt,Texas,48231.0,1429,29.0,14.0,,,,-0.081600003
319579,2020-09-02,Hunt,Texas,48231.0,1429,30.0,0.0,,,,-0.060199998
319580,2020-09-03,Hunt,Texas,48231.0,1441,30.0,12.0,,,,-0.035799999
319581,2020-09-04,Hunt,Texas,48231.0,1450,31.0,9.0,,,,0.021299999
319582,2020-09-05,Hunt,Texas,48231.0,1458,32.0,8.0,,,,-0.057300000999999996
319583,2020-09-06,Hunt,Texas,48231.0,1458,32.0,0.0,,,,-0.08749999900000001
319584,2020-09-07,Hunt,Texas,48231.0,1469,32.0,11.0,,,,-0.171
319585,2020-09-08,Hunt,Texas,48231.0,1469,32.0,0.0,,,,-0.0451
319586,2020-09-09,Hunt,Texas,48231.0,1498,32.0,29.0,,,,-0.109
319587,2020-09-10,Hunt,Texas,48231.0,1498,32.0,0.0,,,,-0.18700001
319588,2020-09-11,Hunt,Texas,48231.0,1506,32.0,8.0,,,,-0.177
319589,2020-09-12,Hunt,Texas,48231.0,1512,32.0,6.0,,,,-0.06859999900000001
319590,2020-09-13,Hunt,Texas,48231.0,1512,32.0,0.0,,,,-0.091600001
319591,2020-09-14,Hunt,Texas,48231.0,1519,33.0,7.0,,,,-0.08950000300000001
319592,2020-09-15,Hunt,Texas,48231.0,1531,33.0,12.0,,,,-0.12800001
319593,2020-09-16,Hunt,Texas,48231.0,1531,34.0,0.0,,,,-0.11199999999999999
319594,2020-09-17,Hunt,Texas,48231.0,1537,35.0,6.0,,,,0.0177
319595,2020-09-18,Hunt,Texas,48231.0,1550,35.0,13.0,,,,0.063900001
319596,2020-09-19,Hunt,Texas,48231.0,1557,35.0,7.0,,,,0.08659999800000001
319597,2020-09-20,Hunt,Texas,48231.0,1557,35.0,0.0,,,,0.0137
319598,2020-09-21,Hunt,Texas,48231.0,1557,35.0,0.0,,,,-0.030200001
319599,2020-09-22,Hunt,Texas,48231.0,1595,36.0,38.0,,,,-0.0548
319600,2020-09-23,Hunt,Texas,48231.0,1595,36.0,0.0,,,,-0.031399999
319601,2020-09-24,Hunt,Texas,48231.0,1599,36.0,4.0,,,,-0.084299996
319602,2020-09-25,Hunt,Texas,48231.0,1599,36.0,0.0,,,,-0.105
319603,2020-09-26,Hunt,Texas,48231.0,1625,36.0,26.0,,,,-0.12800001
319604,2020-09-27,Hunt,Texas,48231.0,1632,36.0,7.0,,,,-0.0623
319605,2020-09-28,Hunt,Texas,48231.0,1632,36.0,0.0,,,,0.0143
319606,2020-09-29,Hunt,Texas,48231.0,1632,37.0,0.0,,,,-0.037700001000000004
319607,2020-09-30,Hunt,Texas,48231.0,1662,38.0,30.0,,,,-0.09650000199999999
319608,2020-10-01,Hunt,Texas,48231.0,1669,38.0,7.0,,,,-0.11199999999999999
319609,2020-10-02,Hunt,Texas,48231.0,1679,38.0,10.0,,,,-0.07299999900000001
319610,2020-10-03,Hunt,Texas,48231.0,1689,38.0,10.0,,,,-0.064000003
319611,2020-10-04,Hunt,Texas,48231.0,1705,38.0,16.0,,,,-0.17399999
319612,2020-10-05,Hunt,Texas,48231.0,1705,38.0,0.0,,,,-0.192
319613,2020-10-06,Hunt,Texas,48231.0,1705,39.0,0.0,,,,-0.153
319614,2020-10-07,Hunt,Texas,48231.0,1709,39.0,4.0,,,,-0.142
319615,2020-10-08,Hunt,Texas,48231.0,1742,40.0,33.0,,,,-0.09120000199999999
319616,2020-10-09,Hunt,Texas,48231.0,1748,40.0,6.0,,,,-0.12899999
319617,2020-10-10,Hunt,Texas,48231.0,1767,42.0,19.0,,,,-0.15099999
319618,2020-10-11,Hunt,Texas,48231.0,1771,42.0,4.0,,,,-0.0027600001
319619,2020-10-12,Hunt,Texas,48231.0,1771,42.0,0.0,,,,-0.0766
319620,2020-10-13,Hunt,Texas,48231.0,1771,42.0,0.0,,,,0.0524
319621,2020-10-14,Hunt,Texas,48231.0,1816,42.0,45.0,,,,0.077500001
319622,2020-10-15,Hunt,Texas,48231.0,1819,42.0,3.0,,,,0.065899998
319623,2020-10-16,Hunt,Texas,48231.0,1819,42.0,0.0,,,,0.106
319624,2020-10-17,Hunt,Texas,48231.0,1863,43.0,44.0,,,,0.14399999
319625,2020-10-18,Hunt,Texas,48231.0,1863,43.0,0.0,,,,0.113
319626,2020-10-19,Hunt,Texas,48231.0,1863,43.0,0.0,,,,0.091399997
319627,2020-10-20,Hunt,Texas,48231.0,1863,43.0,0.0,,,,0.042800002000000004
319628,2020-10-21,Hunt,Texas,48231.0,1934,43.0,71.0,,,,-0.0078600002
319629,2020-10-22,Hunt,Texas,48231.0,1934,43.0,0.0,,,,0.034600001
319630,2020-10-23,Hunt,Texas,48231.0,1934,43.0,0.0,,,,-0.030400001
319631,2020-10-24,Hunt,Texas,48231.0,1944,43.0,10.0,,,,-0.064999998
319632,2020-10-25,Hunt,Texas,48231.0,1944,44.0,0.0,,,,-0.052000001
319633,2020-10-26,Hunt,Texas,48231.0,1944,44.0,0.0,,,,-0.043900002
319634,2020-10-27,Hunt,Texas,48231.0,1992,44.0,48.0,,,,-0.132
319635,2020-10-28,Hunt,Texas,48231.0,2019,45.0,27.0,,,,-0.15700001
319636,2020-10-29,Hunt,Texas,48231.0,2043,45.0,24.0,,,,-0.17900001
319637,2020-10-30,Hunt,Texas,48231.0,2043,46.0,0.0,,,,-0.17900001
319638,2020-10-31,Hunt,Texas,48231.0,2052,46.0,9.0,,,,-0.146
319639,2020-11-01,Hunt,Texas,48231.0,2075,46.0,23.0,,,,-0.15000001
319640,2020-11-02,Hunt,Texas,48231.0,2095,47.0,20.0,,,,-0.16699999999999998
319641,2020-11-03,Hunt,Texas,48231.0,2095,48.0,0.0,,,,-0.071099997
319642,2020-11-04,Hunt,Texas,48231.0,2125,48.0,30.0,,,,-0.065399997
319643,2020-11-05,Hunt,Texas,48231.0,2155,48.0,30.0,,,,-0.191
319644,2020-11-06,Hunt,Texas,48231.0,2187,48.0,32.0,,,,-0.17299999
319645,2020-11-07,Hunt,Texas,48231.0,2216,48.0,29.0,,,,-0.163
319646,2020-11-08,Hunt,Texas,48231.0,2216,48.0,0.0,,,,-0.138
319647,2020-11-09,Hunt,Texas,48231.0,2235,48.0,19.0,,,,-0.048700001
319648,2020-11-10,Hunt,Texas,48231.0,2235,48.0,0.0,,,,-0.0669
319649,2020-11-11,Hunt,Texas,48231.0,2289,49.0,54.0,,,,-0.0114
319650,2020-11-12,Hunt,Texas,48231.0,2289,50.0,0.0,,,,0.0403
319651,2020-11-13,Hunt,Texas,48231.0,2359,50.0,70.0,,,,0.0123
319652,2020-11-14,Hunt,Texas,48231.0,2359,52.0,0.0,,,,-0.021400001000000002
319653,2020-11-15,Hunt,Texas,48231.0,2400,52.0,41.0,,,,-0.0229
319654,2020-11-16,Hunt,Texas,48231.0,2400,52.0,0.0,,,,-0.09210000199999999
319655,2020-11-17,Hunt,Texas,48231.0,2400,53.0,0.0,,,,-0.122
319656,2020-11-18,Hunt,Texas,48231.0,2515,54.0,115.0,,,,-0.07010000200000001
319657,2020-11-19,Hunt,Texas,48231.0,2515,55.0,0.0,,,,-0.015799999
319658,2020-11-20,Hunt,Texas,48231.0,2528,55.0,13.0,,,,-0.027899998999999998
319659,2020-11-21,Hunt,Texas,48231.0,2601,56.0,73.0,,,,-0.045200001
319660,2020-11-22,Hunt,Texas,48231.0,2636,56.0,35.0,,,,-0.054000001
