,date,county,state,fips,cases,deaths,new_cases,emp_combined,emp_combined_inclow,revenue_all,spend_all
321827,2020-04-01,Kerr,Texas,48265.0,1,0.0,0.0,,,,-0.27200001
321828,2020-04-02,Kerr,Texas,48265.0,1,0.0,0.0,,,,-0.27000001
321829,2020-04-03,Kerr,Texas,48265.0,2,0.0,1.0,,,,-0.25299999
321830,2020-04-04,Kerr,Texas,48265.0,2,0.0,0.0,,,,-0.27000001
321831,2020-04-05,Kerr,Texas,48265.0,2,0.0,0.0,,,,-0.28600001
321832,2020-04-06,Kerr,Texas,48265.0,2,0.0,0.0,,,,-0.29499999
321833,2020-04-07,Kerr,Texas,48265.0,2,0.0,0.0,,,,-0.303
321834,2020-04-08,Kerr,Texas,48265.0,2,0.0,0.0,,,,-0.32600001
321835,2020-04-09,Kerr,Texas,48265.0,2,0.0,0.0,,,,-0.301
321836,2020-04-10,Kerr,Texas,48265.0,2,0.0,0.0,,,,-0.33000001
321837,2020-04-11,Kerr,Texas,48265.0,2,0.0,0.0,,,,-0.34099999
321838,2020-04-12,Kerr,Texas,48265.0,2,0.0,0.0,,,,-0.34099999
321839,2020-04-13,Kerr,Texas,48265.0,2,0.0,0.0,,,,-0.34
321840,2020-04-14,Kerr,Texas,48265.0,2,0.0,0.0,,,,-0.29300001
321841,2020-04-15,Kerr,Texas,48265.0,3,0.0,1.0,,,,-0.273
321842,2020-04-16,Kerr,Texas,48265.0,4,0.0,1.0,,,,-0.28799999
321843,2020-04-17,Kerr,Texas,48265.0,4,0.0,0.0,,,,-0.27399999
321844,2020-04-18,Kerr,Texas,48265.0,4,0.0,0.0,,,,-0.252
321845,2020-04-19,Kerr,Texas,48265.0,4,0.0,0.0,,,,-0.243
321846,2020-04-20,Kerr,Texas,48265.0,4,0.0,0.0,,,,-0.23399999999999999
321847,2020-04-21,Kerr,Texas,48265.0,4,0.0,0.0,,,,-0.213
321848,2020-04-22,Kerr,Texas,48265.0,4,0.0,0.0,,,,-0.248
321849,2020-04-23,Kerr,Texas,48265.0,5,0.0,1.0,,,,-0.221
321850,2020-04-24,Kerr,Texas,48265.0,5,0.0,0.0,,,,-0.19899999999999998
321851,2020-04-25,Kerr,Texas,48265.0,5,0.0,0.0,,,,-0.185
321852,2020-04-26,Kerr,Texas,48265.0,6,0.0,1.0,,,,-0.17399999
321853,2020-04-27,Kerr,Texas,48265.0,5,0.0,-1.0,,,,-0.18000001
321854,2020-04-28,Kerr,Texas,48265.0,5,0.0,0.0,,,,-0.255
321855,2020-04-29,Kerr,Texas,48265.0,5,0.0,0.0,,,,-0.207
321856,2020-04-30,Kerr,Texas,48265.0,5,0.0,0.0,,,,-0.21899999999999997
321857,2020-05-01,Kerr,Texas,48265.0,5,0.0,0.0,,,,-0.204
321858,2020-05-02,Kerr,Texas,48265.0,5,0.0,0.0,,,,-0.156
321859,2020-05-03,Kerr,Texas,48265.0,5,0.0,0.0,,,,-0.16599999
321860,2020-05-04,Kerr,Texas,48265.0,5,0.0,0.0,,,,-0.138
321861,2020-05-05,Kerr,Texas,48265.0,5,0.0,0.0,,,,-0.11599999999999999
321862,2020-05-06,Kerr,Texas,48265.0,6,0.0,1.0,,,,-0.085299999
321863,2020-05-07,Kerr,Texas,48265.0,6,0.0,0.0,,,,-0.102
321864,2020-05-08,Kerr,Texas,48265.0,7,0.0,1.0,,,,-0.138
321865,2020-05-09,Kerr,Texas,48265.0,9,0.0,2.0,,,,-0.155
321866,2020-05-10,Kerr,Texas,48265.0,9,0.0,0.0,,,,-0.15899999
321867,2020-05-11,Kerr,Texas,48265.0,9,0.0,0.0,,,,-0.17800000000000002
321868,2020-05-12,Kerr,Texas,48265.0,9,0.0,0.0,,,,-0.16500001
321869,2020-05-13,Kerr,Texas,48265.0,9,0.0,0.0,,,,-0.22699999999999998
321870,2020-05-14,Kerr,Texas,48265.0,10,0.0,1.0,,,,-0.17800000000000002
321871,2020-05-15,Kerr,Texas,48265.0,10,0.0,0.0,,,,-0.18000001
321872,2020-05-16,Kerr,Texas,48265.0,10,0.0,0.0,,,,-0.18600000000000003
321873,2020-05-17,Kerr,Texas,48265.0,10,0.0,0.0,,,,-0.175
321874,2020-05-18,Kerr,Texas,48265.0,10,0.0,0.0,,,,-0.16699999999999998
321875,2020-05-19,Kerr,Texas,48265.0,10,0.0,0.0,,,,-0.17900001
321876,2020-05-20,Kerr,Texas,48265.0,11,0.0,1.0,,,,-0.156
321877,2020-05-21,Kerr,Texas,48265.0,11,0.0,0.0,,,,-0.16599999
321878,2020-05-22,Kerr,Texas,48265.0,11,0.0,0.0,,,,-0.182
321879,2020-05-23,Kerr,Texas,48265.0,13,0.0,2.0,,,,-0.17800000000000002
321880,2020-05-24,Kerr,Texas,48265.0,16,0.0,3.0,,,,-0.213
321881,2020-05-25,Kerr,Texas,48265.0,16,0.0,0.0,,,,-0.233
321882,2020-05-26,Kerr,Texas,48265.0,16,0.0,0.0,,,,-0.213
321883,2020-05-27,Kerr,Texas,48265.0,17,0.0,1.0,,,,-0.192
321884,2020-05-28,Kerr,Texas,48265.0,17,0.0,0.0,,,,-0.193
321885,2020-05-29,Kerr,Texas,48265.0,18,0.0,1.0,,,,-0.18799999
321886,2020-05-30,Kerr,Texas,48265.0,18,0.0,0.0,,,,-0.177
321887,2020-05-31,Kerr,Texas,48265.0,19,0.0,1.0,,,,-0.149
321888,2020-06-01,Kerr,Texas,48265.0,19,0.0,0.0,,,,-0.132
321889,2020-06-02,Kerr,Texas,48265.0,20,0.0,1.0,,,,-0.14
321890,2020-06-03,Kerr,Texas,48265.0,20,0.0,0.0,,,,-0.18799999
321891,2020-06-04,Kerr,Texas,48265.0,20,0.0,0.0,,,,-0.17399999
321892,2020-06-05,Kerr,Texas,48265.0,20,1.0,0.0,,,,-0.14800000000000002
321893,2020-06-06,Kerr,Texas,48265.0,20,1.0,0.0,,,,-0.131
321894,2020-06-07,Kerr,Texas,48265.0,20,1.0,0.0,,,,-0.12
321895,2020-06-08,Kerr,Texas,48265.0,20,1.0,0.0,,,,-0.098899998
321896,2020-06-09,Kerr,Texas,48265.0,20,1.0,0.0,,,,-0.09440000400000001
321897,2020-06-10,Kerr,Texas,48265.0,20,1.0,0.0,,,,-0.059300002000000004
321898,2020-06-11,Kerr,Texas,48265.0,20,1.0,0.0,,,,0.0337
321899,2020-06-12,Kerr,Texas,48265.0,20,1.0,0.0,,,,0.050099999000000006
321900,2020-06-13,Kerr,Texas,48265.0,20,1.0,0.0,,,,0.015900001
321901,2020-06-14,Kerr,Texas,48265.0,20,1.0,0.0,,,,0.021299999
321902,2020-06-15,Kerr,Texas,48265.0,20,1.0,0.0,,,,-0.0154
321903,2020-06-16,Kerr,Texas,48265.0,20,1.0,0.0,,,,-0.0125
321904,2020-06-17,Kerr,Texas,48265.0,20,1.0,0.0,,,,-0.045899998
321905,2020-06-18,Kerr,Texas,48265.0,20,1.0,0.0,,,,-0.067299999
321906,2020-06-19,Kerr,Texas,48265.0,32,1.0,12.0,,,,-0.0228
321907,2020-06-20,Kerr,Texas,48265.0,33,1.0,1.0,,,,-0.0108
321908,2020-06-21,Kerr,Texas,48265.0,33,1.0,0.0,,,,-0.0405
321909,2020-06-22,Kerr,Texas,48265.0,33,1.0,0.0,,,,-0.052999999000000006
321910,2020-06-23,Kerr,Texas,48265.0,43,1.0,10.0,,,,-0.09279999900000001
321911,2020-06-24,Kerr,Texas,48265.0,50,1.0,7.0,,,,-0.109
321912,2020-06-25,Kerr,Texas,48265.0,66,1.0,16.0,,,,-0.12
321913,2020-06-26,Kerr,Texas,48265.0,70,1.0,4.0,,,,-0.16699999999999998
321914,2020-06-27,Kerr,Texas,48265.0,72,1.0,2.0,,,,-0.184
321915,2020-06-28,Kerr,Texas,48265.0,72,1.0,0.0,,,,-0.15899999
321916,2020-06-29,Kerr,Texas,48265.0,72,1.0,0.0,,,,-0.111
321917,2020-06-30,Kerr,Texas,48265.0,77,1.0,5.0,,,,-0.07299999900000001
321918,2020-07-01,Kerr,Texas,48265.0,90,1.0,13.0,,,,-0.09920000300000001
321919,2020-07-02,Kerr,Texas,48265.0,94,1.0,4.0,,,,-0.114
321920,2020-07-03,Kerr,Texas,48265.0,109,1.0,15.0,,,,-0.142
321921,2020-07-04,Kerr,Texas,48265.0,111,1.0,2.0,,,,-0.1
321922,2020-07-05,Kerr,Texas,48265.0,111,1.0,0.0,,,,-0.10300000000000001
321923,2020-07-06,Kerr,Texas,48265.0,110,1.0,-1.0,,,,-0.099100001
321924,2020-07-07,Kerr,Texas,48265.0,115,1.0,5.0,,,,-0.107
321925,2020-07-08,Kerr,Texas,48265.0,115,1.0,0.0,,,,-0.11699999999999999
321926,2020-07-09,Kerr,Texas,48265.0,129,1.0,14.0,,,,-0.0867
321927,2020-07-10,Kerr,Texas,48265.0,134,1.0,5.0,,,,-0.059000000000000004
321928,2020-07-11,Kerr,Texas,48265.0,143,1.0,9.0,,,,-0.062100000999999995
321929,2020-07-12,Kerr,Texas,48265.0,190,1.0,47.0,,,,-0.147
321930,2020-07-13,Kerr,Texas,48265.0,190,1.0,0.0,,,,-0.17200001
321931,2020-07-14,Kerr,Texas,48265.0,190,1.0,0.0,,,,-0.16399999999999998
321932,2020-07-15,Kerr,Texas,48265.0,193,1.0,3.0,,,,-0.145
321933,2020-07-16,Kerr,Texas,48265.0,224,1.0,31.0,,,,-0.184
321934,2020-07-17,Kerr,Texas,48265.0,225,1.0,1.0,,,,-0.19499999
321935,2020-07-18,Kerr,Texas,48265.0,242,1.0,17.0,,,,-0.204
321936,2020-07-19,Kerr,Texas,48265.0,255,1.0,13.0,,,,-0.149
321937,2020-07-20,Kerr,Texas,48265.0,255,1.0,0.0,,,,-0.15800001
321938,2020-07-21,Kerr,Texas,48265.0,274,1.0,19.0,,,,-0.13
321939,2020-07-22,Kerr,Texas,48265.0,279,1.0,5.0,,,,-0.13699999
321940,2020-07-23,Kerr,Texas,48265.0,295,1.0,16.0,,,,-0.0744
321941,2020-07-24,Kerr,Texas,48265.0,318,1.0,23.0,,,,-0.054099999
321942,2020-07-25,Kerr,Texas,48265.0,324,1.0,6.0,,,,-0.048
321943,2020-07-26,Kerr,Texas,48265.0,324,1.0,0.0,,,,-0.0405
321944,2020-07-27,Kerr,Texas,48265.0,324,4.0,0.0,,,,-0.037099997999999995
321945,2020-07-28,Kerr,Texas,48265.0,336,4.0,12.0,,,,-0.0274
321946,2020-07-29,Kerr,Texas,48265.0,336,4.0,0.0,,,,-0.030200001
321947,2020-07-30,Kerr,Texas,48265.0,348,5.0,12.0,,,,-0.0656
321948,2020-07-31,Kerr,Texas,48265.0,348,6.0,0.0,,,,-0.078500003
321949,2020-08-01,Kerr,Texas,48265.0,348,6.0,0.0,,,,-0.0744
321950,2020-08-02,Kerr,Texas,48265.0,348,6.0,0.0,,,,-0.067400001
321951,2020-08-03,Kerr,Texas,48265.0,348,6.0,0.0,,,,-0.0099499999
321952,2020-08-04,Kerr,Texas,48265.0,372,6.0,24.0,,,,-0.050099999000000006
321953,2020-08-05,Kerr,Texas,48265.0,384,6.0,12.0,,,,-0.032299998999999996
321954,2020-08-06,Kerr,Texas,48265.0,394,6.0,10.0,,,,-0.05519999900000001
321955,2020-08-07,Kerr,Texas,48265.0,396,6.0,2.0,,,,-0.0691
321956,2020-08-08,Kerr,Texas,48265.0,398,6.0,2.0,,,,-0.05090000099999999
321957,2020-08-09,Kerr,Texas,48265.0,398,6.0,0.0,,,,-0.080399998
321958,2020-08-10,Kerr,Texas,48265.0,398,6.0,0.0,,,,-0.095799997
321959,2020-08-11,Kerr,Texas,48265.0,400,6.0,2.0,,,,-0.09749999599999999
321960,2020-08-12,Kerr,Texas,48265.0,404,6.0,4.0,,,,-0.063000001
321961,2020-08-13,Kerr,Texas,48265.0,411,6.0,7.0,,,,-0.0517
321962,2020-08-14,Kerr,Texas,48265.0,415,6.0,4.0,,,,-0.0713
321963,2020-08-15,Kerr,Texas,48265.0,416,6.0,1.0,,,,-0.08910000300000001
321964,2020-08-16,Kerr,Texas,48265.0,416,6.0,0.0,,,,-0.029999999
321965,2020-08-17,Kerr,Texas,48265.0,416,6.0,0.0,,,,-0.050299998
321966,2020-08-18,Kerr,Texas,48265.0,418,6.0,2.0,,,,-0.054400000999999996
321967,2020-08-19,Kerr,Texas,48265.0,419,6.0,1.0,,,,-0.082400002
321968,2020-08-20,Kerr,Texas,48265.0,422,7.0,3.0,,,,-0.0317
321969,2020-08-21,Kerr,Texas,48265.0,423,8.0,1.0,,,,-0.0276
321970,2020-08-22,Kerr,Texas,48265.0,426,9.0,3.0,,,,-0.0069800001
321971,2020-08-23,Kerr,Texas,48265.0,426,9.0,0.0,,,,-0.020500001
321972,2020-08-24,Kerr,Texas,48265.0,426,9.0,0.0,,,,-0.019400001
321973,2020-08-25,Kerr,Texas,48265.0,430,9.0,4.0,,,,-0.036899998999999996
321974,2020-08-26,Kerr,Texas,48265.0,431,9.0,1.0,,,,-0.07389999900000001
321975,2020-08-27,Kerr,Texas,48265.0,433,9.0,2.0,,,,-0.09189999800000001
321976,2020-08-28,Kerr,Texas,48265.0,434,9.0,1.0,,,,-0.0473
321977,2020-08-29,Kerr,Texas,48265.0,435,9.0,1.0,,,,-0.0528
321978,2020-08-30,Kerr,Texas,48265.0,435,9.0,0.0,,,,-0.07829999900000001
321979,2020-08-31,Kerr,Texas,48265.0,435,9.0,0.0,,,,-0.079999998
321980,2020-09-01,Kerr,Texas,48265.0,438,9.0,3.0,,,,-0.072499998
321981,2020-09-02,Kerr,Texas,48265.0,438,9.0,0.0,,,,-0.037500001
321982,2020-09-03,Kerr,Texas,48265.0,439,9.0,1.0,,,,-0.0119
321983,2020-09-04,Kerr,Texas,48265.0,439,9.0,0.0,,,,-0.081200004
321984,2020-09-05,Kerr,Texas,48265.0,439,9.0,0.0,,,,-0.047899999000000006
321985,2020-09-06,Kerr,Texas,48265.0,439,9.0,0.0,,,,0.0102
321986,2020-09-07,Kerr,Texas,48265.0,439,9.0,0.0,,,,-0.032400001
321987,2020-09-08,Kerr,Texas,48265.0,440,9.0,1.0,,,,-0.05519999900000001
321988,2020-09-09,Kerr,Texas,48265.0,441,9.0,1.0,,,,-0.139
321989,2020-09-10,Kerr,Texas,48265.0,441,9.0,0.0,,,,-0.14
321990,2020-09-11,Kerr,Texas,48265.0,444,10.0,3.0,,,,-0.139
321991,2020-09-12,Kerr,Texas,48265.0,444,10.0,0.0,,,,-0.20800000000000002
321992,2020-09-13,Kerr,Texas,48265.0,444,10.0,0.0,,,,-0.21899999999999997
321993,2020-09-14,Kerr,Texas,48265.0,444,10.0,0.0,,,,-0.214
321994,2020-09-15,Kerr,Texas,48265.0,444,10.0,0.0,,,,-0.18899999999999997
321995,2020-09-16,Kerr,Texas,48265.0,442,10.0,-2.0,,,,-0.18099999
321996,2020-09-17,Kerr,Texas,48265.0,442,10.0,0.0,,,,-0.13699999
321997,2020-09-18,Kerr,Texas,48265.0,442,10.0,0.0,,,,-0.07540000200000001
321998,2020-09-19,Kerr,Texas,48265.0,444,10.0,2.0,,,,-0.0308
321999,2020-09-20,Kerr,Texas,48265.0,444,10.0,0.0,,,,-0.00098000001
322000,2020-09-21,Kerr,Texas,48265.0,586,10.0,142.0,,,,-0.0147
322001,2020-09-22,Kerr,Texas,48265.0,589,10.0,3.0,,,,-0.0244
322002,2020-09-23,Kerr,Texas,48265.0,590,10.0,1.0,,,,-0.00569
322003,2020-09-24,Kerr,Texas,48265.0,590,10.0,0.0,,,,-0.0021800001
322004,2020-09-25,Kerr,Texas,48265.0,590,10.0,0.0,,,,-0.0137
322005,2020-09-26,Kerr,Texas,48265.0,591,10.0,1.0,,,,-0.005160000200000001
322006,2020-09-27,Kerr,Texas,48265.0,591,10.0,0.0,,,,-0.0185
322007,2020-09-28,Kerr,Texas,48265.0,591,10.0,0.0,,,,-0.0339
322008,2020-09-29,Kerr,Texas,48265.0,592,10.0,1.0,,,,-0.046999998
322009,2020-09-30,Kerr,Texas,48265.0,592,10.0,0.0,,,,-0.030200001
322010,2020-10-01,Kerr,Texas,48265.0,601,10.0,9.0,,,,-0.0605
322011,2020-10-02,Kerr,Texas,48265.0,606,11.0,5.0,,,,-0.075599998
322012,2020-10-03,Kerr,Texas,48265.0,606,11.0,0.0,,,,-0.092900001
322013,2020-10-04,Kerr,Texas,48265.0,606,11.0,0.0,,,,-0.09189999800000001
322014,2020-10-05,Kerr,Texas,48265.0,623,11.0,17.0,,,,-0.0298
322015,2020-10-06,Kerr,Texas,48265.0,624,12.0,1.0,,,,0.005379999999999999
322016,2020-10-07,Kerr,Texas,48265.0,624,13.0,0.0,,,,-0.011000000000000001
322017,2020-10-08,Kerr,Texas,48265.0,633,13.0,9.0,,,,0.0125
322018,2020-10-09,Kerr,Texas,48265.0,638,13.0,5.0,,,,-0.0029800001
322019,2020-10-10,Kerr,Texas,48265.0,644,13.0,6.0,,,,0.0548
322020,2020-10-11,Kerr,Texas,48265.0,644,13.0,0.0,,,,0.069899999
322021,2020-10-12,Kerr,Texas,48265.0,648,13.0,4.0,,,,0.10800000000000001
322022,2020-10-13,Kerr,Texas,48265.0,651,13.0,3.0,,,,0.09960000199999999
322023,2020-10-14,Kerr,Texas,48265.0,650,13.0,-1.0,,,,0.0788
322024,2020-10-15,Kerr,Texas,48265.0,658,13.0,8.0,,,,0.0964
322025,2020-10-16,Kerr,Texas,48265.0,666,13.0,8.0,,,,0.0623
322026,2020-10-17,Kerr,Texas,48265.0,669,13.0,3.0,,,,0.0098299999
322027,2020-10-18,Kerr,Texas,48265.0,669,13.0,0.0,,,,-0.000178
322028,2020-10-19,Kerr,Texas,48265.0,670,13.0,1.0,,,,-0.056000002
322029,2020-10-20,Kerr,Texas,48265.0,679,13.0,9.0,,,,-0.09960000199999999
322030,2020-10-21,Kerr,Texas,48265.0,679,13.0,0.0,,,,-0.0495
322031,2020-10-22,Kerr,Texas,48265.0,679,13.0,0.0,,,,-0.052999999000000006
322032,2020-10-23,Kerr,Texas,48265.0,684,13.0,5.0,,,,-0.024900001
322033,2020-10-24,Kerr,Texas,48265.0,693,13.0,9.0,,,,0.00673
322034,2020-10-25,Kerr,Texas,48265.0,693,13.0,0.0,,,,-0.0074100001
322035,2020-10-26,Kerr,Texas,48265.0,697,13.0,4.0,,,,0.0007820000200000001
322036,2020-10-27,Kerr,Texas,48265.0,702,13.0,5.0,,,,-0.0385
322037,2020-10-28,Kerr,Texas,48265.0,704,13.0,2.0,,,,-0.06710000299999999
322038,2020-10-29,Kerr,Texas,48265.0,706,13.0,2.0,,,,-0.139
322039,2020-10-30,Kerr,Texas,48265.0,709,14.0,3.0,,,,-0.107
322040,2020-10-31,Kerr,Texas,48265.0,714,14.0,5.0,,,,-0.086499996
322041,2020-11-01,Kerr,Texas,48265.0,714,14.0,0.0,,,,-0.11699999999999999
322042,2020-11-02,Kerr,Texas,48265.0,714,14.0,0.0,,,,-0.105
322043,2020-11-03,Kerr,Texas,48265.0,714,14.0,0.0,,,,-0.0438
322044,2020-11-04,Kerr,Texas,48265.0,728,15.0,14.0,,,,-0.036800001
322045,2020-11-05,Kerr,Texas,48265.0,736,15.0,8.0,,,,0.031199999
322046,2020-11-06,Kerr,Texas,48265.0,735,15.0,-1.0,,,,-0.080200002
322047,2020-11-07,Kerr,Texas,48265.0,741,15.0,6.0,,,,-0.0986
322048,2020-11-08,Kerr,Texas,48265.0,741,15.0,0.0,,,,-0.065300003
322049,2020-11-09,Kerr,Texas,48265.0,749,15.0,8.0,,,,-0.081799999
322050,2020-11-10,Kerr,Texas,48265.0,751,15.0,2.0,,,,-0.068300001
322051,2020-11-11,Kerr,Texas,48265.0,751,15.0,0.0,,,,-0.037900001
322052,2020-11-12,Kerr,Texas,48265.0,751,15.0,0.0,,,,-0.036699999
322053,2020-11-13,Kerr,Texas,48265.0,764,17.0,13.0,,,,0.10400000000000001
322054,2020-11-14,Kerr,Texas,48265.0,788,17.0,24.0,,,,0.156
322055,2020-11-15,Kerr,Texas,48265.0,788,18.0,0.0,,,,0.171
322056,2020-11-16,Kerr,Texas,48265.0,788,18.0,0.0,,,,0.2
322057,2020-11-17,Kerr,Texas,48265.0,816,18.0,28.0,,,,0.17
322058,2020-11-18,Kerr,Texas,48265.0,830,19.0,14.0,,,,0.175
322059,2020-11-19,Kerr,Texas,48265.0,840,20.0,10.0,,,,0.0427
322060,2020-11-20,Kerr,Texas,48265.0,848,20.0,8.0,,,,0.0062699997999999995
322061,2020-11-21,Kerr,Texas,48265.0,870,20.0,22.0,,,,-0.0239
322062,2020-11-22,Kerr,Texas,48265.0,870,20.0,0.0,,,,-0.053800002
