,date,county,state,fips,cases,deaths,new_cases,emp_combined,emp_combined_inclow,revenue_all,spend_all
322302,2020-04-03,Lampasas,Texas,48281.0,1,0.0,0.0,,,,-0.053100000999999994
322303,2020-04-04,Lampasas,Texas,48281.0,1,0.0,0.0,,,,-0.22499999
322304,2020-04-05,Lampasas,Texas,48281.0,1,0.0,0.0,,,,-0.26100001
322305,2020-04-06,Lampasas,Texas,48281.0,1,0.0,0.0,,,,-0.26699999
322306,2020-04-07,Lampasas,Texas,48281.0,2,0.0,1.0,,,,-0.28400001
322307,2020-04-08,Lampasas,Texas,48281.0,2,0.0,0.0,,,,-0.42500001
322308,2020-04-09,Lampasas,Texas,48281.0,2,0.0,0.0,,,,-0.433
322309,2020-04-10,Lampasas,Texas,48281.0,3,0.0,1.0,,,,-0.396
322310,2020-04-11,Lampasas,Texas,48281.0,3,0.0,0.0,,,,-0.41299999
322311,2020-04-12,Lampasas,Texas,48281.0,3,0.0,0.0,,,,-0.42899999
322312,2020-04-13,Lampasas,Texas,48281.0,3,0.0,0.0,,,,-0.47400001
322313,2020-04-14,Lampasas,Texas,48281.0,3,0.0,0.0,,,,-0.43099999
322314,2020-04-15,Lampasas,Texas,48281.0,3,0.0,0.0,,,,-0.40000001
322315,2020-04-16,Lampasas,Texas,48281.0,3,0.0,0.0,,,,-0.43799999
322316,2020-04-17,Lampasas,Texas,48281.0,3,0.0,0.0,,,,-0.49399999
322317,2020-04-18,Lampasas,Texas,48281.0,3,0.0,0.0,,,,-0.44100001
322318,2020-04-19,Lampasas,Texas,48281.0,3,0.0,0.0,,,,-0.42100000000000004
322319,2020-04-20,Lampasas,Texas,48281.0,3,0.0,0.0,,,,-0.40900001
322320,2020-04-21,Lampasas,Texas,48281.0,3,0.0,0.0,,,,-0.39799999999999996
322321,2020-04-22,Lampasas,Texas,48281.0,3,0.0,0.0,,,,-0.428
322322,2020-04-23,Lampasas,Texas,48281.0,3,0.0,0.0,,,,-0.377
322323,2020-04-24,Lampasas,Texas,48281.0,3,0.0,0.0,,,,-0.23
322324,2020-04-25,Lampasas,Texas,48281.0,3,0.0,0.0,,,,-0.223
322325,2020-04-26,Lampasas,Texas,48281.0,3,0.0,0.0,,,,-0.154
322326,2020-04-27,Lampasas,Texas,48281.0,3,0.0,0.0,,,,-0.047899999000000006
322327,2020-04-28,Lampasas,Texas,48281.0,3,0.0,0.0,,,,-0.121
322328,2020-04-29,Lampasas,Texas,48281.0,3,0.0,0.0,,,,-0.15099999
322329,2020-04-30,Lampasas,Texas,48281.0,3,0.0,0.0,,,,-0.16500001
322330,2020-05-01,Lampasas,Texas,48281.0,3,0.0,0.0,,,,-0.25099999
322331,2020-05-02,Lampasas,Texas,48281.0,4,0.0,1.0,,,,-0.25400001
322332,2020-05-03,Lampasas,Texas,48281.0,4,0.0,0.0,,,,-0.27700001
322333,2020-05-04,Lampasas,Texas,48281.0,4,0.0,0.0,,,,-0.324
322334,2020-05-05,Lampasas,Texas,48281.0,5,0.0,1.0,,,,-0.303
322335,2020-05-06,Lampasas,Texas,48281.0,5,0.0,0.0,,,,-0.26100001
322336,2020-05-07,Lampasas,Texas,48281.0,6,0.0,1.0,,,,-0.19699999999999998
322337,2020-05-08,Lampasas,Texas,48281.0,6,0.0,0.0,,,,-0.11699999999999999
322338,2020-05-09,Lampasas,Texas,48281.0,8,0.0,2.0,,,,0.0232
322339,2020-05-10,Lampasas,Texas,48281.0,8,0.0,0.0,,,,-0.0012300001
322340,2020-05-11,Lampasas,Texas,48281.0,8,0.0,0.0,,,,-0.0134
322341,2020-05-12,Lampasas,Texas,48281.0,8,0.0,0.0,,,,0.000749
322342,2020-05-13,Lampasas,Texas,48281.0,8,0.0,0.0,,,,-0.0019700001
322343,2020-05-14,Lampasas,Texas,48281.0,8,0.0,0.0,,,,-0.0058300002
322344,2020-05-15,Lampasas,Texas,48281.0,8,0.0,0.0,,,,-0.019300001
322345,2020-05-16,Lampasas,Texas,48281.0,8,0.0,0.0,,,,-0.126
322346,2020-05-17,Lampasas,Texas,48281.0,8,0.0,0.0,,,,-0.13699999
322347,2020-05-18,Lampasas,Texas,48281.0,8,0.0,0.0,,,,-0.035100002000000005
322348,2020-05-19,Lampasas,Texas,48281.0,8,0.0,0.0,,,,0.0063
322349,2020-05-20,Lampasas,Texas,48281.0,8,0.0,0.0,,,,-0.032699998
322350,2020-05-21,Lampasas,Texas,48281.0,8,0.0,0.0,,,,-0.08800000000000001
322351,2020-05-22,Lampasas,Texas,48281.0,8,0.0,0.0,,,,-0.192
322352,2020-05-23,Lampasas,Texas,48281.0,8,0.0,0.0,,,,-0.18799999
322353,2020-05-24,Lampasas,Texas,48281.0,8,0.0,0.0,,,,-0.204
322354,2020-05-25,Lampasas,Texas,48281.0,8,0.0,0.0,,,,-0.168
322355,2020-05-26,Lampasas,Texas,48281.0,8,0.0,0.0,,,,-0.27700001
322356,2020-05-27,Lampasas,Texas,48281.0,8,0.0,0.0,,,,-0.237
322357,2020-05-28,Lampasas,Texas,48281.0,8,0.0,0.0,,,,-0.153
322358,2020-05-29,Lampasas,Texas,48281.0,8,0.0,0.0,,,,-0.048300002
322359,2020-05-30,Lampasas,Texas,48281.0,9,0.0,1.0,,,,-0.0416
322360,2020-05-31,Lampasas,Texas,48281.0,9,0.0,0.0,,,,0.046100002
322361,2020-06-01,Lampasas,Texas,48281.0,9,0.0,0.0,,,,0.045699999000000005
322362,2020-06-02,Lampasas,Texas,48281.0,9,0.0,0.0,,,,0.088399999
322363,2020-06-03,Lampasas,Texas,48281.0,9,0.0,0.0,,,,0.124
322364,2020-06-04,Lampasas,Texas,48281.0,9,0.0,0.0,,,,0.06580000400000001
322365,2020-06-05,Lampasas,Texas,48281.0,9,0.0,0.0,,,,0.081299998
322366,2020-06-06,Lampasas,Texas,48281.0,9,0.0,0.0,,,,0.082500003
322367,2020-06-07,Lampasas,Texas,48281.0,9,0.0,0.0,,,,0.15899999
322368,2020-06-08,Lampasas,Texas,48281.0,9,0.0,0.0,,,,0.23199999
322369,2020-06-09,Lampasas,Texas,48281.0,9,0.0,0.0,,,,0.207
322370,2020-06-10,Lampasas,Texas,48281.0,9,0.0,0.0,,,,0.22899999999999998
322371,2020-06-11,Lampasas,Texas,48281.0,9,0.0,0.0,,,,0.233
322372,2020-06-12,Lampasas,Texas,48281.0,9,0.0,0.0,,,,0.20999999
322373,2020-06-13,Lampasas,Texas,48281.0,9,0.0,0.0,,,,0.264
322374,2020-06-14,Lampasas,Texas,48281.0,9,0.0,0.0,,,,0.134
322375,2020-06-15,Lampasas,Texas,48281.0,9,0.0,0.0,,,,0.185
322376,2020-06-16,Lampasas,Texas,48281.0,11,0.0,2.0,,,,0.168
322377,2020-06-17,Lampasas,Texas,48281.0,13,0.0,2.0,,,,0.048799999000000004
322378,2020-06-18,Lampasas,Texas,48281.0,13,0.0,0.0,,,,0.147
322379,2020-06-19,Lampasas,Texas,48281.0,15,0.0,2.0,,,,0.037900001
322380,2020-06-20,Lampasas,Texas,48281.0,16,0.0,1.0,,,,-0.00118
322381,2020-06-21,Lampasas,Texas,48281.0,17,0.0,1.0,,,,-0.092500001
322382,2020-06-22,Lampasas,Texas,48281.0,18,0.0,1.0,,,,-0.12899999
322383,2020-06-23,Lampasas,Texas,48281.0,19,0.0,1.0,,,,-0.16399999999999998
322384,2020-06-24,Lampasas,Texas,48281.0,19,0.0,0.0,,,,-0.138
322385,2020-06-25,Lampasas,Texas,48281.0,19,0.0,0.0,,,,-0.264
322386,2020-06-26,Lampasas,Texas,48281.0,19,0.0,0.0,,,,-0.21100000000000002
322387,2020-06-27,Lampasas,Texas,48281.0,19,0.0,0.0,,,,-0.29100001
322388,2020-06-28,Lampasas,Texas,48281.0,19,0.0,0.0,,,,-0.20100001
322389,2020-06-29,Lampasas,Texas,48281.0,20,0.0,1.0,,,,-0.28799999
322390,2020-06-30,Lampasas,Texas,48281.0,20,0.0,0.0,,,,-0.32899999999999996
322391,2020-07-01,Lampasas,Texas,48281.0,20,0.0,0.0,,,,-0.26499999
322392,2020-07-02,Lampasas,Texas,48281.0,20,0.0,0.0,,,,-0.11199999999999999
322393,2020-07-03,Lampasas,Texas,48281.0,20,0.0,0.0,,,,-0.21799999
322394,2020-07-04,Lampasas,Texas,48281.0,20,0.0,0.0,,,,-0.0605
322395,2020-07-05,Lampasas,Texas,48281.0,20,0.0,0.0,,,,-0.037000000000000005
322396,2020-07-06,Lampasas,Texas,48281.0,20,0.0,0.0,,,,0.0528
322397,2020-07-07,Lampasas,Texas,48281.0,20,0.0,0.0,,,,0.10400000000000001
322398,2020-07-08,Lampasas,Texas,48281.0,30,0.0,10.0,,,,0.106
322399,2020-07-09,Lampasas,Texas,48281.0,32,0.0,2.0,,,,0.0142
322400,2020-07-10,Lampasas,Texas,48281.0,37,0.0,5.0,,,,0.12899999
322401,2020-07-11,Lampasas,Texas,48281.0,39,0.0,2.0,,,,0.16500001
322402,2020-07-12,Lampasas,Texas,48281.0,39,0.0,0.0,,,,0.198
322403,2020-07-13,Lampasas,Texas,48281.0,39,0.0,0.0,,,,0.21699999
322404,2020-07-14,Lampasas,Texas,48281.0,40,0.0,1.0,,,,0.38699999
322405,2020-07-15,Lampasas,Texas,48281.0,44,0.0,4.0,,,,0.38699999
322406,2020-07-16,Lampasas,Texas,48281.0,44,0.0,0.0,,,,0.31
322407,2020-07-17,Lampasas,Texas,48281.0,45,0.0,1.0,,,,0.2
322408,2020-07-18,Lampasas,Texas,48281.0,45,0.0,0.0,,,,0.12899999
322409,2020-07-19,Lampasas,Texas,48281.0,47,0.0,2.0,,,,0.33000001
322410,2020-07-20,Lampasas,Texas,48281.0,48,0.0,1.0,,,,0.28999999
322411,2020-07-21,Lampasas,Texas,48281.0,50,0.0,2.0,,,,0.00777
322412,2020-07-22,Lampasas,Texas,48281.0,54,0.0,4.0,,,,0.050299998
322413,2020-07-23,Lampasas,Texas,48281.0,65,0.0,11.0,,,,0.126
322414,2020-07-24,Lampasas,Texas,48281.0,68,0.0,3.0,,,,0.20800000000000002
322415,2020-07-25,Lampasas,Texas,48281.0,68,0.0,0.0,,,,0.221
322416,2020-07-26,Lampasas,Texas,48281.0,71,0.0,3.0,,,,0.050799999000000005
322417,2020-07-27,Lampasas,Texas,48281.0,76,1.0,5.0,,,,-0.0132
322418,2020-07-28,Lampasas,Texas,48281.0,80,1.0,4.0,,,,0.14300001
322419,2020-07-29,Lampasas,Texas,48281.0,82,1.0,2.0,,,,0.38699999
322420,2020-07-30,Lampasas,Texas,48281.0,83,0.0,1.0,,,,0.32100001
322421,2020-07-31,Lampasas,Texas,48281.0,83,1.0,0.0,,,,0.373
322422,2020-08-01,Lampasas,Texas,48281.0,84,1.0,1.0,,,,0.34700000000000003
322423,2020-08-02,Lampasas,Texas,48281.0,84,1.0,0.0,,,,0.373
322424,2020-08-03,Lampasas,Texas,48281.0,84,1.0,0.0,,,,0.38699999
322425,2020-08-04,Lampasas,Texas,48281.0,83,2.0,-1.0,,,,0.28
322426,2020-08-05,Lampasas,Texas,48281.0,86,2.0,3.0,,,,0.15700001
322427,2020-08-06,Lampasas,Texas,48281.0,88,2.0,2.0,,,,0.23199999
322428,2020-08-07,Lampasas,Texas,48281.0,90,2.0,2.0,,,,0.14
322429,2020-08-08,Lampasas,Texas,48281.0,102,3.0,12.0,,,,0.0211
322430,2020-08-09,Lampasas,Texas,48281.0,104,3.0,2.0,,,,0.0469
322431,2020-08-10,Lampasas,Texas,48281.0,104,3.0,0.0,,,,-0.0264
322432,2020-08-11,Lampasas,Texas,48281.0,110,3.0,6.0,,,,-0.041499997999999996
322433,2020-08-12,Lampasas,Texas,48281.0,114,3.0,4.0,,,,-0.045600000999999994
322434,2020-08-13,Lampasas,Texas,48281.0,126,4.0,12.0,,,,-0.0748
322435,2020-08-14,Lampasas,Texas,48281.0,129,4.0,3.0,,,,0.0197
322436,2020-08-15,Lampasas,Texas,48281.0,128,5.0,-1.0,,,,0.0263
322437,2020-08-16,Lampasas,Texas,48281.0,128,5.0,0.0,,,,0.081100002
322438,2020-08-17,Lampasas,Texas,48281.0,131,5.0,3.0,,,,0.022000000000000002
322439,2020-08-18,Lampasas,Texas,48281.0,132,5.0,1.0,,,,0.0254
322440,2020-08-19,Lampasas,Texas,48281.0,132,5.0,0.0,,,,-0.024599998999999997
322441,2020-08-20,Lampasas,Texas,48281.0,137,5.0,5.0,,,,-0.0276
322442,2020-08-21,Lampasas,Texas,48281.0,140,5.0,3.0,,,,0.255
322443,2020-08-22,Lampasas,Texas,48281.0,141,5.0,1.0,,,,0.27000001
322444,2020-08-23,Lampasas,Texas,48281.0,141,5.0,0.0,,,,0.324
322445,2020-08-24,Lampasas,Texas,48281.0,141,5.0,0.0,,,,0.366
322446,2020-08-25,Lampasas,Texas,48281.0,143,5.0,2.0,,,,0.37599999
322447,2020-08-26,Lampasas,Texas,48281.0,146,5.0,3.0,,,,0.38499999
322448,2020-08-27,Lampasas,Texas,48281.0,150,5.0,4.0,,,,0.38699999
322449,2020-08-28,Lampasas,Texas,48281.0,151,5.0,1.0,,,,0.10300000000000001
322450,2020-08-29,Lampasas,Texas,48281.0,153,6.0,2.0,,,,0.10300000000000001
322451,2020-08-30,Lampasas,Texas,48281.0,154,6.0,1.0,,,,0.0143
322452,2020-08-31,Lampasas,Texas,48281.0,154,6.0,0.0,,,,0.021400001000000002
322453,2020-09-01,Lampasas,Texas,48281.0,154,6.0,0.0,,,,0.061299998
322454,2020-09-02,Lampasas,Texas,48281.0,155,6.0,1.0,,,,0.037700001000000004
322455,2020-09-03,Lampasas,Texas,48281.0,158,6.0,3.0,,,,-0.0016
322456,2020-09-04,Lampasas,Texas,48281.0,158,7.0,0.0,,,,-0.0087000001
322457,2020-09-05,Lampasas,Texas,48281.0,158,7.0,0.0,,,,-0.016899999
322458,2020-09-06,Lampasas,Texas,48281.0,159,7.0,1.0,,,,-0.06859999900000001
322459,2020-09-07,Lampasas,Texas,48281.0,159,7.0,0.0,,,,0.032000002
322460,2020-09-08,Lampasas,Texas,48281.0,159,7.0,0.0,,,,-0.082999997
322461,2020-09-09,Lampasas,Texas,48281.0,181,7.0,22.0,,,,-0.249
322462,2020-09-10,Lampasas,Texas,48281.0,181,7.0,0.0,,,,0.153
322463,2020-09-11,Lampasas,Texas,48281.0,202,7.0,21.0,,,,-0.034699999
322464,2020-09-12,Lampasas,Texas,48281.0,205,7.0,3.0,,,,0.113
322465,2020-09-13,Lampasas,Texas,48281.0,205,7.0,0.0,,,,0.31999999
322466,2020-09-14,Lampasas,Texas,48281.0,205,7.0,0.0,,,,0.34700000000000003
322467,2020-09-15,Lampasas,Texas,48281.0,214,8.0,9.0,,,,0.38699999
322468,2020-09-16,Lampasas,Texas,48281.0,217,8.0,3.0,,,,0.31
322469,2020-09-17,Lampasas,Texas,48281.0,219,8.0,2.0,,,,0.38699999
322470,2020-09-18,Lampasas,Texas,48281.0,222,8.0,3.0,,,,0.38699999
322471,2020-09-19,Lampasas,Texas,48281.0,231,8.0,9.0,,,,0.33399999
322472,2020-09-20,Lampasas,Texas,48281.0,231,8.0,0.0,,,,0.29600000000000004
322473,2020-09-21,Lampasas,Texas,48281.0,231,8.0,0.0,,,,0.17800000000000002
322474,2020-09-22,Lampasas,Texas,48281.0,233,8.0,2.0,,,,0.11199999999999999
322475,2020-09-23,Lampasas,Texas,48281.0,243,8.0,10.0,,,,0.183
322476,2020-09-24,Lampasas,Texas,48281.0,245,8.0,2.0,,,,0.0832
322477,2020-09-25,Lampasas,Texas,48281.0,245,8.0,0.0,,,,0.124
322478,2020-09-26,Lampasas,Texas,48281.0,249,8.0,4.0,,,,0.154
322479,2020-09-27,Lampasas,Texas,48281.0,250,8.0,1.0,,,,0.139
322480,2020-09-28,Lampasas,Texas,48281.0,250,8.0,0.0,,,,0.26199999
322481,2020-09-29,Lampasas,Texas,48281.0,254,8.0,4.0,,,,0.345
322482,2020-09-30,Lampasas,Texas,48281.0,261,8.0,7.0,,,,0.31999999
322483,2020-10-01,Lampasas,Texas,48281.0,261,8.0,0.0,,,,0.34299999
322484,2020-10-02,Lampasas,Texas,48281.0,262,8.0,1.0,,,,0.31900001
322485,2020-10-03,Lampasas,Texas,48281.0,261,9.0,-1.0,,,,0.183
322486,2020-10-04,Lampasas,Texas,48281.0,263,9.0,2.0,,,,0.23899999
322487,2020-10-05,Lampasas,Texas,48281.0,264,9.0,1.0,,,,0.213
322488,2020-10-06,Lampasas,Texas,48281.0,275,9.0,11.0,,,,0.12899999
322489,2020-10-07,Lampasas,Texas,48281.0,275,9.0,0.0,,,,0.126
322490,2020-10-08,Lampasas,Texas,48281.0,274,9.0,-1.0,,,,0.214
322491,2020-10-09,Lampasas,Texas,48281.0,280,9.0,6.0,,,,0.131
322492,2020-10-10,Lampasas,Texas,48281.0,283,9.0,3.0,,,,0.382
322493,2020-10-11,Lampasas,Texas,48281.0,283,9.0,0.0,,,,0.38699999
322494,2020-10-12,Lampasas,Texas,48281.0,283,9.0,0.0,,,,0.375
322495,2020-10-13,Lampasas,Texas,48281.0,286,9.0,3.0,,,,0.38699999
322496,2020-10-14,Lampasas,Texas,48281.0,292,9.0,6.0,,,,0.38699999
322497,2020-10-15,Lampasas,Texas,48281.0,292,9.0,0.0,,,,0.38699999
322498,2020-10-16,Lampasas,Texas,48281.0,294,9.0,2.0,,,,0.38699999
322499,2020-10-17,Lampasas,Texas,48281.0,297,9.0,3.0,,,,0.35499999
322500,2020-10-18,Lampasas,Texas,48281.0,297,9.0,0.0,,,,0.34700000000000003
322501,2020-10-19,Lampasas,Texas,48281.0,297,9.0,0.0,,,,0.38699999
322502,2020-10-20,Lampasas,Texas,48281.0,297,9.0,0.0,,,,0.32800001
322503,2020-10-21,Lampasas,Texas,48281.0,298,9.0,1.0,,,,0.171
322504,2020-10-22,Lampasas,Texas,48281.0,298,9.0,0.0,,,,0.13600001
322505,2020-10-23,Lampasas,Texas,48281.0,304,9.0,6.0,,,,0.18000001
322506,2020-10-24,Lampasas,Texas,48281.0,304,9.0,0.0,,,,0.23800001
322507,2020-10-25,Lampasas,Texas,48281.0,305,9.0,1.0,,,,0.28200001
322508,2020-10-26,Lampasas,Texas,48281.0,305,9.0,0.0,,,,0.257
322509,2020-10-27,Lampasas,Texas,48281.0,305,9.0,0.0,,,,0.149
322510,2020-10-28,Lampasas,Texas,48281.0,305,9.0,0.0,,,,0.138
322511,2020-10-29,Lampasas,Texas,48281.0,311,9.0,6.0,,,,0.142
322512,2020-10-30,Lampasas,Texas,48281.0,313,9.0,2.0,,,,0.096799999
322513,2020-10-31,Lampasas,Texas,48281.0,315,9.0,2.0,,,,0.17299999
322514,2020-11-01,Lampasas,Texas,48281.0,315,9.0,0.0,,,,0.10300000000000001
322515,2020-11-02,Lampasas,Texas,48281.0,316,9.0,1.0,,,,0.26199999
322516,2020-11-03,Lampasas,Texas,48281.0,325,9.0,9.0,,,,0.23100001
322517,2020-11-04,Lampasas,Texas,48281.0,325,9.0,0.0,,,,0.16899999999999998
322518,2020-11-05,Lampasas,Texas,48281.0,329,9.0,4.0,,,,0.17800000000000002
322519,2020-11-06,Lampasas,Texas,48281.0,331,9.0,2.0,,,,0.16599999
322520,2020-11-07,Lampasas,Texas,48281.0,333,9.0,2.0,,,,0.02
322521,2020-11-08,Lampasas,Texas,48281.0,333,9.0,0.0,,,,0.0572
322522,2020-11-09,Lampasas,Texas,48281.0,333,9.0,0.0,,,,0.07630000299999999
322523,2020-11-10,Lampasas,Texas,48281.0,334,9.0,1.0,,,,-0.022000000000000002
322524,2020-11-11,Lampasas,Texas,48281.0,334,9.0,0.0,,,,0.032000002
322525,2020-11-12,Lampasas,Texas,48281.0,335,9.0,1.0,,,,0.046700001
322526,2020-11-13,Lampasas,Texas,48281.0,340,9.0,5.0,,,,0.075099997
322527,2020-11-14,Lampasas,Texas,48281.0,344,9.0,4.0,,,,0.20900001
322528,2020-11-15,Lampasas,Texas,48281.0,344,9.0,0.0,,,,0.191
322529,2020-11-16,Lampasas,Texas,48281.0,342,9.0,-2.0,,,,0.21600001
322530,2020-11-17,Lampasas,Texas,48281.0,344,9.0,2.0,,,,0.14300001
322531,2020-11-18,Lampasas,Texas,48281.0,346,10.0,2.0,,,,0.15700001
322532,2020-11-19,Lampasas,Texas,48281.0,355,10.0,9.0,,,,0.198
322533,2020-11-20,Lampasas,Texas,48281.0,356,10.0,1.0,,,,0.252
322534,2020-11-21,Lampasas,Texas,48281.0,363,10.0,7.0,,,,0.11900000000000001
322535,2020-11-22,Lampasas,Texas,48281.0,363,10.0,0.0,,,,0.14
