,date,county,state,fips,cases,deaths,new_cases,emp_combined,emp_combined_inclow,revenue_all,spend_all
325211,2020-03-18,Medina,Texas,48325.0,1,0.0,0.0,,,,-0.124
325212,2020-03-19,Medina,Texas,48325.0,1,0.0,0.0,,,,-0.138
325213,2020-03-20,Medina,Texas,48325.0,1,0.0,0.0,,,,-0.20100001
325214,2020-03-21,Medina,Texas,48325.0,1,0.0,0.0,,,,-0.21100000000000002
325215,2020-03-22,Medina,Texas,48325.0,1,0.0,0.0,,,,-0.22699999999999998
325216,2020-03-23,Medina,Texas,48325.0,1,0.0,0.0,,,,-0.27200001
325217,2020-03-24,Medina,Texas,48325.0,1,0.0,0.0,,,,-0.242
325218,2020-03-25,Medina,Texas,48325.0,1,0.0,0.0,,,,-0.23999999
325219,2020-03-26,Medina,Texas,48325.0,1,0.0,0.0,,,,-0.29499999
325220,2020-03-27,Medina,Texas,48325.0,3,0.0,2.0,,,,-0.336
325221,2020-03-28,Medina,Texas,48325.0,3,0.0,0.0,,,,-0.35600001
325222,2020-03-29,Medina,Texas,48325.0,3,0.0,0.0,,,,-0.384
325223,2020-03-30,Medina,Texas,48325.0,3,0.0,0.0,,,,-0.38
325224,2020-03-31,Medina,Texas,48325.0,3,0.0,0.0,,,,-0.382
325225,2020-04-01,Medina,Texas,48325.0,3,0.0,0.0,,,,-0.34700000000000003
325226,2020-04-02,Medina,Texas,48325.0,3,0.0,0.0,,,,-0.317
325227,2020-04-03,Medina,Texas,48325.0,3,0.0,0.0,,,,-0.33899999
325228,2020-04-04,Medina,Texas,48325.0,3,0.0,0.0,,,,-0.39399999
325229,2020-04-05,Medina,Texas,48325.0,4,0.0,1.0,,,,-0.345
325230,2020-04-06,Medina,Texas,48325.0,6,0.0,2.0,,,,-0.34
325231,2020-04-07,Medina,Texas,48325.0,6,0.0,0.0,,,,-0.27599999
325232,2020-04-08,Medina,Texas,48325.0,7,0.0,1.0,,,,-0.33700001
325233,2020-04-09,Medina,Texas,48325.0,9,1.0,2.0,,,,-0.36000001
325234,2020-04-10,Medina,Texas,48325.0,10,1.0,1.0,,,,-0.33899999
325235,2020-04-11,Medina,Texas,48325.0,12,1.0,2.0,,,,-0.26699999
325236,2020-04-12,Medina,Texas,48325.0,13,1.0,1.0,,,,-0.30700001
325237,2020-04-13,Medina,Texas,48325.0,13,1.0,0.0,,,,-0.29699999
325238,2020-04-14,Medina,Texas,48325.0,13,1.0,0.0,,,,-0.28799999
325239,2020-04-15,Medina,Texas,48325.0,13,1.0,0.0,,,,-0.192
325240,2020-04-16,Medina,Texas,48325.0,15,2.0,2.0,,,,-0.235
325241,2020-04-17,Medina,Texas,48325.0,15,2.0,0.0,,,,-0.23800001
325242,2020-04-18,Medina,Texas,48325.0,15,2.0,0.0,,,,-0.25999999
325243,2020-04-19,Medina,Texas,48325.0,15,2.0,0.0,,,,-0.24100000000000002
325244,2020-04-20,Medina,Texas,48325.0,15,2.0,0.0,,,,-0.23800001
325245,2020-04-21,Medina,Texas,48325.0,15,2.0,0.0,,,,-0.23100001
325246,2020-04-22,Medina,Texas,48325.0,17,2.0,2.0,,,,-0.233
325247,2020-04-23,Medina,Texas,48325.0,17,2.0,0.0,,,,-0.377
325248,2020-04-24,Medina,Texas,48325.0,17,2.0,0.0,,,,-0.22699999999999998
325249,2020-04-25,Medina,Texas,48325.0,19,2.0,2.0,,,,-0.23100001
325250,2020-04-26,Medina,Texas,48325.0,19,2.0,0.0,,,,-0.222
325251,2020-04-27,Medina,Texas,48325.0,19,2.0,0.0,,,,-0.26899999
325252,2020-04-28,Medina,Texas,48325.0,19,2.0,0.0,,,,-0.315
325253,2020-04-29,Medina,Texas,48325.0,19,2.0,0.0,,,,-0.278
325254,2020-04-30,Medina,Texas,48325.0,20,2.0,1.0,,,,-0.21799999
325255,2020-05-01,Medina,Texas,48325.0,20,2.0,0.0,,,,-0.27700001
325256,2020-05-02,Medina,Texas,48325.0,20,2.0,0.0,,,,-0.25099999
325257,2020-05-03,Medina,Texas,48325.0,20,2.0,0.0,,,,-0.228
325258,2020-05-04,Medina,Texas,48325.0,20,2.0,0.0,,,,-0.22499999
325259,2020-05-05,Medina,Texas,48325.0,20,2.0,0.0,,,,-0.155
325260,2020-05-06,Medina,Texas,48325.0,20,2.0,0.0,,,,-0.11599999999999999
325261,2020-05-07,Medina,Texas,48325.0,21,2.0,1.0,,,,-0.0601
325262,2020-05-08,Medina,Texas,48325.0,22,2.0,1.0,,,,-0.083800003
325263,2020-05-09,Medina,Texas,48325.0,22,2.0,0.0,,,,-0.061799999
325264,2020-05-10,Medina,Texas,48325.0,31,2.0,9.0,,,,-0.0537
325265,2020-05-11,Medina,Texas,48325.0,32,2.0,1.0,,,,-0.090899996
325266,2020-05-12,Medina,Texas,48325.0,38,2.0,6.0,,,,-0.13600001
325267,2020-05-13,Medina,Texas,48325.0,45,2.0,7.0,,,,-0.07970000099999999
325268,2020-05-14,Medina,Texas,48325.0,47,2.0,2.0,,,,-0.08349999799999999
325269,2020-05-15,Medina,Texas,48325.0,48,2.0,1.0,,,,-0.13
325270,2020-05-16,Medina,Texas,48325.0,49,2.0,1.0,,,,-0.14
325271,2020-05-17,Medina,Texas,48325.0,50,2.0,1.0,,,,-0.114
325272,2020-05-18,Medina,Texas,48325.0,58,2.0,8.0,,,,-0.055
325273,2020-05-19,Medina,Texas,48325.0,59,2.0,1.0,,,,-0.027899998999999998
325274,2020-05-20,Medina,Texas,48325.0,60,2.0,1.0,,,,-0.10400000000000001
325275,2020-05-21,Medina,Texas,48325.0,64,2.0,4.0,,,,-0.10400000000000001
325276,2020-05-22,Medina,Texas,48325.0,64,2.0,0.0,,,,-0.062199999000000006
325277,2020-05-23,Medina,Texas,48325.0,66,2.0,2.0,,,,-0.08919999699999999
325278,2020-05-24,Medina,Texas,48325.0,67,2.0,1.0,,,,-0.11699999999999999
325279,2020-05-25,Medina,Texas,48325.0,67,2.0,0.0,,,,-0.161
325280,2020-05-26,Medina,Texas,48325.0,67,2.0,0.0,,,,-0.21799999
325281,2020-05-27,Medina,Texas,48325.0,68,2.0,1.0,,,,-0.191
325282,2020-05-28,Medina,Texas,48325.0,69,2.0,1.0,,,,-0.237
325283,2020-05-29,Medina,Texas,48325.0,71,2.0,2.0,,,,-0.22699999999999998
325284,2020-05-30,Medina,Texas,48325.0,71,2.0,0.0,,,,-0.19599999
325285,2020-05-31,Medina,Texas,48325.0,73,2.0,2.0,,,,-0.242
325286,2020-06-01,Medina,Texas,48325.0,73,2.0,0.0,,,,-0.16399999999999998
325287,2020-06-02,Medina,Texas,48325.0,73,2.0,0.0,,,,-0.082800001
325288,2020-06-03,Medina,Texas,48325.0,74,2.0,1.0,,,,-0.146
325289,2020-06-04,Medina,Texas,48325.0,76,2.0,2.0,,,,-0.11599999999999999
325290,2020-06-05,Medina,Texas,48325.0,78,2.0,2.0,,,,-0.11800000000000001
325291,2020-06-06,Medina,Texas,48325.0,216,2.0,138.0,,,,-0.12899999
325292,2020-06-07,Medina,Texas,48325.0,216,2.0,0.0,,,,-0.056400001
325293,2020-06-08,Medina,Texas,48325.0,216,2.0,0.0,,,,-0.11
325294,2020-06-09,Medina,Texas,48325.0,216,2.0,0.0,,,,-0.16500001
325295,2020-06-10,Medina,Texas,48325.0,216,2.0,0.0,,,,-0.075599998
325296,2020-06-11,Medina,Texas,48325.0,218,2.0,2.0,,,,-0.09390000300000001
325297,2020-06-12,Medina,Texas,48325.0,220,2.0,2.0,,,,-0.124
325298,2020-06-13,Medina,Texas,48325.0,221,2.0,1.0,,,,-0.114
325299,2020-06-14,Medina,Texas,48325.0,221,2.0,0.0,,,,-0.156
325300,2020-06-15,Medina,Texas,48325.0,221,2.0,0.0,,,,-0.125
325301,2020-06-16,Medina,Texas,48325.0,221,2.0,0.0,,,,-0.127
325302,2020-06-17,Medina,Texas,48325.0,227,2.0,6.0,,,,-0.15899999
325303,2020-06-18,Medina,Texas,48325.0,228,2.0,1.0,,,,-0.10099999999999999
325304,2020-06-19,Medina,Texas,48325.0,244,2.0,16.0,,,,-0.059599999
325305,2020-06-20,Medina,Texas,48325.0,245,2.0,1.0,,,,-0.033500001
325306,2020-06-21,Medina,Texas,48325.0,250,2.0,5.0,,,,-0.0184
325307,2020-06-22,Medina,Texas,48325.0,250,2.0,0.0,,,,-0.060600000999999994
325308,2020-06-23,Medina,Texas,48325.0,251,2.0,1.0,,,,-0.077600002
325309,2020-06-24,Medina,Texas,48325.0,255,2.0,4.0,,,,-0.071800001
325310,2020-06-25,Medina,Texas,48325.0,255,2.0,0.0,,,,-0.124
325311,2020-06-26,Medina,Texas,48325.0,256,2.0,1.0,,,,-0.126
325312,2020-06-27,Medina,Texas,48325.0,254,2.0,-2.0,,,,-0.111
325313,2020-06-28,Medina,Texas,48325.0,254,2.0,0.0,,,,-0.111
325314,2020-06-29,Medina,Texas,48325.0,254,2.0,0.0,,,,-0.141
325315,2020-06-30,Medina,Texas,48325.0,255,2.0,1.0,,,,-0.11599999999999999
325316,2020-07-01,Medina,Texas,48325.0,278,2.0,23.0,,,,-0.126
325317,2020-07-02,Medina,Texas,48325.0,282,2.0,4.0,,,,-0.16399999999999998
325318,2020-07-03,Medina,Texas,48325.0,293,2.0,11.0,,,,-0.161
325319,2020-07-04,Medina,Texas,48325.0,295,2.0,2.0,,,,-0.22699999999999998
325320,2020-07-05,Medina,Texas,48325.0,295,2.0,0.0,,,,-0.16699999999999998
325321,2020-07-06,Medina,Texas,48325.0,295,2.0,0.0,,,,-0.10300000000000001
325322,2020-07-07,Medina,Texas,48325.0,327,3.0,32.0,,,,-0.084100001
325323,2020-07-08,Medina,Texas,48325.0,335,3.0,8.0,,,,-0.11199999999999999
325324,2020-07-09,Medina,Texas,48325.0,338,3.0,3.0,,,,-0.13500001
325325,2020-07-10,Medina,Texas,48325.0,338,3.0,0.0,,,,-0.13699999
325326,2020-07-11,Medina,Texas,48325.0,343,3.0,5.0,,,,-0.16599999
325327,2020-07-12,Medina,Texas,48325.0,343,3.0,0.0,,,,-0.20299999
325328,2020-07-13,Medina,Texas,48325.0,343,3.0,0.0,,,,-0.21100000000000002
325329,2020-07-14,Medina,Texas,48325.0,360,3.0,17.0,,,,-0.21799999
325330,2020-07-15,Medina,Texas,48325.0,419,3.0,59.0,,,,-0.20600000000000002
325331,2020-07-16,Medina,Texas,48325.0,419,3.0,0.0,,,,-0.184
325332,2020-07-17,Medina,Texas,48325.0,419,3.0,0.0,,,,-0.20600000000000002
325333,2020-07-18,Medina,Texas,48325.0,492,4.0,73.0,,,,-0.18600000000000003
325334,2020-07-19,Medina,Texas,48325.0,492,4.0,0.0,,,,-0.084600002
325335,2020-07-20,Medina,Texas,48325.0,492,4.0,0.0,,,,-0.147
325336,2020-07-21,Medina,Texas,48325.0,524,4.0,32.0,,,,-0.156
325337,2020-07-22,Medina,Texas,48325.0,526,7.0,2.0,,,,-0.163
325338,2020-07-23,Medina,Texas,48325.0,527,7.0,1.0,,,,-0.102
325339,2020-07-24,Medina,Texas,48325.0,538,8.0,11.0,,,,-0.053800002
325340,2020-07-25,Medina,Texas,48325.0,546,8.0,8.0,,,,-0.121
325341,2020-07-26,Medina,Texas,48325.0,546,8.0,0.0,,,,-0.14800000000000002
325342,2020-07-27,Medina,Texas,48325.0,546,16.0,0.0,,,,-0.149
325343,2020-07-28,Medina,Texas,48325.0,562,16.0,16.0,,,,-0.16500001
325344,2020-07-29,Medina,Texas,48325.0,571,19.0,9.0,,,,-0.15000001
325345,2020-07-30,Medina,Texas,48325.0,582,20.0,11.0,,,,-0.147
325346,2020-07-31,Medina,Texas,48325.0,588,23.0,6.0,,,,-0.080899999
325347,2020-08-01,Medina,Texas,48325.0,594,24.0,6.0,,,,-0.138
325348,2020-08-02,Medina,Texas,48325.0,594,24.0,0.0,,,,-0.18099999
325349,2020-08-03,Medina,Texas,48325.0,595,24.0,1.0,,,,-0.134
325350,2020-08-04,Medina,Texas,48325.0,615,24.0,20.0,,,,-0.11699999999999999
325351,2020-08-05,Medina,Texas,48325.0,615,24.0,0.0,,,,-0.092200004
325352,2020-08-06,Medina,Texas,48325.0,621,25.0,6.0,,,,-0.105
325353,2020-08-07,Medina,Texas,48325.0,762,26.0,141.0,,,,-0.185
325354,2020-08-08,Medina,Texas,48325.0,811,26.0,49.0,,,,-0.124
325355,2020-08-09,Medina,Texas,48325.0,811,26.0,0.0,,,,-0.11900000000000001
325356,2020-08-10,Medina,Texas,48325.0,878,26.0,67.0,,,,-0.15099999
325357,2020-08-11,Medina,Texas,48325.0,892,26.0,14.0,,,,-0.2
325358,2020-08-12,Medina,Texas,48325.0,934,29.0,42.0,,,,-0.27000001
325359,2020-08-13,Medina,Texas,48325.0,949,29.0,15.0,,,,-0.32699999
325360,2020-08-14,Medina,Texas,48325.0,963,31.0,14.0,,,,-0.36300001
325361,2020-08-15,Medina,Texas,48325.0,987,31.0,24.0,,,,-0.26300001
325362,2020-08-16,Medina,Texas,48325.0,987,32.0,0.0,,,,-0.249
325363,2020-08-17,Medina,Texas,48325.0,987,32.0,0.0,,,,-0.27599999
325364,2020-08-18,Medina,Texas,48325.0,1002,33.0,15.0,,,,-0.25799999
325365,2020-08-19,Medina,Texas,48325.0,1056,33.0,54.0,,,,-0.198
325366,2020-08-20,Medina,Texas,48325.0,1063,33.0,7.0,,,,-0.154
325367,2020-08-21,Medina,Texas,48325.0,1064,33.0,1.0,,,,-0.131
325368,2020-08-22,Medina,Texas,48325.0,1069,34.0,5.0,,,,-0.17800000000000002
325369,2020-08-23,Medina,Texas,48325.0,1069,34.0,0.0,,,,-0.17600000000000002
325370,2020-08-24,Medina,Texas,48325.0,1070,34.0,1.0,,,,-0.185
325371,2020-08-25,Medina,Texas,48325.0,1073,34.0,3.0,,,,-0.154
325372,2020-08-26,Medina,Texas,48325.0,1101,34.0,28.0,,,,-0.072700001
325373,2020-08-27,Medina,Texas,48325.0,1103,35.0,2.0,,,,-0.113
325374,2020-08-28,Medina,Texas,48325.0,1103,35.0,0.0,,,,-0.0678
325375,2020-08-29,Medina,Texas,48325.0,1111,35.0,8.0,,,,-0.09399999699999999
325376,2020-08-30,Medina,Texas,48325.0,1111,35.0,0.0,,,,-0.0986
325377,2020-08-31,Medina,Texas,48325.0,1111,36.0,0.0,,,,-0.11599999999999999
325378,2020-09-01,Medina,Texas,48325.0,1121,36.0,10.0,,,,-0.198
325379,2020-09-02,Medina,Texas,48325.0,1132,36.0,11.0,,,,-0.18099999
325380,2020-09-03,Medina,Texas,48325.0,1133,37.0,1.0,,,,-0.19
325381,2020-09-04,Medina,Texas,48325.0,1134,37.0,1.0,,,,-0.23
325382,2020-09-05,Medina,Texas,48325.0,1134,38.0,0.0,,,,-0.19599999
325383,2020-09-06,Medina,Texas,48325.0,1134,38.0,0.0,,,,-0.142
325384,2020-09-07,Medina,Texas,48325.0,1134,38.0,0.0,,,,-0.107
325385,2020-09-08,Medina,Texas,48325.0,1133,38.0,-1.0,,,,-0.12899999
325386,2020-09-09,Medina,Texas,48325.0,1133,38.0,0.0,,,,-0.11
325387,2020-09-10,Medina,Texas,48325.0,1133,38.0,0.0,,,,-0.07829999900000001
325388,2020-09-11,Medina,Texas,48325.0,1151,39.0,18.0,,,,-0.17800000000000002
325389,2020-09-12,Medina,Texas,48325.0,1147,39.0,-4.0,,,,-0.26800001
325390,2020-09-13,Medina,Texas,48325.0,1147,39.0,0.0,,,,-0.193
325391,2020-09-14,Medina,Texas,48325.0,1147,39.0,0.0,,,,-0.215
325392,2020-09-15,Medina,Texas,48325.0,1157,40.0,10.0,,,,-0.213
325393,2020-09-16,Medina,Texas,48325.0,1174,40.0,17.0,,,,-0.20100001
325394,2020-09-17,Medina,Texas,48325.0,1178,41.0,4.0,,,,-0.16699999999999998
325395,2020-09-18,Medina,Texas,48325.0,1178,42.0,0.0,,,,-0.13
325396,2020-09-19,Medina,Texas,48325.0,1179,43.0,1.0,,,,0.00875
325397,2020-09-20,Medina,Texas,48325.0,1179,44.0,0.0,,,,-0.105
325398,2020-09-21,Medina,Texas,48325.0,1179,44.0,0.0,,,,-0.080200002
325399,2020-09-22,Medina,Texas,48325.0,1192,44.0,13.0,,,,-0.18700001
325400,2020-09-23,Medina,Texas,48325.0,1192,45.0,0.0,,,,-0.192
325401,2020-09-24,Medina,Texas,48325.0,1193,45.0,1.0,,,,-0.105
325402,2020-09-25,Medina,Texas,48325.0,1193,45.0,0.0,,,,-0.0704
325403,2020-09-26,Medina,Texas,48325.0,1198,45.0,5.0,,,,-0.08550000199999999
325404,2020-09-27,Medina,Texas,48325.0,1198,45.0,0.0,,,,-0.0713
325405,2020-09-28,Medina,Texas,48325.0,1198,45.0,0.0,,,,-0.09759999800000001
325406,2020-09-29,Medina,Texas,48325.0,1207,45.0,9.0,,,,-0.08470000300000001
325407,2020-09-30,Medina,Texas,48325.0,1223,46.0,16.0,,,,-0.087099999
325408,2020-10-01,Medina,Texas,48325.0,1227,46.0,4.0,,,,-0.15800001
325409,2020-10-02,Medina,Texas,48325.0,1224,46.0,-3.0,,,,-0.17299999
325410,2020-10-03,Medina,Texas,48325.0,1226,47.0,2.0,,,,-0.145
325411,2020-10-04,Medina,Texas,48325.0,1226,47.0,0.0,,,,-0.17
325412,2020-10-05,Medina,Texas,48325.0,1227,47.0,1.0,,,,-0.17299999
325413,2020-10-06,Medina,Texas,48325.0,1236,47.0,9.0,,,,-0.17
325414,2020-10-07,Medina,Texas,48325.0,1241,48.0,5.0,,,,-0.15899999
325415,2020-10-08,Medina,Texas,48325.0,1241,48.0,0.0,,,,-0.10400000000000001
325416,2020-10-09,Medina,Texas,48325.0,1241,48.0,0.0,,,,-0.050700000999999995
325417,2020-10-10,Medina,Texas,48325.0,1245,48.0,4.0,,,,-0.062899999
325418,2020-10-11,Medina,Texas,48325.0,1245,48.0,0.0,,,,-0.054299999
325419,2020-10-12,Medina,Texas,48325.0,1245,48.0,0.0,,,,-0.070799999
325420,2020-10-13,Medina,Texas,48325.0,1248,48.0,3.0,,,,-0.00502
325421,2020-10-14,Medina,Texas,48325.0,1246,48.0,-2.0,,,,-0.08560000400000001
325422,2020-10-15,Medina,Texas,48325.0,1251,48.0,5.0,,,,-0.155
325423,2020-10-16,Medina,Texas,48325.0,1248,48.0,-3.0,,,,-0.19699999999999998
325424,2020-10-17,Medina,Texas,48325.0,1250,48.0,2.0,,,,-0.192
325425,2020-10-18,Medina,Texas,48325.0,1250,48.0,0.0,,,,-0.175
325426,2020-10-19,Medina,Texas,48325.0,1250,48.0,0.0,,,,-0.23800001
325427,2020-10-20,Medina,Texas,48325.0,1253,48.0,3.0,,,,-0.23399999999999999
325428,2020-10-21,Medina,Texas,48325.0,1257,48.0,4.0,,,,-0.26199999
325429,2020-10-22,Medina,Texas,48325.0,1257,48.0,0.0,,,,-0.233
325430,2020-10-23,Medina,Texas,48325.0,1262,48.0,5.0,,,,-0.17900001
325431,2020-10-24,Medina,Texas,48325.0,1274,48.0,12.0,,,,-0.155
325432,2020-10-25,Medina,Texas,48325.0,1274,48.0,0.0,,,,-0.15099999
325433,2020-10-26,Medina,Texas,48325.0,1274,48.0,0.0,,,,-0.13600001
325434,2020-10-27,Medina,Texas,48325.0,1276,48.0,2.0,,,,-0.161
325435,2020-10-28,Medina,Texas,48325.0,1276,48.0,0.0,,,,-0.16
325436,2020-10-29,Medina,Texas,48325.0,1285,48.0,9.0,,,,-0.127
325437,2020-10-30,Medina,Texas,48325.0,1287,48.0,2.0,,,,-0.14
325438,2020-10-31,Medina,Texas,48325.0,1294,49.0,7.0,,,,-0.16500001
325439,2020-11-01,Medina,Texas,48325.0,1294,49.0,0.0,,,,-0.175
325440,2020-11-02,Medina,Texas,48325.0,1294,49.0,0.0,,,,-0.163
325441,2020-11-03,Medina,Texas,48325.0,1292,49.0,-2.0,,,,-0.133
325442,2020-11-04,Medina,Texas,48325.0,1293,49.0,1.0,,,,-0.102
325443,2020-11-05,Medina,Texas,48325.0,1296,49.0,3.0,,,,-0.17399999
325444,2020-11-06,Medina,Texas,48325.0,1304,49.0,8.0,,,,-0.19400001
325445,2020-11-07,Medina,Texas,48325.0,1315,49.0,11.0,,,,-0.16599999
325446,2020-11-08,Medina,Texas,48325.0,1315,49.0,0.0,,,,-0.14800000000000002
325447,2020-11-09,Medina,Texas,48325.0,1315,49.0,0.0,,,,-0.153
325448,2020-11-10,Medina,Texas,48325.0,1324,49.0,9.0,,,,-0.17
325449,2020-11-11,Medina,Texas,48325.0,1326,49.0,2.0,,,,-0.14399999
325450,2020-11-12,Medina,Texas,48325.0,1322,49.0,-4.0,,,,-0.088799998
325451,2020-11-13,Medina,Texas,48325.0,1331,49.0,9.0,,,,-0.068899997
325452,2020-11-14,Medina,Texas,48325.0,1347,49.0,16.0,,,,-0.088799998
325453,2020-11-15,Medina,Texas,48325.0,1347,49.0,0.0,,,,-0.127
325454,2020-11-16,Medina,Texas,48325.0,1347,49.0,0.0,,,,-0.113
325455,2020-11-17,Medina,Texas,48325.0,1353,49.0,6.0,,,,-0.122
325456,2020-11-18,Medina,Texas,48325.0,1354,49.0,1.0,,,,-0.134
325457,2020-11-19,Medina,Texas,48325.0,1358,49.0,4.0,,,,-0.149
325458,2020-11-20,Medina,Texas,48325.0,1359,49.0,1.0,,,,-0.185
325459,2020-11-21,Medina,Texas,48325.0,1378,49.0,19.0,,,,-0.205
325460,2020-11-22,Medina,Texas,48325.0,1378,48.0,0.0,,,,-0.17
