,date,county,state,fips,cases,deaths,new_cases,emp_combined,emp_combined_inclow,revenue_all,spend_all
328621,2020-03-27,Randall,Texas,48381.0,3,0.0,0.0,,,,-0.287
328622,2020-03-28,Randall,Texas,48381.0,3,0.0,0.0,,,,-0.29699999
328623,2020-03-29,Randall,Texas,48381.0,3,0.0,0.0,,,,-0.31
328624,2020-03-30,Randall,Texas,48381.0,6,0.0,3.0,,,,-0.26699999
328625,2020-03-31,Randall,Texas,48381.0,6,0.0,0.0,,,,-0.30000001
328626,2020-04-01,Randall,Texas,48381.0,17,0.0,11.0,,,,-0.31200001
328627,2020-04-02,Randall,Texas,48381.0,17,0.0,0.0,,,,-0.242
328628,2020-04-03,Randall,Texas,48381.0,21,0.0,4.0,,,,-0.18799999
328629,2020-04-04,Randall,Texas,48381.0,24,0.0,3.0,,,,-0.257
328630,2020-04-05,Randall,Texas,48381.0,34,0.0,10.0,,,,-0.31099999
328631,2020-04-06,Randall,Texas,48381.0,36,2.0,2.0,,,,-0.36700001
328632,2020-04-07,Randall,Texas,48381.0,36,2.0,0.0,,,,-0.36000001
328633,2020-04-08,Randall,Texas,48381.0,40,2.0,4.0,,,,-0.32800001
328634,2020-04-09,Randall,Texas,48381.0,52,2.0,12.0,,,,-0.41499999
328635,2020-04-10,Randall,Texas,48381.0,60,2.0,8.0,,,,-0.42399999
328636,2020-04-11,Randall,Texas,48381.0,60,2.0,0.0,,,,-0.361
328637,2020-04-12,Randall,Texas,48381.0,64,2.0,4.0,,,,-0.36899999
328638,2020-04-13,Randall,Texas,48381.0,64,2.0,0.0,,,,-0.373
328639,2020-04-14,Randall,Texas,48381.0,73,2.0,9.0,,,,-0.294
328640,2020-04-15,Randall,Texas,48381.0,73,2.0,0.0,,,,-0.28600001
328641,2020-04-16,Randall,Texas,48381.0,80,2.0,7.0,,,,-0.255
328642,2020-04-17,Randall,Texas,48381.0,93,2.0,13.0,,,,-0.273
328643,2020-04-18,Randall,Texas,48381.0,97,3.0,4.0,,,,-0.30399999
328644,2020-04-19,Randall,Texas,48381.0,103,3.0,6.0,,,,-0.28299999
328645,2020-04-20,Randall,Texas,48381.0,112,3.0,9.0,,,,-0.25600001
328646,2020-04-21,Randall,Texas,48381.0,115,3.0,3.0,,,,-0.215
328647,2020-04-22,Randall,Texas,48381.0,125,3.0,10.0,,,,-0.138
328648,2020-04-23,Randall,Texas,48381.0,137,3.0,12.0,,,,-0.248
328649,2020-04-24,Randall,Texas,48381.0,149,3.0,12.0,,,,-0.28400001
328650,2020-04-25,Randall,Texas,48381.0,164,3.0,15.0,,,,-0.26199999
328651,2020-04-26,Randall,Texas,48381.0,172,3.0,8.0,,,,-0.213
328652,2020-04-27,Randall,Texas,48381.0,191,3.0,19.0,,,,-0.19
328653,2020-04-28,Randall,Texas,48381.0,191,3.0,0.0,,,,-0.259
328654,2020-04-29,Randall,Texas,48381.0,213,3.0,22.0,,,,-0.324
328655,2020-04-30,Randall,Texas,48381.0,234,3.0,21.0,,,,-0.252
328656,2020-05-01,Randall,Texas,48381.0,256,3.0,22.0,,,,-0.20299999
328657,2020-05-02,Randall,Texas,48381.0,270,3.0,14.0,,,,-0.183
328658,2020-05-03,Randall,Texas,48381.0,279,3.0,9.0,,,,-0.25
328659,2020-05-04,Randall,Texas,48381.0,296,3.0,17.0,,,,-0.255
328660,2020-05-05,Randall,Texas,48381.0,296,3.0,0.0,,,,-0.23399999999999999
328661,2020-05-06,Randall,Texas,48381.0,333,3.0,37.0,,,,-0.23899999
328662,2020-05-07,Randall,Texas,48381.0,343,3.0,10.0,,,,-0.207
328663,2020-05-08,Randall,Texas,48381.0,355,3.0,12.0,,,,-0.25
328664,2020-05-09,Randall,Texas,48381.0,355,3.0,0.0,,,,-0.29300001
328665,2020-05-10,Randall,Texas,48381.0,358,3.0,3.0,,,,-0.25299999
328666,2020-05-11,Randall,Texas,48381.0,379,3.0,21.0,,,,-0.25
328667,2020-05-12,Randall,Texas,48381.0,413,4.0,34.0,,,,-0.23899999
328668,2020-05-13,Randall,Texas,48381.0,444,4.0,31.0,,,,-0.198
328669,2020-05-14,Randall,Texas,48381.0,477,4.0,33.0,,,,-0.17800000000000002
328670,2020-05-15,Randall,Texas,48381.0,593,4.0,116.0,,,,-0.138
328671,2020-05-16,Randall,Texas,48381.0,602,4.0,9.0,,,,-0.126
328672,2020-05-17,Randall,Texas,48381.0,602,4.0,0.0,,,,-0.138
328673,2020-05-18,Randall,Texas,48381.0,611,5.0,9.0,,,,-0.12899999
328674,2020-05-19,Randall,Texas,48381.0,616,5.0,5.0,,,,-0.162
328675,2020-05-20,Randall,Texas,48381.0,625,5.0,9.0,,,,-0.18700001
328676,2020-05-21,Randall,Texas,48381.0,629,6.0,4.0,,,,-0.177
328677,2020-05-22,Randall,Texas,48381.0,645,6.0,16.0,,,,-0.146
328678,2020-05-23,Randall,Texas,48381.0,648,6.0,3.0,,,,-0.13
328679,2020-05-24,Randall,Texas,48381.0,648,6.0,0.0,,,,-0.096100003
328680,2020-05-25,Randall,Texas,48381.0,648,6.0,0.0,,,,-0.0682
328681,2020-05-26,Randall,Texas,48381.0,652,6.0,4.0,,,,-0.13
328682,2020-05-27,Randall,Texas,48381.0,655,6.0,3.0,,,,-0.071999997
328683,2020-05-28,Randall,Texas,48381.0,658,6.0,3.0,,,,-0.0612
328684,2020-05-29,Randall,Texas,48381.0,671,6.0,13.0,,,,-0.111
328685,2020-05-30,Randall,Texas,48381.0,674,6.0,3.0,,,,-0.10300000000000001
328686,2020-05-31,Randall,Texas,48381.0,674,6.0,0.0,,,,-0.109
328687,2020-06-01,Randall,Texas,48381.0,688,6.0,14.0,,,,-0.121
328688,2020-06-02,Randall,Texas,48381.0,711,6.0,23.0,,,,-0.12899999
328689,2020-06-03,Randall,Texas,48381.0,715,6.0,4.0,,,,-0.17399999
328690,2020-06-04,Randall,Texas,48381.0,715,6.0,0.0,,,,-0.17299999
328691,2020-06-05,Randall,Texas,48381.0,727,6.0,12.0,,,,-0.107
328692,2020-06-06,Randall,Texas,48381.0,728,6.0,1.0,,,,-0.091600001
328693,2020-06-07,Randall,Texas,48381.0,728,6.0,0.0,,,,-0.114
328694,2020-06-08,Randall,Texas,48381.0,737,6.0,9.0,,,,-0.107
328695,2020-06-09,Randall,Texas,48381.0,740,6.0,3.0,,,,-0.10400000000000001
328696,2020-06-10,Randall,Texas,48381.0,747,6.0,7.0,,,,-0.058899999
328697,2020-06-11,Randall,Texas,48381.0,748,7.0,1.0,,,,-0.049600001
328698,2020-06-12,Randall,Texas,48381.0,749,7.0,1.0,,,,-0.125
328699,2020-06-13,Randall,Texas,48381.0,751,7.0,2.0,,,,-0.14
328700,2020-06-14,Randall,Texas,48381.0,751,7.0,0.0,,,,-0.147
328701,2020-06-15,Randall,Texas,48381.0,758,7.0,7.0,,,,-0.082599998
328702,2020-06-16,Randall,Texas,48381.0,763,7.0,5.0,,,,-0.0115
328703,2020-06-17,Randall,Texas,48381.0,769,7.0,6.0,,,,-0.064499997
328704,2020-06-18,Randall,Texas,48381.0,771,7.0,2.0,,,,-0.134
328705,2020-06-19,Randall,Texas,48381.0,775,6.0,4.0,,,,-0.127
328706,2020-06-20,Randall,Texas,48381.0,775,6.0,0.0,,,,-0.11599999999999999
328707,2020-06-21,Randall,Texas,48381.0,775,6.0,0.0,,,,-0.08749999900000001
328708,2020-06-22,Randall,Texas,48381.0,780,6.0,5.0,,,,-0.177
328709,2020-06-23,Randall,Texas,48381.0,793,6.0,13.0,,,,-0.25299999
328710,2020-06-24,Randall,Texas,48381.0,809,6.0,16.0,,,,-0.259
328711,2020-06-25,Randall,Texas,48381.0,821,6.0,12.0,,,,-0.20100001
328712,2020-06-26,Randall,Texas,48381.0,825,6.0,4.0,,,,-0.20600000000000002
328713,2020-06-27,Randall,Texas,48381.0,825,6.0,0.0,,,,-0.23
328714,2020-06-28,Randall,Texas,48381.0,825,6.0,0.0,,,,-0.18899999999999997
328715,2020-06-29,Randall,Texas,48381.0,844,7.0,19.0,,,,-0.20299999
328716,2020-06-30,Randall,Texas,48381.0,863,7.0,19.0,,,,-0.207
328717,2020-07-01,Randall,Texas,48381.0,899,7.0,36.0,,,,-0.122
328718,2020-07-02,Randall,Texas,48381.0,918,7.0,19.0,,,,-0.14800000000000002
328719,2020-07-03,Randall,Texas,48381.0,918,7.0,0.0,,,,-0.138
328720,2020-07-04,Randall,Texas,48381.0,918,7.0,0.0,,,,-0.08910000300000001
328721,2020-07-05,Randall,Texas,48381.0,918,7.0,0.0,,,,-0.122
328722,2020-07-06,Randall,Texas,48381.0,942,7.0,24.0,,,,-0.13
328723,2020-07-07,Randall,Texas,48381.0,971,7.0,29.0,,,,0.0561
328724,2020-07-08,Randall,Texas,48381.0,1001,7.0,30.0,,,,-0.146
328725,2020-07-09,Randall,Texas,48381.0,1026,7.0,25.0,,,,-0.13600001
328726,2020-07-10,Randall,Texas,48381.0,1045,7.0,19.0,,,,-0.15000001
328727,2020-07-11,Randall,Texas,48381.0,1045,7.0,0.0,,,,-0.13
328728,2020-07-12,Randall,Texas,48381.0,1045,7.0,0.0,,,,-0.17900001
328729,2020-07-13,Randall,Texas,48381.0,1105,7.0,60.0,,,,-0.25600001
328730,2020-07-14,Randall,Texas,48381.0,1133,7.0,28.0,,,,-0.212
328731,2020-07-15,Randall,Texas,48381.0,1166,7.0,33.0,,,,-0.10800000000000001
328732,2020-07-16,Randall,Texas,48381.0,1208,7.0,42.0,,,,-0.094099998
328733,2020-07-17,Randall,Texas,48381.0,1260,7.0,52.0,,,,-0.109
328734,2020-07-18,Randall,Texas,48381.0,1260,7.0,0.0,,,,-0.10400000000000001
328735,2020-07-19,Randall,Texas,48381.0,1260,7.0,0.0,,,,-0.109
328736,2020-07-20,Randall,Texas,48381.0,1307,13.0,47.0,,,,-0.133
328737,2020-07-21,Randall,Texas,48381.0,1355,15.0,48.0,,,,-0.15000001
328738,2020-07-22,Randall,Texas,48381.0,1394,16.0,39.0,,,,-0.131
328739,2020-07-23,Randall,Texas,48381.0,1424,17.0,30.0,,,,-0.163
328740,2020-07-24,Randall,Texas,48381.0,1442,17.0,18.0,,,,-0.177
328741,2020-07-25,Randall,Texas,48381.0,1442,17.0,0.0,,,,-0.18700001
328742,2020-07-26,Randall,Texas,48381.0,1442,17.0,0.0,,,,-0.14399999
328743,2020-07-27,Randall,Texas,48381.0,1477,18.0,35.0,,,,-0.14300001
328744,2020-07-28,Randall,Texas,48381.0,1505,18.0,28.0,,,,-0.22499999
328745,2020-07-29,Randall,Texas,48381.0,1528,21.0,23.0,,,,-0.28600001
328746,2020-07-30,Randall,Texas,48381.0,1558,21.0,30.0,,,,-0.215
328747,2020-07-31,Randall,Texas,48381.0,1586,21.0,28.0,,,,-0.109
328748,2020-08-01,Randall,Texas,48381.0,1586,21.0,0.0,,,,-0.13500001
328749,2020-08-02,Randall,Texas,48381.0,1586,21.0,0.0,,,,-0.22899999999999998
328750,2020-08-03,Randall,Texas,48381.0,1623,22.0,37.0,,,,-0.18700001
328751,2020-08-04,Randall,Texas,48381.0,1646,23.0,23.0,,,,-0.10400000000000001
328752,2020-08-05,Randall,Texas,48381.0,1683,23.0,37.0,,,,-0.09399999699999999
328753,2020-08-06,Randall,Texas,48381.0,1714,23.0,31.0,,,,-0.14
328754,2020-08-07,Randall,Texas,48381.0,1725,23.0,11.0,,,,-0.20100001
328755,2020-08-08,Randall,Texas,48381.0,1725,23.0,0.0,,,,-0.17800000000000002
328756,2020-08-09,Randall,Texas,48381.0,1725,23.0,0.0,,,,-0.13600001
328757,2020-08-10,Randall,Texas,48381.0,1725,23.0,0.0,,,,-0.105
328758,2020-08-11,Randall,Texas,48381.0,1765,24.0,40.0,,,,-0.07530000099999999
328759,2020-08-12,Randall,Texas,48381.0,1804,25.0,39.0,,,,-0.11
328760,2020-08-13,Randall,Texas,48381.0,1847,26.0,43.0,,,,-0.0623
328761,2020-08-14,Randall,Texas,48381.0,1899,27.0,52.0,,,,0.0113
328762,2020-08-15,Randall,Texas,48381.0,1899,27.0,0.0,,,,-0.0116
328763,2020-08-16,Randall,Texas,48381.0,1899,27.0,0.0,,,,-0.028100001
328764,2020-08-17,Randall,Texas,48381.0,1927,28.0,28.0,,,,-0.11199999999999999
328765,2020-08-18,Randall,Texas,48381.0,1978,28.0,51.0,,,,-0.17800000000000002
328766,2020-08-19,Randall,Texas,48381.0,1992,30.0,14.0,,,,-0.106
328767,2020-08-20,Randall,Texas,48381.0,2010,30.0,18.0,,,,-0.17399999
328768,2020-08-21,Randall,Texas,48381.0,2042,30.0,32.0,,,,-0.204
328769,2020-08-22,Randall,Texas,48381.0,2042,30.0,0.0,,,,-0.183
328770,2020-08-23,Randall,Texas,48381.0,2042,30.0,0.0,,,,-0.16899999999999998
328771,2020-08-24,Randall,Texas,48381.0,2077,32.0,35.0,,,,-0.152
328772,2020-08-25,Randall,Texas,48381.0,2102,33.0,25.0,,,,-0.20299999
328773,2020-08-26,Randall,Texas,48381.0,2125,33.0,23.0,,,,-0.23100001
328774,2020-08-27,Randall,Texas,48381.0,2152,33.0,27.0,,,,-0.14300001
328775,2020-08-28,Randall,Texas,48381.0,2168,33.0,16.0,,,,-0.14800000000000002
328776,2020-08-29,Randall,Texas,48381.0,2168,33.0,0.0,,,,-0.15800001
328777,2020-08-30,Randall,Texas,48381.0,2168,33.0,0.0,,,,-0.18700001
328778,2020-08-31,Randall,Texas,48381.0,2187,33.0,19.0,,,,-0.171
328779,2020-09-01,Randall,Texas,48381.0,2236,34.0,49.0,,,,-0.0876
328780,2020-09-02,Randall,Texas,48381.0,2252,34.0,16.0,,,,-0.09489999699999999
328781,2020-09-03,Randall,Texas,48381.0,2303,35.0,51.0,,,,-0.13600001
328782,2020-09-04,Randall,Texas,48381.0,2323,35.0,20.0,,,,-0.153
328783,2020-09-05,Randall,Texas,48381.0,2323,35.0,0.0,,,,-0.149
328784,2020-09-06,Randall,Texas,48381.0,2323,35.0,0.0,,,,-0.026799998999999998
328785,2020-09-07,Randall,Texas,48381.0,2323,35.0,0.0,,,,-0.032600001
328786,2020-09-08,Randall,Texas,48381.0,2341,35.0,18.0,,,,-0.061700001
328787,2020-09-09,Randall,Texas,48381.0,2366,35.0,25.0,,,,-0.17
328788,2020-09-10,Randall,Texas,48381.0,2395,35.0,29.0,,,,-0.133
328789,2020-09-11,Randall,Texas,48381.0,2426,35.0,31.0,,,,-0.063100003
328790,2020-09-12,Randall,Texas,48381.0,2426,35.0,0.0,,,,-0.107
328791,2020-09-13,Randall,Texas,48381.0,2426,35.0,0.0,,,,-0.149
328792,2020-09-14,Randall,Texas,48381.0,2455,35.0,29.0,,,,-0.18000001
328793,2020-09-15,Randall,Texas,48381.0,2515,35.0,60.0,,,,-0.141
328794,2020-09-16,Randall,Texas,48381.0,2553,36.0,38.0,,,,-0.138
328795,2020-09-17,Randall,Texas,48381.0,2568,37.0,15.0,,,,-0.155
328796,2020-09-18,Randall,Texas,48381.0,2612,37.0,44.0,,,,-0.198
328797,2020-09-19,Randall,Texas,48381.0,2612,37.0,0.0,,,,-0.16
328798,2020-09-20,Randall,Texas,48381.0,2612,37.0,0.0,,,,-0.111
328799,2020-09-21,Randall,Texas,48381.0,2649,38.0,37.0,,,,-0.16500001
328800,2020-09-22,Randall,Texas,48381.0,2722,38.0,73.0,,,,-0.214
328801,2020-09-23,Randall,Texas,48381.0,2767,38.0,45.0,,,,-0.20600000000000002
328802,2020-09-24,Randall,Texas,48381.0,2794,40.0,27.0,,,,-0.17
328803,2020-09-25,Randall,Texas,48381.0,2833,40.0,39.0,,,,-0.09489999699999999
328804,2020-09-26,Randall,Texas,48381.0,2833,41.0,0.0,,,,-0.122
328805,2020-09-27,Randall,Texas,48381.0,2833,41.0,0.0,,,,-0.185
328806,2020-09-28,Randall,Texas,48381.0,2918,42.0,85.0,,,,-0.122
328807,2020-09-29,Randall,Texas,48381.0,2982,42.0,64.0,,,,-0.139
328808,2020-09-30,Randall,Texas,48381.0,3045,42.0,63.0,,,,-0.15099999
328809,2020-10-01,Randall,Texas,48381.0,3135,43.0,90.0,,,,-0.07289999700000001
328810,2020-10-02,Randall,Texas,48381.0,3193,44.0,58.0,,,,-0.10300000000000001
328811,2020-10-03,Randall,Texas,48381.0,3193,45.0,0.0,,,,-0.13699999
328812,2020-10-04,Randall,Texas,48381.0,3193,45.0,0.0,,,,-0.091399997
328813,2020-10-05,Randall,Texas,48381.0,3250,45.0,57.0,,,,-0.055599999000000004
328814,2020-10-06,Randall,Texas,48381.0,3335,48.0,85.0,,,,-0.038699999
328815,2020-10-07,Randall,Texas,48381.0,3404,48.0,69.0,,,,-0.0425
328816,2020-10-08,Randall,Texas,48381.0,3575,48.0,171.0,,,,-0.13600001
328817,2020-10-09,Randall,Texas,48381.0,3659,49.0,84.0,,,,-0.133
328818,2020-10-10,Randall,Texas,48381.0,3659,49.0,0.0,,,,-0.08940000099999999
328819,2020-10-11,Randall,Texas,48381.0,3659,49.0,0.0,,,,-0.106
328820,2020-10-12,Randall,Texas,48381.0,3802,49.0,143.0,,,,-0.14399999
328821,2020-10-13,Randall,Texas,48381.0,3955,50.0,153.0,,,,-0.036499999
328822,2020-10-14,Randall,Texas,48381.0,4100,50.0,145.0,,,,-0.0126
328823,2020-10-15,Randall,Texas,48381.0,4188,52.0,88.0,,,,-0.0051799999
328824,2020-10-16,Randall,Texas,48381.0,4291,53.0,103.0,,,,0.0069800001
328825,2020-10-17,Randall,Texas,48381.0,4291,53.0,0.0,,,,-0.0092000002
328826,2020-10-18,Randall,Texas,48381.0,4291,53.0,0.0,,,,0.021600001
328827,2020-10-19,Randall,Texas,48381.0,4406,53.0,115.0,,,,0.0436
328828,2020-10-20,Randall,Texas,48381.0,4532,53.0,126.0,,,,-0.045699999000000005
328829,2020-10-21,Randall,Texas,48381.0,4662,55.0,130.0,,,,-0.098499998
328830,2020-10-22,Randall,Texas,48381.0,4762,56.0,100.0,,,,-0.06570000200000001
328831,2020-10-23,Randall,Texas,48381.0,4883,56.0,121.0,,,,-0.0682
328832,2020-10-24,Randall,Texas,48381.0,4883,56.0,0.0,,,,-0.034299999
328833,2020-10-25,Randall,Texas,48381.0,4883,56.0,0.0,,,,-0.0154
328834,2020-10-26,Randall,Texas,48381.0,5049,56.0,166.0,,,,-0.11199999999999999
328835,2020-10-27,Randall,Texas,48381.0,5218,56.0,169.0,,,,-0.23199999
328836,2020-10-28,Randall,Texas,48381.0,5218,56.0,0.0,,,,-0.257
328837,2020-10-29,Randall,Texas,48381.0,5327,59.0,109.0,,,,-0.23999999
328838,2020-10-30,Randall,Texas,48381.0,5483,60.0,156.0,,,,-0.184
328839,2020-10-31,Randall,Texas,48381.0,5483,60.0,0.0,,,,-0.235
328840,2020-11-01,Randall,Texas,48381.0,5483,60.0,0.0,,,,-0.273
328841,2020-11-02,Randall,Texas,48381.0,5906,61.0,423.0,,,,-0.16500001
328842,2020-11-03,Randall,Texas,48381.0,6212,62.0,306.0,,,,-0.0603
328843,2020-11-04,Randall,Texas,48381.0,6508,62.0,296.0,,,,-0.0113
328844,2020-11-05,Randall,Texas,48381.0,6715,63.0,207.0,,,,-0.042100001
328845,2020-11-06,Randall,Texas,48381.0,6950,66.0,235.0,,,,-0.0766
328846,2020-11-07,Randall,Texas,48381.0,6950,66.0,0.0,,,,-0.0088
328847,2020-11-08,Randall,Texas,48381.0,6950,66.0,0.0,,,,-0.027100001000000002
328848,2020-11-09,Randall,Texas,48381.0,7192,66.0,242.0,,,,-0.0845
328849,2020-11-10,Randall,Texas,48381.0,7467,70.0,275.0,,,,-0.055100000999999996
328850,2020-11-11,Randall,Texas,48381.0,7467,70.0,0.0,,,,-0.0037600000000000003
328851,2020-11-12,Randall,Texas,48381.0,7882,77.0,415.0,,,,-0.06580000400000001
328852,2020-11-13,Randall,Texas,48381.0,8083,83.0,201.0,,,,-0.10099999999999999
328853,2020-11-14,Randall,Texas,48381.0,8083,83.0,0.0,,,,-0.09470000099999999
328854,2020-11-15,Randall,Texas,48381.0,8083,83.0,0.0,,,,-0.043900002
328855,2020-11-16,Randall,Texas,48381.0,8405,85.0,322.0,,,,-0.016000001
328856,2020-11-17,Randall,Texas,48381.0,8661,87.0,256.0,,,,-0.037900001
328857,2020-11-18,Randall,Texas,48381.0,8837,88.0,176.0,,,,-0.051199999
328858,2020-11-19,Randall,Texas,48381.0,9040,93.0,203.0,,,,-0.085299999
328859,2020-11-20,Randall,Texas,48381.0,9326,100.0,286.0,,,,-0.094599999
328860,2020-11-21,Randall,Texas,48381.0,9326,100.0,0.0,,,,-0.054499999
328861,2020-11-22,Randall,Texas,48381.0,9326,100.0,0.0,,,,-0.053100000999999994
