,date,county,state,fips,cases,deaths,new_cases,emp_combined,emp_combined_inclow,revenue_all,spend_all
329550,2020-03-18,Rusk,Texas,48401.0,1,0.0,0.0,,,,0.066600002
329551,2020-03-19,Rusk,Texas,48401.0,1,0.0,0.0,,,,0.052900000999999995
329552,2020-03-20,Rusk,Texas,48401.0,1,0.0,0.0,,,,0.00248
329553,2020-03-21,Rusk,Texas,48401.0,1,0.0,0.0,,,,-0.0218
329554,2020-03-22,Rusk,Texas,48401.0,1,0.0,0.0,,,,-0.030300001
329555,2020-03-23,Rusk,Texas,48401.0,1,0.0,0.0,,,,-0.056400001
329556,2020-03-24,Rusk,Texas,48401.0,1,0.0,0.0,,,,-0.115
329557,2020-03-25,Rusk,Texas,48401.0,1,0.0,0.0,,,,-0.12800001
329558,2020-03-26,Rusk,Texas,48401.0,2,0.0,1.0,,,,-0.15899999
329559,2020-03-27,Rusk,Texas,48401.0,2,0.0,0.0,,,,-0.193
329560,2020-03-28,Rusk,Texas,48401.0,2,0.0,0.0,,,,-0.20299999
329561,2020-03-29,Rusk,Texas,48401.0,3,0.0,1.0,,,,-0.213
329562,2020-03-30,Rusk,Texas,48401.0,3,0.0,0.0,,,,-0.207
329563,2020-03-31,Rusk,Texas,48401.0,3,0.0,0.0,,,,-0.19599999
329564,2020-04-01,Rusk,Texas,48401.0,5,0.0,2.0,,,,-0.177
329565,2020-04-02,Rusk,Texas,48401.0,6,0.0,1.0,,,,-0.16899999999999998
329566,2020-04-03,Rusk,Texas,48401.0,7,0.0,1.0,,,,-0.126
329567,2020-04-04,Rusk,Texas,48401.0,11,0.0,4.0,,,,-0.11699999999999999
329568,2020-04-05,Rusk,Texas,48401.0,12,0.0,1.0,,,,-0.10400000000000001
329569,2020-04-06,Rusk,Texas,48401.0,12,0.0,0.0,,,,-0.069600001
329570,2020-04-07,Rusk,Texas,48401.0,12,0.0,0.0,,,,-0.068300001
329571,2020-04-08,Rusk,Texas,48401.0,12,0.0,0.0,,,,-0.070299998
329572,2020-04-09,Rusk,Texas,48401.0,14,0.0,2.0,,,,-0.0469
329573,2020-04-10,Rusk,Texas,48401.0,14,0.0,0.0,,,,-0.065399997
329574,2020-04-11,Rusk,Texas,48401.0,14,0.0,0.0,,,,-0.059300002000000004
329575,2020-04-12,Rusk,Texas,48401.0,16,0.0,2.0,,,,-0.084399998
329576,2020-04-13,Rusk,Texas,48401.0,15,0.0,-1.0,,,,-0.0757
329577,2020-04-14,Rusk,Texas,48401.0,16,0.0,1.0,,,,-0.076399997
329578,2020-04-15,Rusk,Texas,48401.0,17,0.0,1.0,,,,-0.0305
329579,2020-04-16,Rusk,Texas,48401.0,24,0.0,7.0,,,,0.0127
329580,2020-04-17,Rusk,Texas,48401.0,25,1.0,1.0,,,,0.0266
329581,2020-04-18,Rusk,Texas,48401.0,27,1.0,2.0,,,,0.041200001
329582,2020-04-19,Rusk,Texas,48401.0,27,1.0,0.0,,,,0.041299999
329583,2020-04-20,Rusk,Texas,48401.0,27,1.0,0.0,,,,0.0309
329584,2020-04-21,Rusk,Texas,48401.0,27,1.0,0.0,,,,0.080200002
329585,2020-04-22,Rusk,Texas,48401.0,28,1.0,1.0,,,,0.0231
329586,2020-04-23,Rusk,Texas,48401.0,28,1.0,0.0,,,,-0.028899999
329587,2020-04-24,Rusk,Texas,48401.0,30,1.0,2.0,,,,-0.0241
329588,2020-04-25,Rusk,Texas,48401.0,30,1.0,0.0,,,,-0.0263
329589,2020-04-26,Rusk,Texas,48401.0,32,1.0,2.0,,,,-0.0011399999000000001
329590,2020-04-27,Rusk,Texas,48401.0,32,1.0,0.0,,,,-0.0057399999
329591,2020-04-28,Rusk,Texas,48401.0,33,1.0,1.0,,,,-0.042300001
329592,2020-04-29,Rusk,Texas,48401.0,33,1.0,0.0,,,,0.0018800000000000002
329593,2020-04-30,Rusk,Texas,48401.0,35,1.0,2.0,,,,0.0046299999
329594,2020-05-01,Rusk,Texas,48401.0,36,1.0,1.0,,,,0.0363
329595,2020-05-02,Rusk,Texas,48401.0,36,1.0,0.0,,,,0.065899998
329596,2020-05-03,Rusk,Texas,48401.0,36,1.0,0.0,,,,0.068000004
329597,2020-05-04,Rusk,Texas,48401.0,36,1.0,0.0,,,,0.095299996
329598,2020-05-05,Rusk,Texas,48401.0,38,1.0,2.0,,,,0.125
329599,2020-05-06,Rusk,Texas,48401.0,39,1.0,1.0,,,,0.11699999999999999
329600,2020-05-07,Rusk,Texas,48401.0,40,1.0,1.0,,,,0.142
329601,2020-05-08,Rusk,Texas,48401.0,40,1.0,0.0,,,,0.14300001
329602,2020-05-09,Rusk,Texas,48401.0,40,1.0,0.0,,,,0.155
329603,2020-05-10,Rusk,Texas,48401.0,40,1.0,0.0,,,,0.15899999
329604,2020-05-11,Rusk,Texas,48401.0,40,1.0,0.0,,,,0.13500001
329605,2020-05-12,Rusk,Texas,48401.0,40,1.0,0.0,,,,0.127
329606,2020-05-13,Rusk,Texas,48401.0,40,1.0,0.0,,,,0.13600001
329607,2020-05-14,Rusk,Texas,48401.0,40,1.0,0.0,,,,0.11800000000000001
329608,2020-05-15,Rusk,Texas,48401.0,40,1.0,0.0,,,,0.096199997
329609,2020-05-16,Rusk,Texas,48401.0,42,1.0,2.0,,,,0.068099998
329610,2020-05-17,Rusk,Texas,48401.0,42,1.0,0.0,,,,0.09920000300000001
329611,2020-05-18,Rusk,Texas,48401.0,42,1.0,0.0,,,,0.11900000000000001
329612,2020-05-19,Rusk,Texas,48401.0,42,2.0,0.0,,,,0.114
329613,2020-05-20,Rusk,Texas,48401.0,42,2.0,0.0,,,,0.115
329614,2020-05-21,Rusk,Texas,48401.0,42,2.0,0.0,,,,0.121
329615,2020-05-22,Rusk,Texas,48401.0,42,2.0,0.0,,,,0.125
329616,2020-05-23,Rusk,Texas,48401.0,42,2.0,0.0,,,,0.11199999999999999
329617,2020-05-24,Rusk,Texas,48401.0,43,2.0,1.0,,,,0.064999998
329618,2020-05-25,Rusk,Texas,48401.0,43,2.0,0.0,,,,0.041200001
329619,2020-05-26,Rusk,Texas,48401.0,44,2.0,1.0,,,,0.046
329620,2020-05-27,Rusk,Texas,48401.0,44,2.0,0.0,,,,0.0416
329621,2020-05-28,Rusk,Texas,48401.0,45,2.0,1.0,,,,0.050000000999999995
329622,2020-05-29,Rusk,Texas,48401.0,45,2.0,0.0,,,,0.058600001
329623,2020-05-30,Rusk,Texas,48401.0,52,2.0,7.0,,,,0.072300002
329624,2020-05-31,Rusk,Texas,48401.0,55,2.0,3.0,,,,0.10400000000000001
329625,2020-06-01,Rusk,Texas,48401.0,55,2.0,0.0,,,,0.11599999999999999
329626,2020-06-02,Rusk,Texas,48401.0,56,2.0,1.0,,,,0.13600001
329627,2020-06-03,Rusk,Texas,48401.0,57,2.0,1.0,,,,0.14399999
329628,2020-06-04,Rusk,Texas,48401.0,59,2.0,2.0,,,,0.13500001
329629,2020-06-05,Rusk,Texas,48401.0,60,2.0,1.0,,,,0.13500001
329630,2020-06-06,Rusk,Texas,48401.0,63,2.0,3.0,,,,0.14800000000000002
329631,2020-06-07,Rusk,Texas,48401.0,64,2.0,1.0,,,,0.17200001
329632,2020-06-08,Rusk,Texas,48401.0,64,2.0,0.0,,,,0.19599999
329633,2020-06-09,Rusk,Texas,48401.0,67,2.0,3.0,,,,0.17600000000000002
329634,2020-06-10,Rusk,Texas,48401.0,65,2.0,-2.0,,,,0.17399999
329635,2020-06-11,Rusk,Texas,48401.0,68,2.0,3.0,,,,0.183
329636,2020-06-12,Rusk,Texas,48401.0,68,2.0,0.0,,,,0.18000001
329637,2020-06-13,Rusk,Texas,48401.0,70,2.0,2.0,,,,0.15700001
329638,2020-06-14,Rusk,Texas,48401.0,70,2.0,0.0,,,,0.115
329639,2020-06-15,Rusk,Texas,48401.0,128,2.0,58.0,,,,0.125
329640,2020-06-16,Rusk,Texas,48401.0,232,2.0,104.0,,,,0.13600001
329641,2020-06-17,Rusk,Texas,48401.0,233,2.0,1.0,,,,0.132
329642,2020-06-18,Rusk,Texas,48401.0,241,2.0,8.0,,,,0.162
329643,2020-06-19,Rusk,Texas,48401.0,245,2.0,4.0,,,,0.16899999999999998
329644,2020-06-20,Rusk,Texas,48401.0,250,2.0,5.0,,,,0.18600000000000003
329645,2020-06-21,Rusk,Texas,48401.0,250,2.0,0.0,,,,0.192
329646,2020-06-22,Rusk,Texas,48401.0,250,2.0,0.0,,,,0.17299999
329647,2020-06-23,Rusk,Texas,48401.0,253,2.0,3.0,,,,0.15000001
329648,2020-06-24,Rusk,Texas,48401.0,253,2.0,0.0,,,,0.124
329649,2020-06-25,Rusk,Texas,48401.0,262,2.0,9.0,,,,0.040800001
329650,2020-06-26,Rusk,Texas,48401.0,265,3.0,3.0,,,,-0.050500002
329651,2020-06-27,Rusk,Texas,48401.0,264,3.0,-1.0,,,,-0.054299999
329652,2020-06-28,Rusk,Texas,48401.0,264,3.0,0.0,,,,-0.072499998
329653,2020-06-29,Rusk,Texas,48401.0,266,3.0,2.0,,,,-0.07540000200000001
329654,2020-06-30,Rusk,Texas,48401.0,268,3.0,2.0,,,,-0.074900001
329655,2020-07-01,Rusk,Texas,48401.0,277,3.0,9.0,,,,-0.044000000000000004
329656,2020-07-02,Rusk,Texas,48401.0,279,3.0,2.0,,,,-0.015
329657,2020-07-03,Rusk,Texas,48401.0,281,3.0,2.0,,,,0.0788
329658,2020-07-04,Rusk,Texas,48401.0,273,3.0,-8.0,,,,0.058800001
329659,2020-07-05,Rusk,Texas,48401.0,283,3.0,10.0,,,,0.028100001
329660,2020-07-06,Rusk,Texas,48401.0,283,3.0,0.0,,,,0.07980000200000001
329661,2020-07-07,Rusk,Texas,48401.0,289,3.0,6.0,,,,0.084299996
329662,2020-07-08,Rusk,Texas,48401.0,292,3.0,3.0,,,,0.063100003
329663,2020-07-09,Rusk,Texas,48401.0,266,3.0,-26.0,,,,0.0112
329664,2020-07-10,Rusk,Texas,48401.0,249,3.0,-17.0,,,,0.042399999
329665,2020-07-11,Rusk,Texas,48401.0,251,3.0,2.0,,,,0.027799999
329666,2020-07-12,Rusk,Texas,48401.0,253,3.0,2.0,,,,0.049199997999999995
329667,2020-07-13,Rusk,Texas,48401.0,263,3.0,10.0,,,,0.046500001
329668,2020-07-14,Rusk,Texas,48401.0,264,3.0,1.0,,,,0.056400001
329669,2020-07-15,Rusk,Texas,48401.0,263,3.0,-1.0,,,,0.09099999800000001
329670,2020-07-16,Rusk,Texas,48401.0,250,3.0,-13.0,,,,0.12800001
329671,2020-07-17,Rusk,Texas,48401.0,269,3.0,19.0,,,,0.134
329672,2020-07-18,Rusk,Texas,48401.0,270,3.0,1.0,,,,0.153
329673,2020-07-19,Rusk,Texas,48401.0,271,3.0,1.0,,,,0.14300001
329674,2020-07-20,Rusk,Texas,48401.0,260,3.0,-11.0,,,,0.153
329675,2020-07-21,Rusk,Texas,48401.0,265,3.0,5.0,,,,0.13
329676,2020-07-22,Rusk,Texas,48401.0,280,3.0,15.0,,,,0.10800000000000001
329677,2020-07-23,Rusk,Texas,48401.0,292,3.0,12.0,,,,0.105
329678,2020-07-24,Rusk,Texas,48401.0,288,3.0,-4.0,,,,0.11800000000000001
329679,2020-07-25,Rusk,Texas,48401.0,294,3.0,6.0,,,,0.111
329680,2020-07-26,Rusk,Texas,48401.0,295,3.0,1.0,,,,0.11199999999999999
329681,2020-07-27,Rusk,Texas,48401.0,300,8.0,5.0,,,,0.121
329682,2020-07-28,Rusk,Texas,48401.0,320,8.0,20.0,,,,0.12800001
329683,2020-07-29,Rusk,Texas,48401.0,325,8.0,5.0,,,,0.132
329684,2020-07-30,Rusk,Texas,48401.0,328,2.0,3.0,,,,0.132
329685,2020-07-31,Rusk,Texas,48401.0,323,2.0,-5.0,,,,0.147
329686,2020-08-01,Rusk,Texas,48401.0,332,2.0,9.0,,,,0.153
329687,2020-08-02,Rusk,Texas,48401.0,334,2.0,2.0,,,,0.14399999
329688,2020-08-03,Rusk,Texas,48401.0,334,2.0,0.0,,,,0.142
329689,2020-08-04,Rusk,Texas,48401.0,338,2.0,4.0,,,,0.161
329690,2020-08-05,Rusk,Texas,48401.0,341,2.0,3.0,,,,0.16500001
329691,2020-08-06,Rusk,Texas,48401.0,354,2.0,13.0,,,,0.14800000000000002
329692,2020-08-07,Rusk,Texas,48401.0,366,2.0,12.0,,,,0.142
329693,2020-08-08,Rusk,Texas,48401.0,369,2.0,3.0,,,,0.147
329694,2020-08-09,Rusk,Texas,48401.0,369,2.0,0.0,,,,0.16599999
329695,2020-08-10,Rusk,Texas,48401.0,370,2.0,1.0,,,,0.126
329696,2020-08-11,Rusk,Texas,48401.0,377,2.0,7.0,,,,0.121
329697,2020-08-12,Rusk,Texas,48401.0,384,2.0,7.0,,,,0.126
329698,2020-08-13,Rusk,Texas,48401.0,396,2.0,12.0,,,,0.12800001
329699,2020-08-14,Rusk,Texas,48401.0,398,2.0,2.0,,,,0.111
329700,2020-08-15,Rusk,Texas,48401.0,398,2.0,0.0,,,,0.11599999999999999
329701,2020-08-16,Rusk,Texas,48401.0,398,2.0,0.0,,,,0.13600001
329702,2020-08-17,Rusk,Texas,48401.0,398,2.0,0.0,,,,0.154
329703,2020-08-18,Rusk,Texas,48401.0,409,2.0,11.0,,,,0.15899999
329704,2020-08-19,Rusk,Texas,48401.0,420,3.0,11.0,,,,0.15700001
329705,2020-08-20,Rusk,Texas,48401.0,433,3.0,13.0,,,,0.18099999
329706,2020-08-21,Rusk,Texas,48401.0,440,3.0,7.0,,,,0.18000001
329707,2020-08-22,Rusk,Texas,48401.0,444,3.0,4.0,,,,0.171
329708,2020-08-23,Rusk,Texas,48401.0,444,3.0,0.0,,,,0.141
329709,2020-08-24,Rusk,Texas,48401.0,446,3.0,2.0,,,,0.139
329710,2020-08-25,Rusk,Texas,48401.0,556,4.0,110.0,,,,0.134
329711,2020-08-26,Rusk,Texas,48401.0,700,4.0,144.0,,,,0.156
329712,2020-08-27,Rusk,Texas,48401.0,709,4.0,9.0,,,,0.13600001
329713,2020-08-28,Rusk,Texas,48401.0,718,4.0,9.0,,,,0.12
329714,2020-08-29,Rusk,Texas,48401.0,719,4.0,1.0,,,,0.115
329715,2020-08-30,Rusk,Texas,48401.0,720,4.0,1.0,,,,0.111
329716,2020-08-31,Rusk,Texas,48401.0,705,4.0,-15.0,,,,0.113
329717,2020-09-01,Rusk,Texas,48401.0,713,5.0,8.0,,,,0.093000002
329718,2020-09-02,Rusk,Texas,48401.0,714,5.0,1.0,,,,0.07299999900000001
329719,2020-09-03,Rusk,Texas,48401.0,716,5.0,2.0,,,,0.121
329720,2020-09-04,Rusk,Texas,48401.0,732,5.0,16.0,,,,0.124
329721,2020-09-05,Rusk,Texas,48401.0,739,5.0,7.0,,,,0.12800001
329722,2020-09-06,Rusk,Texas,48401.0,739,5.0,0.0,,,,0.20100001
329723,2020-09-07,Rusk,Texas,48401.0,740,5.0,1.0,,,,0.16399999999999998
329724,2020-09-08,Rusk,Texas,48401.0,744,5.0,4.0,,,,0.11800000000000001
329725,2020-09-09,Rusk,Texas,48401.0,762,6.0,18.0,,,,0.132
329726,2020-09-10,Rusk,Texas,48401.0,762,6.0,0.0,,,,0.125
329727,2020-09-11,Rusk,Texas,48401.0,790,6.0,28.0,,,,0.11800000000000001
329728,2020-09-12,Rusk,Texas,48401.0,793,6.0,3.0,,,,0.13
329729,2020-09-13,Rusk,Texas,48401.0,830,6.0,37.0,,,,0.11699999999999999
329730,2020-09-14,Rusk,Texas,48401.0,831,6.0,1.0,,,,0.127
329731,2020-09-15,Rusk,Texas,48401.0,839,6.0,8.0,,,,0.154
329732,2020-09-16,Rusk,Texas,48401.0,846,6.0,7.0,,,,0.154
329733,2020-09-17,Rusk,Texas,48401.0,849,6.0,3.0,,,,0.177
329734,2020-09-18,Rusk,Texas,48401.0,867,6.0,18.0,,,,0.16899999999999998
329735,2020-09-19,Rusk,Texas,48401.0,877,7.0,10.0,,,,0.184
329736,2020-09-20,Rusk,Texas,48401.0,878,7.0,1.0,,,,0.20999999
329737,2020-09-21,Rusk,Texas,48401.0,883,7.0,5.0,,,,0.20600000000000002
329738,2020-09-22,Rusk,Texas,48401.0,894,9.0,11.0,,,,0.18899999999999997
329739,2020-09-23,Rusk,Texas,48401.0,900,10.0,6.0,,,,0.21899999999999997
329740,2020-09-24,Rusk,Texas,48401.0,914,11.0,14.0,,,,0.24699999
329741,2020-09-25,Rusk,Texas,48401.0,914,11.0,0.0,,,,0.257
329742,2020-09-26,Rusk,Texas,48401.0,960,11.0,46.0,,,,0.24100000000000002
329743,2020-09-27,Rusk,Texas,48401.0,960,11.0,0.0,,,,0.23199999
329744,2020-09-28,Rusk,Texas,48401.0,962,11.0,2.0,,,,0.25400001
329745,2020-09-29,Rusk,Texas,48401.0,964,11.0,2.0,,,,0.249
329746,2020-09-30,Rusk,Texas,48401.0,972,11.0,8.0,,,,0.192
329747,2020-10-01,Rusk,Texas,48401.0,967,11.0,-5.0,,,,0.13699999
329748,2020-10-02,Rusk,Texas,48401.0,965,11.0,-2.0,,,,0.155
329749,2020-10-03,Rusk,Texas,48401.0,965,12.0,0.0,,,,0.15000001
329750,2020-10-04,Rusk,Texas,48401.0,965,12.0,0.0,,,,0.14
329751,2020-10-05,Rusk,Texas,48401.0,964,12.0,-1.0,,,,0.138
329752,2020-10-06,Rusk,Texas,48401.0,965,17.0,1.0,,,,0.15099999
329753,2020-10-07,Rusk,Texas,48401.0,958,18.0,-7.0,,,,0.17
329754,2020-10-08,Rusk,Texas,48401.0,950,19.0,-8.0,,,,0.20900001
329755,2020-10-09,Rusk,Texas,48401.0,948,19.0,-2.0,,,,0.278
329756,2020-10-10,Rusk,Texas,48401.0,948,19.0,0.0,,,,0.31099999
329757,2020-10-11,Rusk,Texas,48401.0,948,19.0,0.0,,,,0.33399999
329758,2020-10-12,Rusk,Texas,48401.0,961,19.0,13.0,,,,0.32100001
329759,2020-10-13,Rusk,Texas,48401.0,970,20.0,9.0,,,,0.317
329760,2020-10-14,Rusk,Texas,48401.0,961,20.0,-9.0,,,,0.28400001
329761,2020-10-15,Rusk,Texas,48401.0,962,20.0,1.0,,,,0.294
329762,2020-10-16,Rusk,Texas,48401.0,953,20.0,-9.0,,,,0.191
329763,2020-10-17,Rusk,Texas,48401.0,955,20.0,2.0,,,,0.15899999
329764,2020-10-18,Rusk,Texas,48401.0,955,20.0,0.0,,,,0.134
329765,2020-10-19,Rusk,Texas,48401.0,954,20.0,-1.0,,,,0.12800001
329766,2020-10-20,Rusk,Texas,48401.0,984,21.0,30.0,,,,0.122
329767,2020-10-21,Rusk,Texas,48401.0,990,21.0,6.0,,,,0.122
329768,2020-10-22,Rusk,Texas,48401.0,990,21.0,0.0,,,,0.106
329769,2020-10-23,Rusk,Texas,48401.0,990,21.0,0.0,,,,0.11199999999999999
329770,2020-10-24,Rusk,Texas,48401.0,992,21.0,2.0,,,,0.13600001
329771,2020-10-25,Rusk,Texas,48401.0,992,21.0,0.0,,,,0.13699999
329772,2020-10-26,Rusk,Texas,48401.0,995,23.0,3.0,,,,0.121
329773,2020-10-27,Rusk,Texas,48401.0,1008,23.0,13.0,,,,0.131
329774,2020-10-28,Rusk,Texas,48401.0,1029,23.0,21.0,,,,0.11900000000000001
329775,2020-10-29,Rusk,Texas,48401.0,1028,23.0,-1.0,,,,0.11900000000000001
329776,2020-10-30,Rusk,Texas,48401.0,1036,25.0,8.0,,,,0.131
329777,2020-10-31,Rusk,Texas,48401.0,1042,26.0,6.0,,,,0.132
329778,2020-11-01,Rusk,Texas,48401.0,1044,27.0,2.0,,,,0.11699999999999999
329779,2020-11-02,Rusk,Texas,48401.0,1052,27.0,8.0,,,,0.12800001
329780,2020-11-03,Rusk,Texas,48401.0,1057,28.0,5.0,,,,0.16
329781,2020-11-04,Rusk,Texas,48401.0,1057,28.0,0.0,,,,0.17299999
329782,2020-11-05,Rusk,Texas,48401.0,1060,28.0,3.0,,,,0.16699999999999998
329783,2020-11-06,Rusk,Texas,48401.0,1061,28.0,1.0,,,,0.153
329784,2020-11-07,Rusk,Texas,48401.0,1061,28.0,0.0,,,,0.171
329785,2020-11-08,Rusk,Texas,48401.0,1059,29.0,-2.0,,,,0.18899999999999997
329786,2020-11-09,Rusk,Texas,48401.0,1059,29.0,0.0,,,,0.191
329787,2020-11-10,Rusk,Texas,48401.0,1072,29.0,13.0,,,,0.16399999999999998
329788,2020-11-11,Rusk,Texas,48401.0,1073,29.0,1.0,,,,0.17800000000000002
329789,2020-11-12,Rusk,Texas,48401.0,1076,29.0,3.0,,,,0.161
329790,2020-11-13,Rusk,Texas,48401.0,1092,29.0,16.0,,,,0.185
329791,2020-11-14,Rusk,Texas,48401.0,1092,29.0,0.0,,,,0.185
329792,2020-11-15,Rusk,Texas,48401.0,1115,29.0,23.0,,,,0.19
329793,2020-11-16,Rusk,Texas,48401.0,1116,29.0,1.0,,,,0.183
329794,2020-11-17,Rusk,Texas,48401.0,1139,29.0,23.0,,,,0.17299999
329795,2020-11-18,Rusk,Texas,48401.0,1146,29.0,7.0,,,,0.18700001
329796,2020-11-19,Rusk,Texas,48401.0,1144,29.0,-2.0,,,,0.20999999
329797,2020-11-20,Rusk,Texas,48401.0,1161,30.0,17.0,,,,0.198
329798,2020-11-21,Rusk,Texas,48401.0,1176,30.0,15.0,,,,0.18000001
329799,2020-11-22,Rusk,Texas,48401.0,1178,30.0,2.0,,,,0.17900001
