,date,county,state,fips,cases,deaths,new_cases,emp_combined,emp_combined_inclow,revenue_all,spend_all
331277,2020-03-27,Taylor,Texas,48441.0,1,0.0,0.0,,,,-0.149
331278,2020-03-28,Taylor,Texas,48441.0,2,0.0,1.0,,,,-0.18099999
331279,2020-03-29,Taylor,Texas,48441.0,7,0.0,5.0,,,,-0.18600000000000003
331280,2020-03-30,Taylor,Texas,48441.0,7,0.0,0.0,,,,-0.198
331281,2020-03-31,Taylor,Texas,48441.0,11,0.0,4.0,,,,-0.214
331282,2020-04-01,Taylor,Texas,48441.0,14,0.0,3.0,,,,-0.20200001
331283,2020-04-02,Taylor,Texas,48441.0,14,0.0,0.0,,,,-0.212
331284,2020-04-03,Taylor,Texas,48441.0,18,0.0,4.0,,,,-0.205
331285,2020-04-04,Taylor,Texas,48441.0,23,1.0,5.0,,,,-0.20999999
331286,2020-04-05,Taylor,Texas,48441.0,27,1.0,4.0,,,,-0.22
331287,2020-04-06,Taylor,Texas,48441.0,27,1.0,0.0,,,,-0.21899999999999997
331288,2020-04-07,Taylor,Texas,48441.0,31,1.0,4.0,,,,-0.205
331289,2020-04-08,Taylor,Texas,48441.0,31,1.0,0.0,,,,-0.20800000000000002
331290,2020-04-09,Taylor,Texas,48441.0,31,1.0,0.0,,,,-0.19699999999999998
331291,2020-04-10,Taylor,Texas,48441.0,51,1.0,20.0,,,,-0.183
331292,2020-04-11,Taylor,Texas,48441.0,55,1.0,4.0,,,,-0.156
331293,2020-04-12,Taylor,Texas,48441.0,59,1.0,4.0,,,,-0.168
331294,2020-04-13,Taylor,Texas,48441.0,68,1.0,9.0,,,,-0.14300001
331295,2020-04-14,Taylor,Texas,48441.0,74,1.0,6.0,,,,-0.142
331296,2020-04-15,Taylor,Texas,48441.0,74,2.0,0.0,,,,-0.107
331297,2020-04-16,Taylor,Texas,48441.0,79,2.0,5.0,,,,-0.0449
331298,2020-04-17,Taylor,Texas,48441.0,89,2.0,10.0,,,,-0.039900001000000004
331299,2020-04-18,Taylor,Texas,48441.0,142,2.0,53.0,,,,-0.039700001
331300,2020-04-19,Taylor,Texas,48441.0,142,2.0,0.0,,,,-0.024800001000000002
331301,2020-04-20,Taylor,Texas,48441.0,144,2.0,2.0,,,,-0.030400001
331302,2020-04-21,Taylor,Texas,48441.0,164,3.0,20.0,,,,-0.0154
331303,2020-04-22,Taylor,Texas,48441.0,164,2.0,0.0,,,,-0.018200001
331304,2020-04-23,Taylor,Texas,48441.0,191,3.0,27.0,,,,-0.0209
331305,2020-04-24,Taylor,Texas,48441.0,191,3.0,0.0,,,,-0.0244
331306,2020-04-25,Taylor,Texas,48441.0,203,3.0,12.0,,,,-0.015
331307,2020-04-26,Taylor,Texas,48441.0,216,3.0,13.0,,,,0.0080399998
331308,2020-04-27,Taylor,Texas,48441.0,255,3.0,39.0,,,,0.0132
331309,2020-04-28,Taylor,Texas,48441.0,277,3.0,22.0,,,,-0.0348
331310,2020-04-29,Taylor,Texas,48441.0,291,5.0,14.0,,,,-0.023800001
331311,2020-04-30,Taylor,Texas,48441.0,319,5.0,28.0,,,,-0.032000002
331312,2020-05-01,Taylor,Texas,48441.0,319,5.0,0.0,,,,-0.0197
331313,2020-05-02,Taylor,Texas,48441.0,327,5.0,8.0,,,,-0.0109
331314,2020-05-03,Taylor,Texas,48441.0,348,5.0,21.0,,,,-0.0143
331315,2020-05-04,Taylor,Texas,48441.0,349,5.0,1.0,,,,0.0275
331316,2020-05-05,Taylor,Texas,48441.0,378,6.0,29.0,,,,0.053800002
331317,2020-05-06,Taylor,Texas,48441.0,378,6.0,0.0,,,,0.054699998
331318,2020-05-07,Taylor,Texas,48441.0,382,6.0,4.0,,,,0.033399999
331319,2020-05-08,Taylor,Texas,48441.0,384,6.0,2.0,,,,0.024499998999999998
331320,2020-05-09,Taylor,Texas,48441.0,384,6.0,0.0,,,,0.036800001
331321,2020-05-10,Taylor,Texas,48441.0,384,6.0,0.0,,,,0.047499999
331322,2020-05-11,Taylor,Texas,48441.0,386,6.0,2.0,,,,-0.0022100001
331323,2020-05-12,Taylor,Texas,48441.0,389,6.0,3.0,,,,-0.0141
331324,2020-05-13,Taylor,Texas,48441.0,390,6.0,1.0,,,,0.0104
331325,2020-05-14,Taylor,Texas,48441.0,391,6.0,1.0,,,,0.0319
331326,2020-05-15,Taylor,Texas,48441.0,393,6.0,2.0,,,,0.041499997999999996
331327,2020-05-16,Taylor,Texas,48441.0,393,6.0,0.0,,,,0.040199999
331328,2020-05-17,Taylor,Texas,48441.0,393,6.0,0.0,,,,0.060600000999999994
331329,2020-05-18,Taylor,Texas,48441.0,393,6.0,0.0,,,,0.082900003
331330,2020-05-19,Taylor,Texas,48441.0,400,6.0,7.0,,,,0.08550000199999999
331331,2020-05-20,Taylor,Texas,48441.0,400,6.0,0.0,,,,0.082500003
331332,2020-05-21,Taylor,Texas,48441.0,400,6.0,0.0,,,,0.08209999700000001
331333,2020-05-22,Taylor,Texas,48441.0,322,5.0,-78.0,,,,0.09390000300000001
331334,2020-05-23,Taylor,Texas,48441.0,322,5.0,0.0,,,,0.10300000000000001
331335,2020-05-24,Taylor,Texas,48441.0,322,5.0,0.0,,,,0.065399997
331336,2020-05-25,Taylor,Texas,48441.0,322,5.0,0.0,,,,0.0286
331337,2020-05-26,Taylor,Texas,48441.0,324,5.0,2.0,,,,0.0337
331338,2020-05-27,Taylor,Texas,48441.0,325,5.0,1.0,,,,0.023499999
331339,2020-05-28,Taylor,Texas,48441.0,326,5.0,1.0,,,,0.027000001000000003
331340,2020-05-29,Taylor,Texas,48441.0,328,5.0,2.0,,,,0.0339
331341,2020-05-30,Taylor,Texas,48441.0,328,5.0,0.0,,,,0.0242
331342,2020-05-31,Taylor,Texas,48441.0,328,5.0,0.0,,,,0.0009490000099999999
331343,2020-06-01,Taylor,Texas,48441.0,328,5.0,0.0,,,,0.038400002
331344,2020-06-02,Taylor,Texas,48441.0,335,5.0,7.0,,,,0.084600002
331345,2020-06-03,Taylor,Texas,48441.0,336,5.0,1.0,,,,0.0175
331346,2020-06-04,Taylor,Texas,48441.0,339,5.0,3.0,,,,0.0106
331347,2020-06-05,Taylor,Texas,48441.0,340,5.0,1.0,,,,0.0078099999
331348,2020-06-06,Taylor,Texas,48441.0,340,5.0,0.0,,,,0.00124
331349,2020-06-07,Taylor,Texas,48441.0,340,5.0,0.0,,,,0.039500002
331350,2020-06-08,Taylor,Texas,48441.0,341,5.0,1.0,,,,0.0012000001
331351,2020-06-09,Taylor,Texas,48441.0,342,5.0,1.0,,,,-0.037599999
331352,2020-06-10,Taylor,Texas,48441.0,343,5.0,1.0,,,,0.0185
331353,2020-06-11,Taylor,Texas,48441.0,343,5.0,0.0,,,,0.034000002
331354,2020-06-12,Taylor,Texas,48441.0,346,5.0,3.0,,,,0.021400001000000002
331355,2020-06-13,Taylor,Texas,48441.0,346,5.0,0.0,,,,0.0045500002
331356,2020-06-14,Taylor,Texas,48441.0,349,5.0,3.0,,,,-0.017999999
331357,2020-06-15,Taylor,Texas,48441.0,349,5.0,0.0,,,,0.0028299999
331358,2020-06-16,Taylor,Texas,48441.0,353,5.0,4.0,,,,0.0045500002
331359,2020-06-17,Taylor,Texas,48441.0,355,5.0,2.0,,,,-0.0073099998
331360,2020-06-18,Taylor,Texas,48441.0,355,5.0,0.0,,,,-0.0090500005
331361,2020-06-19,Taylor,Texas,48441.0,372,5.0,17.0,,,,0.0053599998
331362,2020-06-20,Taylor,Texas,48441.0,372,5.0,0.0,,,,0.034400001
331363,2020-06-21,Taylor,Texas,48441.0,376,5.0,4.0,,,,0.0513
331364,2020-06-22,Taylor,Texas,48441.0,392,5.0,16.0,,,,0.032699998
331365,2020-06-23,Taylor,Texas,48441.0,407,5.0,15.0,,,,0.0043100002000000005
331366,2020-06-24,Taylor,Texas,48441.0,412,5.0,5.0,,,,0.0015199999999999999
331367,2020-06-25,Taylor,Texas,48441.0,421,5.0,9.0,,,,-0.02
331368,2020-06-26,Taylor,Texas,48441.0,433,5.0,12.0,,,,-0.0305
331369,2020-06-27,Taylor,Texas,48441.0,433,5.0,0.0,,,,-0.035
331370,2020-06-28,Taylor,Texas,48441.0,440,5.0,7.0,,,,-0.048700001
331371,2020-06-29,Taylor,Texas,48441.0,460,5.0,20.0,,,,-0.050799999000000005
331372,2020-06-30,Taylor,Texas,48441.0,494,5.0,34.0,,,,-0.052200000999999996
331373,2020-07-01,Taylor,Texas,48441.0,517,5.0,23.0,,,,-0.040899999
331374,2020-07-02,Taylor,Texas,48441.0,540,6.0,23.0,,,,-0.0284
331375,2020-07-03,Taylor,Texas,48441.0,540,6.0,0.0,,,,-0.040800001
331376,2020-07-04,Taylor,Texas,48441.0,580,6.0,40.0,,,,-0.044599999
331377,2020-07-05,Taylor,Texas,48441.0,588,6.0,8.0,,,,-0.0361
331378,2020-07-06,Taylor,Texas,48441.0,637,6.0,49.0,,,,0.0104
331379,2020-07-07,Taylor,Texas,48441.0,667,6.0,30.0,,,,0.0283
331380,2020-07-08,Taylor,Texas,48441.0,691,6.0,24.0,,,,0.0136
331381,2020-07-09,Taylor,Texas,48441.0,716,7.0,25.0,,,,0.0057700002
331382,2020-07-10,Taylor,Texas,48441.0,748,7.0,32.0,,,,0.041099999
331383,2020-07-11,Taylor,Texas,48441.0,748,7.0,0.0,,,,0.0298
331384,2020-07-12,Taylor,Texas,48441.0,802,7.0,54.0,,,,0.027799999
331385,2020-07-13,Taylor,Texas,48441.0,844,7.0,42.0,,,,-0.00021699999
331386,2020-07-14,Taylor,Texas,48441.0,888,9.0,44.0,,,,-0.0112
331387,2020-07-15,Taylor,Texas,48441.0,909,10.0,21.0,,,,0.0053099999
331388,2020-07-16,Taylor,Texas,48441.0,929,11.0,20.0,,,,0.0099999998
331389,2020-07-17,Taylor,Texas,48441.0,973,11.0,44.0,,,,-0.037599999
331390,2020-07-18,Taylor,Texas,48441.0,973,11.0,0.0,,,,-0.0296
331391,2020-07-19,Taylor,Texas,48441.0,985,11.0,12.0,,,,-0.033500001
331392,2020-07-20,Taylor,Texas,48441.0,998,11.0,13.0,,,,-0.023700001000000002
331393,2020-07-21,Taylor,Texas,48441.0,1041,11.0,43.0,,,,-0.016100001
331394,2020-07-22,Taylor,Texas,48441.0,1054,13.0,13.0,,,,-0.033
331395,2020-07-23,Taylor,Texas,48441.0,1070,13.0,16.0,,,,-0.0006670000099999999
331396,2020-07-24,Taylor,Texas,48441.0,1080,14.0,10.0,,,,0.0233
331397,2020-07-25,Taylor,Texas,48441.0,1080,14.0,0.0,,,,0.020400001
331398,2020-07-26,Taylor,Texas,48441.0,1101,14.0,21.0,,,,0.0383
331399,2020-07-27,Taylor,Texas,48441.0,1113,16.0,12.0,,,,0.0244
331400,2020-07-28,Taylor,Texas,48441.0,1130,16.0,17.0,,,,0.0263
331401,2020-07-29,Taylor,Texas,48441.0,1669,17.0,539.0,,,,0.0407
331402,2020-07-30,Taylor,Texas,48441.0,1721,18.0,52.0,,,,-0.0004959999900000001
331403,2020-07-31,Taylor,Texas,48441.0,1740,19.0,19.0,,,,0.0118
331404,2020-08-01,Taylor,Texas,48441.0,1740,19.0,0.0,,,,-0.020300001
331405,2020-08-02,Taylor,Texas,48441.0,1740,19.0,0.0,,,,-0.04769999900000001
331406,2020-08-03,Taylor,Texas,48441.0,1777,19.0,37.0,,,,0.0036200001
331407,2020-08-04,Taylor,Texas,48441.0,1777,21.0,0.0,,,,0.021400001000000002
331408,2020-08-05,Taylor,Texas,48441.0,1799,21.0,22.0,,,,0.0111
331409,2020-08-06,Taylor,Texas,48441.0,1815,22.0,16.0,,,,0.0272
331410,2020-08-07,Taylor,Texas,48441.0,1832,23.0,17.0,,,,0.0132
331411,2020-08-08,Taylor,Texas,48441.0,1832,23.0,0.0,,,,0.0484
331412,2020-08-09,Taylor,Texas,48441.0,1832,23.0,0.0,,,,0.060199998
331413,2020-08-10,Taylor,Texas,48441.0,1849,23.0,17.0,,,,0.025800001
331414,2020-08-11,Taylor,Texas,48441.0,1872,27.0,23.0,,,,0.019400001
331415,2020-08-12,Taylor,Texas,48441.0,1879,28.0,7.0,,,,0.038800001
331416,2020-08-13,Taylor,Texas,48441.0,1899,28.0,20.0,,,,0.0162
331417,2020-08-14,Taylor,Texas,48441.0,1929,28.0,30.0,,,,0.021600001
331418,2020-08-15,Taylor,Texas,48441.0,1929,29.0,0.0,,,,0.00027300001
331419,2020-08-16,Taylor,Texas,48441.0,1929,29.0,0.0,,,,0.009859999599999999
331420,2020-08-17,Taylor,Texas,48441.0,1947,29.0,18.0,,,,0.0087000001
331421,2020-08-18,Taylor,Texas,48441.0,1967,30.0,20.0,,,,-0.00012300001
331422,2020-08-19,Taylor,Texas,48441.0,2001,30.0,34.0,,,,0.0027600001
331423,2020-08-20,Taylor,Texas,48441.0,2035,31.0,34.0,,,,0.024900001
331424,2020-08-21,Taylor,Texas,48441.0,2069,31.0,34.0,,,,0.041099999
331425,2020-08-22,Taylor,Texas,48441.0,2069,32.0,0.0,,,,0.076399997
331426,2020-08-23,Taylor,Texas,48441.0,2069,32.0,0.0,,,,0.09929999699999999
331427,2020-08-24,Taylor,Texas,48441.0,2368,32.0,299.0,,,,0.086099997
331428,2020-08-25,Taylor,Texas,48441.0,2387,33.0,19.0,,,,0.096100003
331429,2020-08-26,Taylor,Texas,48441.0,2402,33.0,15.0,,,,0.115
331430,2020-08-27,Taylor,Texas,48441.0,2424,33.0,22.0,,,,0.11199999999999999
331431,2020-08-28,Taylor,Texas,48441.0,2469,34.0,45.0,,,,0.11199999999999999
331432,2020-08-29,Taylor,Texas,48441.0,2469,34.0,0.0,,,,0.099699996
331433,2020-08-30,Taylor,Texas,48441.0,2469,34.0,0.0,,,,0.044199999000000004
331434,2020-08-31,Taylor,Texas,48441.0,2504,35.0,35.0,,,,0.0297
331435,2020-09-01,Taylor,Texas,48441.0,2518,35.0,14.0,,,,0.037700001000000004
331436,2020-09-02,Taylor,Texas,48441.0,2537,35.0,19.0,,,,0.053199999000000005
331437,2020-09-03,Taylor,Texas,48441.0,2567,37.0,30.0,,,,0.071199998
331438,2020-09-04,Taylor,Texas,48441.0,2584,37.0,17.0,,,,0.036600001
331439,2020-09-05,Taylor,Texas,48441.0,2584,37.0,0.0,,,,0.0251
331440,2020-09-06,Taylor,Texas,48441.0,2584,37.0,0.0,,,,0.146
331441,2020-09-07,Taylor,Texas,48441.0,2584,37.0,0.0,,,,0.114
331442,2020-09-08,Taylor,Texas,48441.0,2633,40.0,49.0,,,,0.082199998
331443,2020-09-09,Taylor,Texas,48441.0,2645,41.0,12.0,,,,-0.0647
331444,2020-09-10,Taylor,Texas,48441.0,2687,41.0,42.0,,,,-0.064000003
331445,2020-09-11,Taylor,Texas,48441.0,2709,43.0,22.0,,,,-0.0647
331446,2020-09-12,Taylor,Texas,48441.0,2709,43.0,0.0,,,,-0.0748
331447,2020-09-13,Taylor,Texas,48441.0,2709,44.0,0.0,,,,-0.076800004
331448,2020-09-14,Taylor,Texas,48441.0,2734,48.0,25.0,,,,-0.097099997
331449,2020-09-15,Taylor,Texas,48441.0,2762,48.0,28.0,,,,-0.08950000300000001
331450,2020-09-16,Taylor,Texas,48441.0,2781,50.0,19.0,,,,-0.047800000999999995
331451,2020-09-17,Taylor,Texas,48441.0,2812,51.0,31.0,,,,-0.0073099998
331452,2020-09-18,Taylor,Texas,48441.0,2847,51.0,35.0,,,,-0.0129
331453,2020-09-19,Taylor,Texas,48441.0,2847,51.0,0.0,,,,0.019300001
331454,2020-09-20,Taylor,Texas,48441.0,2847,51.0,0.0,,,,0.0261
331455,2020-09-21,Taylor,Texas,48441.0,2888,52.0,41.0,,,,0.0561
331456,2020-09-22,Taylor,Texas,48441.0,2915,52.0,27.0,,,,0.048599999000000005
331457,2020-09-23,Taylor,Texas,48441.0,2944,52.0,29.0,,,,0.049800000999999997
331458,2020-09-24,Taylor,Texas,48441.0,2982,54.0,38.0,,,,0.068499997
331459,2020-09-25,Taylor,Texas,48441.0,3011,54.0,29.0,,,,0.080899999
331460,2020-09-26,Taylor,Texas,48441.0,3011,55.0,0.0,,,,0.071900003
331461,2020-09-27,Taylor,Texas,48441.0,3011,55.0,0.0,,,,0.102
331462,2020-09-28,Taylor,Texas,48441.0,3070,55.0,59.0,,,,0.10300000000000001
331463,2020-09-29,Taylor,Texas,48441.0,3070,55.0,0.0,,,,0.11
331464,2020-09-30,Taylor,Texas,48441.0,3070,56.0,0.0,,,,0.08060000099999999
331465,2020-10-01,Taylor,Texas,48441.0,3153,58.0,83.0,,,,0.053800002
331466,2020-10-02,Taylor,Texas,48441.0,3184,58.0,31.0,,,,0.051100001
331467,2020-10-03,Taylor,Texas,48441.0,3184,58.0,0.0,,,,0.036499999
331468,2020-10-04,Taylor,Texas,48441.0,3184,58.0,0.0,,,,0.0229
331469,2020-10-05,Taylor,Texas,48441.0,3253,58.0,69.0,,,,0.029899999
331470,2020-10-06,Taylor,Texas,48441.0,3287,59.0,34.0,,,,0.028999999
331471,2020-10-07,Taylor,Texas,48441.0,3323,59.0,36.0,,,,0.021500001
331472,2020-10-08,Taylor,Texas,48441.0,3377,60.0,54.0,,,,0.0128
331473,2020-10-09,Taylor,Texas,48441.0,3446,60.0,69.0,,,,0.0077900002
331474,2020-10-10,Taylor,Texas,48441.0,3446,61.0,0.0,,,,0.0009280000199999999
331475,2020-10-11,Taylor,Texas,48441.0,3446,61.0,0.0,,,,-0.0041899998
331476,2020-10-12,Taylor,Texas,48441.0,3518,61.0,72.0,,,,-0.0276
331477,2020-10-13,Taylor,Texas,48441.0,3605,61.0,87.0,,,,-0.0082599996
331478,2020-10-14,Taylor,Texas,48441.0,3690,61.0,85.0,,,,0.032000002
331479,2020-10-15,Taylor,Texas,48441.0,3753,62.0,63.0,,,,0.0469
331480,2020-10-16,Taylor,Texas,48441.0,3814,62.0,61.0,,,,0.051899999
331481,2020-10-17,Taylor,Texas,48441.0,3814,62.0,0.0,,,,0.054099999
331482,2020-10-18,Taylor,Texas,48441.0,3814,62.0,0.0,,,,0.06570000200000001
331483,2020-10-19,Taylor,Texas,48441.0,3893,64.0,79.0,,,,0.053800002
331484,2020-10-20,Taylor,Texas,48441.0,3965,65.0,72.0,,,,0.0557
331485,2020-10-21,Taylor,Texas,48441.0,3965,65.0,0.0,,,,0.0361
331486,2020-10-22,Taylor,Texas,48441.0,4103,66.0,138.0,,,,0.034699999
331487,2020-10-23,Taylor,Texas,48441.0,4138,66.0,35.0,,,,0.0264
331488,2020-10-24,Taylor,Texas,48441.0,4138,66.0,0.0,,,,0.061500002000000005
331489,2020-10-25,Taylor,Texas,48441.0,4138,66.0,0.0,,,,0.065200001
331490,2020-10-26,Taylor,Texas,48441.0,4387,69.0,249.0,,,,0.060400002
331491,2020-10-27,Taylor,Texas,48441.0,4445,69.0,58.0,,,,0.0071700001
331492,2020-10-28,Taylor,Texas,48441.0,4512,70.0,67.0,,,,0.00923
331493,2020-10-29,Taylor,Texas,48441.0,4606,72.0,94.0,,,,0.0265
331494,2020-10-30,Taylor,Texas,48441.0,4723,74.0,117.0,,,,0.009750000200000001
331495,2020-10-31,Taylor,Texas,48441.0,4723,74.0,0.0,,,,0.063699998
331496,2020-11-01,Taylor,Texas,48441.0,4723,74.0,0.0,,,,-0.0124
331497,2020-11-02,Taylor,Texas,48441.0,4933,76.0,210.0,,,,0.0080500003
331498,2020-11-03,Taylor,Texas,48441.0,5040,76.0,107.0,,,,0.0254
331499,2020-11-04,Taylor,Texas,48441.0,5162,79.0,122.0,,,,0.076399997
331500,2020-11-05,Taylor,Texas,48441.0,5287,82.0,125.0,,,,0.06710000299999999
331501,2020-11-06,Taylor,Texas,48441.0,5410,82.0,123.0,,,,0.021
331502,2020-11-07,Taylor,Texas,48441.0,5410,82.0,0.0,,,,0.04769999900000001
331503,2020-11-08,Taylor,Texas,48441.0,5410,82.0,0.0,,,,0.12
331504,2020-11-09,Taylor,Texas,48441.0,5410,82.0,0.0,,,,0.111
331505,2020-11-10,Taylor,Texas,48441.0,5770,85.0,360.0,,,,0.075000003
331506,2020-11-11,Taylor,Texas,48441.0,5770,85.0,0.0,,,,0.121
331507,2020-11-12,Taylor,Texas,48441.0,5770,85.0,0.0,,,,0.076899998
331508,2020-11-13,Taylor,Texas,48441.0,6111,88.0,341.0,,,,0.102
331509,2020-11-14,Taylor,Texas,48441.0,6111,88.0,0.0,,,,0.072300002
331510,2020-11-15,Taylor,Texas,48441.0,6111,88.0,0.0,,,,0.047600000999999996
331511,2020-11-16,Taylor,Texas,48441.0,6515,88.0,404.0,,,,0.043000000999999996
331512,2020-11-17,Taylor,Texas,48441.0,6601,89.0,86.0,,,,0.046
331513,2020-11-18,Taylor,Texas,48441.0,6697,93.0,96.0,,,,0.069300003
331514,2020-11-19,Taylor,Texas,48441.0,6838,98.0,141.0,,,,0.062399998
331515,2020-11-20,Taylor,Texas,48441.0,6948,100.0,110.0,,,,0.059500001
331516,2020-11-21,Taylor,Texas,48441.0,6948,103.0,0.0,,,,0.074299999
331517,2020-11-22,Taylor,Texas,48441.0,6948,103.0,0.0,,,,0.088699996
