,date,county,state,fips,cases,deaths,new_cases,emp_combined,emp_combined_inclow,revenue_all,spend_all
332239,2020-03-19,Van Zandt,Texas,48467.0,1,0.0,0.0,,,,-0.134
332240,2020-03-20,Van Zandt,Texas,48467.0,1,0.0,0.0,,,,-0.20100001
332241,2020-03-21,Van Zandt,Texas,48467.0,1,0.0,0.0,,,,-0.14800000000000002
332242,2020-03-22,Van Zandt,Texas,48467.0,1,0.0,0.0,,,,-0.088600002
332243,2020-03-23,Van Zandt,Texas,48467.0,1,0.0,0.0,,,,-0.0779
332244,2020-03-24,Van Zandt,Texas,48467.0,1,0.0,0.0,,,,-0.10400000000000001
332245,2020-03-25,Van Zandt,Texas,48467.0,1,0.0,0.0,,,,-0.163
332246,2020-03-26,Van Zandt,Texas,48467.0,1,0.0,0.0,,,,-0.25799999
332247,2020-03-27,Van Zandt,Texas,48467.0,1,0.0,0.0,,,,-0.28099999
332248,2020-03-28,Van Zandt,Texas,48467.0,1,0.0,0.0,,,,-0.205
332249,2020-03-29,Van Zandt,Texas,48467.0,1,1.0,0.0,,,,-0.255
332250,2020-03-30,Van Zandt,Texas,48467.0,2,1.0,1.0,,,,-0.28200001
332251,2020-03-31,Van Zandt,Texas,48467.0,2,1.0,0.0,,,,-0.35100001
332252,2020-04-01,Van Zandt,Texas,48467.0,2,1.0,0.0,,,,-0.46299999999999997
332253,2020-04-02,Van Zandt,Texas,48467.0,3,1.0,1.0,,,,-0.25799999
332254,2020-04-03,Van Zandt,Texas,48467.0,3,1.0,0.0,,,,-0.053399999000000004
332255,2020-04-04,Van Zandt,Texas,48467.0,3,1.0,0.0,,,,-0.25999999
332256,2020-04-05,Van Zandt,Texas,48467.0,4,1.0,1.0,,,,-0.25999999
332257,2020-04-06,Van Zandt,Texas,48467.0,7,1.0,3.0,,,,-0.054200001
332258,2020-04-07,Van Zandt,Texas,48467.0,7,1.0,0.0,,,,0.154
332259,2020-04-08,Van Zandt,Texas,48467.0,7,1.0,0.0,,,,-0.068899997
332260,2020-04-09,Van Zandt,Texas,48467.0,8,1.0,1.0,,,,-0.30399999
332261,2020-04-10,Van Zandt,Texas,48467.0,10,1.0,2.0,,,,-0.38800001
332262,2020-04-11,Van Zandt,Texas,48467.0,10,1.0,0.0,,,,-0.287
332263,2020-04-12,Van Zandt,Texas,48467.0,10,1.0,0.0,,,,-0.33700001
332264,2020-04-13,Van Zandt,Texas,48467.0,10,1.0,0.0,,,,-0.46000001
332265,2020-04-14,Van Zandt,Texas,48467.0,10,1.0,0.0,,,,-0.264
332266,2020-04-15,Van Zandt,Texas,48467.0,10,1.0,0.0,,,,-0.124
332267,2020-04-16,Van Zandt,Texas,48467.0,11,1.0,1.0,,,,0.105
332268,2020-04-17,Van Zandt,Texas,48467.0,11,1.0,0.0,,,,0.044599999
332269,2020-04-18,Van Zandt,Texas,48467.0,12,1.0,1.0,,,,-0.13500001
332270,2020-04-19,Van Zandt,Texas,48467.0,12,1.0,0.0,,,,-0.20100001
332271,2020-04-20,Van Zandt,Texas,48467.0,12,1.0,0.0,,,,-0.14300001
332272,2020-04-21,Van Zandt,Texas,48467.0,12,1.0,0.0,,,,-0.214
332273,2020-04-22,Van Zandt,Texas,48467.0,13,1.0,1.0,,,,-0.46799999
332274,2020-04-23,Van Zandt,Texas,48467.0,13,1.0,0.0,,,,-0.43399999
332275,2020-04-24,Van Zandt,Texas,48467.0,13,1.0,0.0,,,,-0.366
332276,2020-04-25,Van Zandt,Texas,48467.0,13,1.0,0.0,,,,-0.259
332277,2020-04-26,Van Zandt,Texas,48467.0,13,1.0,0.0,,,,-0.245
332278,2020-04-27,Van Zandt,Texas,48467.0,13,1.0,0.0,,,,-0.35299999
332279,2020-04-28,Van Zandt,Texas,48467.0,14,1.0,1.0,,,,-0.33899999
332280,2020-04-29,Van Zandt,Texas,48467.0,14,1.0,0.0,,,,-0.259
332281,2020-04-30,Van Zandt,Texas,48467.0,14,1.0,0.0,,,,-0.25400001
332282,2020-05-01,Van Zandt,Texas,48467.0,15,1.0,1.0,,,,-0.308
332283,2020-05-02,Van Zandt,Texas,48467.0,16,1.0,1.0,,,,-0.34799999
332284,2020-05-03,Van Zandt,Texas,48467.0,16,1.0,0.0,,,,-0.255
332285,2020-05-04,Van Zandt,Texas,48467.0,16,1.0,0.0,,,,-0.0352
332286,2020-05-05,Van Zandt,Texas,48467.0,16,1.0,0.0,,,,0.028899999
332287,2020-05-06,Van Zandt,Texas,48467.0,18,1.0,2.0,,,,-0.061000001
332288,2020-05-07,Van Zandt,Texas,48467.0,18,1.0,0.0,,,,-0.09830000300000001
332289,2020-05-08,Van Zandt,Texas,48467.0,18,1.0,0.0,,,,-0.139
332290,2020-05-09,Van Zandt,Texas,48467.0,18,1.0,0.0,,,,-0.069700003
332291,2020-05-10,Van Zandt,Texas,48467.0,18,1.0,0.0,,,,-0.11800000000000001
332292,2020-05-11,Van Zandt,Texas,48467.0,18,1.0,0.0,,,,-0.308
332293,2020-05-12,Van Zandt,Texas,48467.0,18,1.0,0.0,,,,-0.33500001
332294,2020-05-13,Van Zandt,Texas,48467.0,22,1.0,4.0,,,,-0.26699999
332295,2020-05-14,Van Zandt,Texas,48467.0,22,1.0,0.0,,,,-0.22400001
332296,2020-05-15,Van Zandt,Texas,48467.0,22,1.0,0.0,,,,-0.054900002
332297,2020-05-16,Van Zandt,Texas,48467.0,22,1.0,0.0,,,,-0.133
332298,2020-05-17,Van Zandt,Texas,48467.0,22,1.0,0.0,,,,-0.171
332299,2020-05-18,Van Zandt,Texas,48467.0,22,1.0,0.0,,,,0.028200001000000002
332300,2020-05-19,Van Zandt,Texas,48467.0,23,1.0,1.0,,,,0.127
332301,2020-05-20,Van Zandt,Texas,48467.0,24,1.0,1.0,,,,0.0251
332302,2020-05-21,Van Zandt,Texas,48467.0,25,1.0,1.0,,,,0.0030799999
332303,2020-05-22,Van Zandt,Texas,48467.0,25,1.0,0.0,,,,-0.0229
332304,2020-05-23,Van Zandt,Texas,48467.0,26,1.0,1.0,,,,-0.0189
332305,2020-05-24,Van Zandt,Texas,48467.0,26,1.0,0.0,,,,-0.168
332306,2020-05-25,Van Zandt,Texas,48467.0,26,1.0,0.0,,,,-0.22
332307,2020-05-26,Van Zandt,Texas,48467.0,26,1.0,0.0,,,,-0.294
332308,2020-05-27,Van Zandt,Texas,48467.0,30,1.0,4.0,,,,-0.28999999
332309,2020-05-28,Van Zandt,Texas,48467.0,30,1.0,0.0,,,,-0.287
332310,2020-05-29,Van Zandt,Texas,48467.0,30,1.0,0.0,,,,-0.34299999
332311,2020-05-30,Van Zandt,Texas,48467.0,31,1.0,1.0,,,,-0.287
332312,2020-05-31,Van Zandt,Texas,48467.0,31,1.0,0.0,,,,-0.11900000000000001
332313,2020-06-01,Van Zandt,Texas,48467.0,31,1.0,0.0,,,,-0.192
332314,2020-06-02,Van Zandt,Texas,48467.0,34,1.0,3.0,,,,-0.242
332315,2020-06-03,Van Zandt,Texas,48467.0,35,1.0,1.0,,,,-0.26800001
332316,2020-06-04,Van Zandt,Texas,48467.0,35,1.0,0.0,,,,-0.32899999999999996
332317,2020-06-05,Van Zandt,Texas,48467.0,37,1.0,2.0,,,,-0.28400001
332318,2020-06-06,Van Zandt,Texas,48467.0,39,1.0,2.0,,,,-0.222
332319,2020-06-07,Van Zandt,Texas,48467.0,39,1.0,0.0,,,,-0.213
332320,2020-06-08,Van Zandt,Texas,48467.0,39,1.0,0.0,,,,-0.21699999
332321,2020-06-09,Van Zandt,Texas,48467.0,40,1.0,1.0,,,,-0.29100001
332322,2020-06-10,Van Zandt,Texas,48467.0,41,1.0,1.0,,,,-0.25299999
332323,2020-06-11,Van Zandt,Texas,48467.0,44,1.0,3.0,,,,-0.182
332324,2020-06-12,Van Zandt,Texas,48467.0,44,1.0,0.0,,,,-0.081500001
332325,2020-06-13,Van Zandt,Texas,48467.0,46,1.0,2.0,,,,-0.161
332326,2020-06-14,Van Zandt,Texas,48467.0,46,1.0,0.0,,,,-0.16
332327,2020-06-15,Van Zandt,Texas,48467.0,46,1.0,0.0,,,,-0.133
332328,2020-06-16,Van Zandt,Texas,48467.0,52,1.0,6.0,,,,-0.035100002000000005
332329,2020-06-17,Van Zandt,Texas,48467.0,53,1.0,1.0,,,,-0.032400001
332330,2020-06-18,Van Zandt,Texas,48467.0,52,1.0,-1.0,,,,-0.126
332331,2020-06-19,Van Zandt,Texas,48467.0,54,3.0,2.0,,,,-0.15800001
332332,2020-06-20,Van Zandt,Texas,48467.0,54,3.0,0.0,,,,-0.20600000000000002
332333,2020-06-21,Van Zandt,Texas,48467.0,54,3.0,0.0,,,,-0.22
332334,2020-06-22,Van Zandt,Texas,48467.0,54,3.0,0.0,,,,-0.245
332335,2020-06-23,Van Zandt,Texas,48467.0,59,3.0,5.0,,,,-0.29600000000000004
332336,2020-06-24,Van Zandt,Texas,48467.0,59,3.0,0.0,,,,-0.257
332337,2020-06-25,Van Zandt,Texas,48467.0,65,3.0,6.0,,,,-0.32600001
332338,2020-06-26,Van Zandt,Texas,48467.0,71,3.0,6.0,,,,-0.27500001
332339,2020-06-27,Van Zandt,Texas,48467.0,71,3.0,0.0,,,,-0.213
332340,2020-06-28,Van Zandt,Texas,48467.0,78,3.0,7.0,,,,-0.226
332341,2020-06-29,Van Zandt,Texas,48467.0,78,3.0,0.0,,,,-0.13
332342,2020-06-30,Van Zandt,Texas,48467.0,85,3.0,7.0,,,,-0.0232
332343,2020-07-01,Van Zandt,Texas,48467.0,91,3.0,6.0,,,,-0.24100000000000002
332344,2020-07-02,Van Zandt,Texas,48467.0,98,3.0,7.0,,,,-0.163
332345,2020-07-03,Van Zandt,Texas,48467.0,101,3.0,3.0,,,,-0.162
332346,2020-07-04,Van Zandt,Texas,48467.0,101,3.0,0.0,,,,-0.235
332347,2020-07-05,Van Zandt,Texas,48467.0,112,3.0,11.0,,,,-0.17299999
332348,2020-07-06,Van Zandt,Texas,48467.0,112,3.0,0.0,,,,-0.221
332349,2020-07-07,Van Zandt,Texas,48467.0,127,3.0,15.0,,,,-0.264
332350,2020-07-08,Van Zandt,Texas,48467.0,150,3.0,23.0,,,,-0.177
332351,2020-07-09,Van Zandt,Texas,48467.0,158,3.0,8.0,,,,-0.273
332352,2020-07-10,Van Zandt,Texas,48467.0,167,3.0,9.0,,,,-0.21600001
332353,2020-07-11,Van Zandt,Texas,48467.0,182,3.0,15.0,,,,-0.21899999999999997
332354,2020-07-12,Van Zandt,Texas,48467.0,182,3.0,0.0,,,,-0.19400001
332355,2020-07-13,Van Zandt,Texas,48467.0,182,3.0,0.0,,,,-0.35299999
332356,2020-07-14,Van Zandt,Texas,48467.0,209,3.0,27.0,,,,-0.37799999
332357,2020-07-15,Van Zandt,Texas,48467.0,216,3.0,7.0,,,,-0.237
332358,2020-07-16,Van Zandt,Texas,48467.0,221,3.0,5.0,,,,-0.19
332359,2020-07-17,Van Zandt,Texas,48467.0,229,3.0,8.0,,,,-0.41100001
332360,2020-07-18,Van Zandt,Texas,48467.0,244,3.0,15.0,,,,-0.53899997
332361,2020-07-19,Van Zandt,Texas,48467.0,244,3.0,0.0,,,,-0.484
332362,2020-07-20,Van Zandt,Texas,48467.0,244,3.0,0.0,,,,-0.38600001
332363,2020-07-21,Van Zandt,Texas,48467.0,264,3.0,20.0,,,,-0.40299999999999997
332364,2020-07-22,Van Zandt,Texas,48467.0,269,3.0,5.0,,,,-0.46399999
332365,2020-07-23,Van Zandt,Texas,48467.0,281,3.0,12.0,,,,-0.47299999
332366,2020-07-24,Van Zandt,Texas,48467.0,286,4.0,5.0,,,,-0.30000001
332367,2020-07-25,Van Zandt,Texas,48467.0,297,4.0,11.0,,,,-0.11900000000000001
332368,2020-07-26,Van Zandt,Texas,48467.0,297,4.0,0.0,,,,-0.12899999
332369,2020-07-27,Van Zandt,Texas,48467.0,297,1.0,0.0,,,,-0.138
332370,2020-07-28,Van Zandt,Texas,48467.0,309,1.0,12.0,,,,-0.0090699997
332371,2020-07-29,Van Zandt,Texas,48467.0,319,1.0,10.0,,,,-0.0113
332372,2020-07-30,Van Zandt,Texas,48467.0,321,2.0,2.0,,,,0.0942
332373,2020-07-31,Van Zandt,Texas,48467.0,328,3.0,7.0,,,,0.067900002
332374,2020-08-01,Van Zandt,Texas,48467.0,332,3.0,4.0,,,,-0.061299998
332375,2020-08-02,Van Zandt,Texas,48467.0,332,3.0,0.0,,,,-0.09440000400000001
332376,2020-08-03,Van Zandt,Texas,48467.0,332,3.0,0.0,,,,-0.080799997
332377,2020-08-04,Van Zandt,Texas,48467.0,351,3.0,19.0,,,,-0.13500001
332378,2020-08-05,Van Zandt,Texas,48467.0,362,3.0,11.0,,,,-0.145
332379,2020-08-06,Van Zandt,Texas,48467.0,368,3.0,6.0,,,,-0.249
332380,2020-08-07,Van Zandt,Texas,48467.0,375,3.0,7.0,,,,-0.29300001
332381,2020-08-08,Van Zandt,Texas,48467.0,375,3.0,0.0,,,,-0.25299999
332382,2020-08-09,Van Zandt,Texas,48467.0,375,3.0,0.0,,,,-0.22
332383,2020-08-10,Van Zandt,Texas,48467.0,375,3.0,0.0,,,,-0.287
332384,2020-08-11,Van Zandt,Texas,48467.0,394,3.0,19.0,,,,-0.32899999999999996
332385,2020-08-12,Van Zandt,Texas,48467.0,432,4.0,38.0,,,,-0.26899999
332386,2020-08-13,Van Zandt,Texas,48467.0,434,7.0,2.0,,,,-0.18899999999999997
332387,2020-08-14,Van Zandt,Texas,48467.0,440,7.0,6.0,,,,-0.126
332388,2020-08-15,Van Zandt,Texas,48467.0,446,8.0,6.0,,,,-0.064800002
332389,2020-08-16,Van Zandt,Texas,48467.0,446,8.0,0.0,,,,-0.177
332390,2020-08-17,Van Zandt,Texas,48467.0,446,8.0,0.0,,,,-0.24600001
332391,2020-08-18,Van Zandt,Texas,48467.0,463,8.0,17.0,,,,-0.134
332392,2020-08-19,Van Zandt,Texas,48467.0,469,9.0,6.0,,,,0.0127
332393,2020-08-20,Van Zandt,Texas,48467.0,476,9.0,7.0,,,,-0.037999999
332394,2020-08-21,Van Zandt,Texas,48467.0,485,9.0,9.0,,,,-0.14
332395,2020-08-22,Van Zandt,Texas,48467.0,488,9.0,3.0,,,,-0.18799999
332396,2020-08-23,Van Zandt,Texas,48467.0,488,12.0,0.0,,,,-0.154
332397,2020-08-24,Van Zandt,Texas,48467.0,488,12.0,0.0,,,,-0.124
332398,2020-08-25,Van Zandt,Texas,48467.0,499,12.0,11.0,,,,-0.17200001
332399,2020-08-26,Van Zandt,Texas,48467.0,508,12.0,9.0,,,,-0.23899999
332400,2020-08-27,Van Zandt,Texas,48467.0,511,14.0,3.0,,,,-0.30399999
332401,2020-08-28,Van Zandt,Texas,48467.0,515,18.0,4.0,,,,-0.301
332402,2020-08-29,Van Zandt,Texas,48467.0,516,18.0,1.0,,,,-0.31799999
332403,2020-08-30,Van Zandt,Texas,48467.0,516,18.0,0.0,,,,-0.273
332404,2020-08-31,Van Zandt,Texas,48467.0,516,18.0,0.0,,,,-0.25099999
332405,2020-09-01,Van Zandt,Texas,48467.0,520,18.0,4.0,,,,-0.39500001
332406,2020-09-02,Van Zandt,Texas,48467.0,521,18.0,1.0,,,,-0.39199999
332407,2020-09-03,Van Zandt,Texas,48467.0,521,18.0,0.0,,,,-0.317
332408,2020-09-04,Van Zandt,Texas,48467.0,527,18.0,6.0,,,,-0.32899999999999996
332409,2020-09-05,Van Zandt,Texas,48467.0,528,18.0,1.0,,,,-0.24699999
332410,2020-09-06,Van Zandt,Texas,48467.0,528,18.0,0.0,,,,-0.16399999999999998
332411,2020-09-07,Van Zandt,Texas,48467.0,528,18.0,0.0,,,,-0.20299999
332412,2020-09-08,Van Zandt,Texas,48467.0,528,18.0,0.0,,,,-0.126
332413,2020-09-09,Van Zandt,Texas,48467.0,532,18.0,4.0,,,,-0.27200001
332414,2020-09-10,Van Zandt,Texas,48467.0,532,18.0,0.0,,,,-0.33000001
332415,2020-09-11,Van Zandt,Texas,48467.0,539,18.0,7.0,,,,-0.27500001
332416,2020-09-12,Van Zandt,Texas,48467.0,540,18.0,1.0,,,,-0.20299999
332417,2020-09-13,Van Zandt,Texas,48467.0,540,18.0,0.0,,,,-0.248
332418,2020-09-14,Van Zandt,Texas,48467.0,540,18.0,0.0,,,,-0.30899999
332419,2020-09-15,Van Zandt,Texas,48467.0,548,18.0,8.0,,,,-0.111
332420,2020-09-16,Van Zandt,Texas,48467.0,555,18.0,7.0,,,,-0.34900001
332421,2020-09-17,Van Zandt,Texas,48467.0,556,18.0,1.0,,,,-0.35699999
332422,2020-09-18,Van Zandt,Texas,48467.0,565,18.0,9.0,,,,-0.23199999
332423,2020-09-19,Van Zandt,Texas,48467.0,568,18.0,3.0,,,,-0.25299999
332424,2020-09-20,Van Zandt,Texas,48467.0,568,18.0,0.0,,,,-0.215
332425,2020-09-21,Van Zandt,Texas,48467.0,650,26.0,82.0,,,,-0.228
332426,2020-09-22,Van Zandt,Texas,48467.0,668,26.0,18.0,,,,-0.34799999
332427,2020-09-23,Van Zandt,Texas,48467.0,675,26.0,7.0,,,,-0.19
332428,2020-09-24,Van Zandt,Texas,48467.0,682,26.0,7.0,,,,0.147
332429,2020-09-25,Van Zandt,Texas,48467.0,684,26.0,2.0,,,,-0.026000001000000002
332430,2020-09-26,Van Zandt,Texas,48467.0,684,26.0,0.0,,,,-0.124
332431,2020-09-27,Van Zandt,Texas,48467.0,684,26.0,0.0,,,,-0.15700001
332432,2020-09-28,Van Zandt,Texas,48467.0,689,26.0,5.0,,,,-0.035
332433,2020-09-29,Van Zandt,Texas,48467.0,696,26.0,7.0,,,,0.0484
332434,2020-09-30,Van Zandt,Texas,48467.0,705,26.0,9.0,,,,-0.19
332435,2020-10-01,Van Zandt,Texas,48467.0,710,26.0,5.0,,,,-0.27700001
332436,2020-10-02,Van Zandt,Texas,48467.0,716,26.0,6.0,,,,-0.21699999
332437,2020-10-03,Van Zandt,Texas,48467.0,716,26.0,0.0,,,,-0.21100000000000002
332438,2020-10-04,Van Zandt,Texas,48467.0,716,26.0,0.0,,,,-0.14800000000000002
332439,2020-10-05,Van Zandt,Texas,48467.0,727,26.0,11.0,,,,-0.134
332440,2020-10-06,Van Zandt,Texas,48467.0,736,27.0,9.0,,,,-0.28099999
332441,2020-10-07,Van Zandt,Texas,48467.0,747,28.0,11.0,,,,-0.285
332442,2020-10-08,Van Zandt,Texas,48467.0,756,28.0,9.0,,,,-0.30700001
332443,2020-10-09,Van Zandt,Texas,48467.0,768,28.0,12.0,,,,-0.24600001
332444,2020-10-10,Van Zandt,Texas,48467.0,768,28.0,0.0,,,,-0.21899999999999997
332445,2020-10-11,Van Zandt,Texas,48467.0,768,28.0,0.0,,,,-0.285
332446,2020-10-12,Van Zandt,Texas,48467.0,781,28.0,13.0,,,,-0.366
332447,2020-10-13,Van Zandt,Texas,48467.0,793,28.0,12.0,,,,-0.257
332448,2020-10-14,Van Zandt,Texas,48467.0,806,28.0,13.0,,,,-0.133
332449,2020-10-15,Van Zandt,Texas,48467.0,812,28.0,6.0,,,,-0.046700001
332450,2020-10-16,Van Zandt,Texas,48467.0,829,28.0,17.0,,,,-0.14300001
332451,2020-10-17,Van Zandt,Texas,48467.0,829,28.0,0.0,,,,-0.24699999
332452,2020-10-18,Van Zandt,Texas,48467.0,829,28.0,0.0,,,,-0.32300001
332453,2020-10-19,Van Zandt,Texas,48467.0,841,28.0,12.0,,,,-0.185
332454,2020-10-20,Van Zandt,Texas,48467.0,850,28.0,9.0,,,,-0.064400002
332455,2020-10-21,Van Zandt,Texas,48467.0,857,28.0,7.0,,,,-0.13600001
332456,2020-10-22,Van Zandt,Texas,48467.0,871,29.0,14.0,,,,-0.12300000000000001
332457,2020-10-23,Van Zandt,Texas,48467.0,891,29.0,20.0,,,,-0.20100001
332458,2020-10-24,Van Zandt,Texas,48467.0,891,29.0,0.0,,,,-0.093199998
332459,2020-10-25,Van Zandt,Texas,48467.0,891,29.0,0.0,,,,-0.033300001
332460,2020-10-26,Van Zandt,Texas,48467.0,907,29.0,16.0,,,,-0.073399998
332461,2020-10-27,Van Zandt,Texas,48467.0,926,29.0,19.0,,,,-0.426
332462,2020-10-28,Van Zandt,Texas,48467.0,944,29.0,18.0,,,,-0.375
332463,2020-10-29,Van Zandt,Texas,48467.0,952,29.0,8.0,,,,-0.42100000000000004
332464,2020-10-30,Van Zandt,Texas,48467.0,966,30.0,14.0,,,,-0.30599999
332465,2020-10-31,Van Zandt,Texas,48467.0,966,30.0,0.0,,,,-0.273
332466,2020-11-01,Van Zandt,Texas,48467.0,966,30.0,0.0,,,,-0.31299999
332467,2020-11-02,Van Zandt,Texas,48467.0,982,30.0,16.0,,,,-0.21899999999999997
332468,2020-11-03,Van Zandt,Texas,48467.0,982,30.0,0.0,,,,-0.20900001
332469,2020-11-04,Van Zandt,Texas,48467.0,1037,30.0,55.0,,,,-0.21799999
332470,2020-11-05,Van Zandt,Texas,48467.0,1053,31.0,16.0,,,,-0.17299999
332471,2020-11-06,Van Zandt,Texas,48467.0,1084,31.0,31.0,,,,-0.21899999999999997
332472,2020-11-07,Van Zandt,Texas,48467.0,1084,31.0,0.0,,,,-0.18700001
332473,2020-11-08,Van Zandt,Texas,48467.0,1084,31.0,0.0,,,,-0.11900000000000001
332474,2020-11-09,Van Zandt,Texas,48467.0,1146,31.0,62.0,,,,-0.161
332475,2020-11-10,Van Zandt,Texas,48467.0,1176,31.0,30.0,,,,-0.114
332476,2020-11-11,Van Zandt,Texas,48467.0,1207,31.0,31.0,,,,-0.044000000000000004
332477,2020-11-12,Van Zandt,Texas,48467.0,1255,31.0,48.0,,,,-0.212
332478,2020-11-13,Van Zandt,Texas,48467.0,1306,42.0,51.0,,,,-0.30399999
332479,2020-11-14,Van Zandt,Texas,48467.0,1306,42.0,0.0,,,,-0.33899999
332480,2020-11-15,Van Zandt,Texas,48467.0,1306,42.0,0.0,,,,-0.28099999
332481,2020-11-16,Van Zandt,Texas,48467.0,1399,42.0,93.0,,,,-0.22400001
332482,2020-11-17,Van Zandt,Texas,48467.0,1438,42.0,39.0,,,,-0.359
332483,2020-11-18,Van Zandt,Texas,48467.0,1490,42.0,52.0,,,,-0.317
332484,2020-11-19,Van Zandt,Texas,48467.0,1514,42.0,24.0,,,,-0.23899999
332485,2020-11-20,Van Zandt,Texas,48467.0,1539,42.0,25.0,,,,-0.25600001
332486,2020-11-21,Van Zandt,Texas,48467.0,1539,42.0,0.0,,,,-0.16599999
332487,2020-11-22,Van Zandt,Texas,48467.0,1539,42.0,0.0,,,,-0.204
