,date,county,state,fips,cases,deaths,new_cases,emp_combined,emp_combined_inclow,revenue_all,spend_all
333398,2020-03-28,Washington,Texas,48477.0,5,0.0,0.0,-0.149,.,,-0.34200001
333399,2020-03-29,Washington,Texas,48477.0,5,0.0,0.0,-0.153,.,,-0.33399999
333400,2020-03-30,Washington,Texas,48477.0,8,0.0,3.0,-0.157,.,,-0.32800001
333401,2020-03-31,Washington,Texas,48477.0,8,0.0,0.0,-0.16,.,,-0.34400001
333402,2020-04-01,Washington,Texas,48477.0,17,0.0,9.0,-0.163,.,,-0.31600001
333403,2020-04-02,Washington,Texas,48477.0,17,0.0,0.0,-0.166,.,,-0.29800001
333404,2020-04-03,Washington,Texas,48477.0,17,0.0,0.0,-0.169,.,,-0.29300001
333405,2020-04-04,Washington,Texas,48477.0,17,0.0,0.0,-0.171,.,,-0.28600001
333406,2020-04-05,Washington,Texas,48477.0,17,1.0,0.0,-0.173,.,,-0.27200001
333407,2020-04-06,Washington,Texas,48477.0,21,1.0,4.0,-0.176,.,,-0.273
333408,2020-04-07,Washington,Texas,48477.0,21,1.0,0.0,-0.178,.,,-0.28400001
333409,2020-04-08,Washington,Texas,48477.0,26,1.0,5.0,-0.181,.,,-0.259
333410,2020-04-09,Washington,Texas,48477.0,29,1.0,3.0,-0.184,.,,-0.289
333411,2020-04-10,Washington,Texas,48477.0,36,1.0,7.0,-0.188,.,,-0.29300001
333412,2020-04-11,Washington,Texas,48477.0,36,1.0,0.0,-0.193,.,,-0.29100001
333413,2020-04-12,Washington,Texas,48477.0,37,2.0,1.0,-0.198,.,,-0.34
333414,2020-04-13,Washington,Texas,48477.0,37,2.0,0.0,-0.203,.,,-0.324
333415,2020-04-14,Washington,Texas,48477.0,37,2.0,0.0,-0.208,.,,-0.29100001
333416,2020-04-15,Washington,Texas,48477.0,41,3.0,4.0,-0.214,.,,-0.259
333417,2020-04-16,Washington,Texas,48477.0,46,3.0,5.0,-0.219,.,,-0.21899999999999997
333418,2020-04-17,Washington,Texas,48477.0,47,4.0,1.0,-0.224,.,,-0.18700001
333419,2020-04-18,Washington,Texas,48477.0,50,4.0,3.0,-0.228,.,,-0.192
333420,2020-04-19,Washington,Texas,48477.0,52,4.0,2.0,-0.231,.,,-0.14300001
333421,2020-04-20,Washington,Texas,48477.0,61,4.0,9.0,-0.233,.,,-0.109
333422,2020-04-21,Washington,Texas,48477.0,67,6.0,6.0,-0.233,.,,-0.082800001
333423,2020-04-22,Washington,Texas,48477.0,71,6.0,4.0,-0.233,.,,-0.14
333424,2020-04-23,Washington,Texas,48477.0,77,6.0,6.0,-0.231,.,,-0.12899999
333425,2020-04-24,Washington,Texas,48477.0,78,6.0,1.0,-0.228,.,,-0.156
333426,2020-04-25,Washington,Texas,48477.0,103,11.0,25.0,-0.223,.,,-0.125
333427,2020-04-26,Washington,Texas,48477.0,113,11.0,10.0,-0.217,.,,-0.14
333428,2020-04-27,Washington,Texas,48477.0,113,11.0,0.0,-0.21,.,,-0.19400001
333429,2020-04-28,Washington,Texas,48477.0,136,11.0,23.0,-0.202,.,,-0.2
333430,2020-04-29,Washington,Texas,48477.0,140,14.0,4.0,-0.193,.,,-0.18099999
333431,2020-04-30,Washington,Texas,48477.0,142,15.0,2.0,-0.184,.,,-0.171
333432,2020-05-01,Washington,Texas,48477.0,144,15.0,2.0,-0.176,.,,-0.147
333433,2020-05-02,Washington,Texas,48477.0,145,15.0,1.0,-0.168,.,,-0.15800001
333434,2020-05-03,Washington,Texas,48477.0,145,18.0,0.0,-0.161,.,,-0.142
333435,2020-05-04,Washington,Texas,48477.0,145,18.0,0.0,-0.155,.,,-0.10400000000000001
333436,2020-05-05,Washington,Texas,48477.0,147,18.0,2.0,-0.149,.,,-0.131
333437,2020-05-06,Washington,Texas,48477.0,150,18.0,3.0,-0.144,.,,-0.115
333438,2020-05-07,Washington,Texas,48477.0,153,18.0,3.0,-0.14,.,,-0.12899999
333439,2020-05-08,Washington,Texas,48477.0,156,18.0,3.0,-0.135,.,,-0.10099999999999999
333440,2020-05-09,Washington,Texas,48477.0,164,18.0,8.0,-0.13,.,,-0.107
333441,2020-05-10,Washington,Texas,48477.0,164,18.0,0.0,-0.126,.,,-0.11800000000000001
333442,2020-05-11,Washington,Texas,48477.0,164,18.0,0.0,-0.121,.,,-0.126
333443,2020-05-12,Washington,Texas,48477.0,170,22.0,6.0,-0.115,.,,-0.10800000000000001
333444,2020-05-13,Washington,Texas,48477.0,175,22.0,5.0,-0.11,.,,-0.122
333445,2020-05-14,Washington,Texas,48477.0,175,22.0,0.0,-0.106,.,,-0.102
333446,2020-05-15,Washington,Texas,48477.0,179,22.0,4.0,-0.101,.,,-0.171
333447,2020-05-16,Washington,Texas,48477.0,181,22.0,2.0,-0.0968,.,,-0.17
333448,2020-05-17,Washington,Texas,48477.0,181,22.0,0.0,-0.0931,.,,-0.193
333449,2020-05-18,Washington,Texas,48477.0,181,22.0,0.0,-0.09,.,,-0.221
333450,2020-05-19,Washington,Texas,48477.0,184,22.0,3.0,-0.0875,.,,-0.24100000000000002
333451,2020-05-20,Washington,Texas,48477.0,186,22.0,2.0,-0.0857,.,,-0.24600001
333452,2020-05-21,Washington,Texas,48477.0,187,22.0,1.0,-0.0847,.,,-0.22499999
333453,2020-05-22,Washington,Texas,48477.0,187,22.0,0.0,-0.0845,.,,-0.11900000000000001
333454,2020-05-23,Washington,Texas,48477.0,193,23.0,6.0,-0.0853,.,,-0.13600001
333455,2020-05-24,Washington,Texas,48477.0,193,23.0,0.0,-0.0868,.,,-0.08990000199999999
333456,2020-05-25,Washington,Texas,48477.0,193,23.0,0.0,-0.0891,.,,-0.08910000300000001
333457,2020-05-26,Washington,Texas,48477.0,193,23.0,0.0,-0.0918,.,,-0.051199999
333458,2020-05-27,Washington,Texas,48477.0,196,23.0,3.0,-0.0947,.,,-0.0085100001
333459,2020-05-28,Washington,Texas,48477.0,197,23.0,1.0,-0.0978,.,,-0.0219
333460,2020-05-29,Washington,Texas,48477.0,198,25.0,1.0,-0.101,.,,0.023
333461,2020-05-30,Washington,Texas,48477.0,202,25.0,4.0,-0.103,.,,0.031199999
333462,2020-05-31,Washington,Texas,48477.0,202,25.0,0.0,-0.105,.,,0.024900001
333463,2020-06-01,Washington,Texas,48477.0,202,25.0,0.0,-0.107,.,,-0.0011300000000000001
333464,2020-06-02,Washington,Texas,48477.0,205,25.0,3.0,-0.108,.,,0.0108
333465,2020-06-03,Washington,Texas,48477.0,204,25.0,-1.0,-0.108,.,,-0.0209
333466,2020-06-04,Washington,Texas,48477.0,206,25.0,2.0,-0.109,.,,-0.0155
333467,2020-06-05,Washington,Texas,48477.0,206,25.0,0.0,-0.109,.,,-0.00025499999
333468,2020-06-06,Washington,Texas,48477.0,206,25.0,0.0,-0.109,.,,-0.0209
333469,2020-06-07,Washington,Texas,48477.0,207,25.0,1.0,-0.11,.,,-0.069799997
333470,2020-06-08,Washington,Texas,48477.0,207,25.0,0.0,-0.11,.,,-0.034600001
333471,2020-06-09,Washington,Texas,48477.0,208,25.0,1.0,-0.109,.,,-0.043400000999999994
333472,2020-06-10,Washington,Texas,48477.0,213,25.0,5.0,-0.109,.,,-0.069300003
333473,2020-06-11,Washington,Texas,48477.0,214,25.0,1.0,-0.108,.,,-0.056200001
333474,2020-06-12,Washington,Texas,48477.0,216,26.0,2.0,-0.108,.,,-0.132
333475,2020-06-13,Washington,Texas,48477.0,218,26.0,2.0,-0.106,.,,-0.17
333476,2020-06-14,Washington,Texas,48477.0,218,26.0,0.0,-0.105,.,,-0.145
333477,2020-06-15,Washington,Texas,48477.0,218,26.0,0.0,-0.103,.,,-0.15800001
333478,2020-06-16,Washington,Texas,48477.0,218,26.0,0.0,-0.102,.,,-0.16500001
333479,2020-06-17,Washington,Texas,48477.0,219,26.0,1.0,-0.101,.,,-0.134
333480,2020-06-18,Washington,Texas,48477.0,222,26.0,3.0,-0.101,.,,-0.153
333481,2020-06-19,Washington,Texas,48477.0,222,26.0,0.0,-0.1,.,,-0.133
333482,2020-06-20,Washington,Texas,48477.0,224,26.0,2.0,-0.101,.,,-0.08070000299999999
333483,2020-06-21,Washington,Texas,48477.0,229,26.0,5.0,-0.103,.,,-0.075000003
333484,2020-06-22,Washington,Texas,48477.0,235,27.0,6.0,-0.105,.,,-0.08349999799999999
333485,2020-06-23,Washington,Texas,48477.0,239,27.0,4.0,-0.108,.,,-0.067400001
333486,2020-06-24,Washington,Texas,48477.0,241,27.0,2.0,-0.111,.,,-0.102
333487,2020-06-25,Washington,Texas,48477.0,244,27.0,3.0,-0.113,.,,-0.106
333488,2020-06-26,Washington,Texas,48477.0,247,31.0,3.0,-0.116,.,,-0.16399999999999998
333489,2020-06-27,Washington,Texas,48477.0,260,31.0,13.0,-0.117,.,,-0.171
333490,2020-06-28,Washington,Texas,48477.0,261,31.0,1.0,-0.117,.,,-0.17399999
333491,2020-06-29,Washington,Texas,48477.0,265,31.0,4.0,-0.117,.,,-0.16599999
333492,2020-06-30,Washington,Texas,48477.0,267,31.0,2.0,-0.117,.,,-0.17600000000000002
333493,2020-07-01,Washington,Texas,48477.0,275,31.0,8.0,-0.116,.,,-0.16500001
333494,2020-07-02,Washington,Texas,48477.0,280,31.0,5.0,-0.115,.,,-0.15099999
333495,2020-07-03,Washington,Texas,48477.0,282,31.0,2.0,-0.115,.,,-0.13699999
333496,2020-07-04,Washington,Texas,48477.0,296,31.0,14.0,-0.115,.,,-0.141
333497,2020-07-05,Washington,Texas,48477.0,296,31.0,0.0,-0.116,.,,-0.13699999
333498,2020-07-06,Washington,Texas,48477.0,318,31.0,22.0,-0.118,.,,-0.141
333499,2020-07-07,Washington,Texas,48477.0,318,31.0,0.0,-0.12,.,,-0.142
333500,2020-07-08,Washington,Texas,48477.0,335,32.0,17.0,-0.122,.,,-0.145
333501,2020-07-09,Washington,Texas,48477.0,337,32.0,2.0,-0.125,.,,-0.17
333502,2020-07-10,Washington,Texas,48477.0,349,32.0,12.0,-0.127,.,,-0.102
333503,2020-07-11,Washington,Texas,48477.0,351,33.0,2.0,-0.128,.,,-0.10099999999999999
333504,2020-07-12,Washington,Texas,48477.0,351,33.0,0.0,-0.129,.,,-0.079000004
333505,2020-07-13,Washington,Texas,48477.0,365,33.0,14.0,-0.129,.,,-0.082400002
333506,2020-07-14,Washington,Texas,48477.0,365,33.0,0.0,-0.129,.,,-0.09790000300000001
333507,2020-07-15,Washington,Texas,48477.0,373,33.0,8.0,-0.128,.,,-0.13600001
333508,2020-07-16,Washington,Texas,48477.0,373,33.0,0.0,-0.127,.,,-0.107
333509,2020-07-17,Washington,Texas,48477.0,391,33.0,18.0,-0.126,.,,-0.14399999
333510,2020-07-18,Washington,Texas,48477.0,391,33.0,0.0,-0.125,.,,-0.14300001
333511,2020-07-19,Washington,Texas,48477.0,391,34.0,0.0,-0.124,.,,-0.147
333512,2020-07-20,Washington,Texas,48477.0,400,34.0,9.0,-0.123,.,,-0.149
333513,2020-07-21,Washington,Texas,48477.0,400,34.0,0.0,-0.122,.,,-0.07540000200000001
333514,2020-07-22,Washington,Texas,48477.0,426,34.0,26.0,-0.122,.,,-0.028100001
333515,2020-07-23,Washington,Texas,48477.0,439,34.0,13.0,-0.122,.,,0.0079899998
333516,2020-07-24,Washington,Texas,48477.0,439,34.0,0.0,-0.123,.,,0.0208
333517,2020-07-25,Washington,Texas,48477.0,441,34.0,2.0,-0.123,.,,0.036800001
333518,2020-07-26,Washington,Texas,48477.0,441,34.0,0.0,-0.124,.,,0.0341
333519,2020-07-27,Washington,Texas,48477.0,441,35.0,0.0,-0.126,.,,0.077600002
333520,2020-07-28,Washington,Texas,48477.0,450,37.0,9.0,-0.128,.,,0.0066499999
333521,2020-07-29,Washington,Texas,48477.0,452,38.0,2.0,-0.129,.,,0.0133
333522,2020-07-30,Washington,Texas,48477.0,452,37.0,0.0,-0.132,.,,-0.05739999900000001
333523,2020-07-31,Washington,Texas,48477.0,465,38.0,13.0,-0.135,.,,-0.048999999
333524,2020-08-01,Washington,Texas,48477.0,477,38.0,12.0,-0.138,.,,-0.08070000299999999
333525,2020-08-02,Washington,Texas,48477.0,489,38.0,12.0,-0.142,.,,-0.09269999699999999
333526,2020-08-03,Washington,Texas,48477.0,497,38.0,8.0,-0.146,.,,-0.10099999999999999
333527,2020-08-04,Washington,Texas,48477.0,498,38.0,1.0,-0.15,.,,-0.091600001
333528,2020-08-05,Washington,Texas,48477.0,498,38.0,0.0,-0.155,.,,-0.09260000300000001
333529,2020-08-06,Washington,Texas,48477.0,498,39.0,0.0,-0.16,.,,-0.0614
333530,2020-08-07,Washington,Texas,48477.0,499,39.0,1.0,-0.164,.,,-0.071999997
333531,2020-08-08,Washington,Texas,48477.0,515,39.0,16.0,-0.168,.,,-0.08550000199999999
333532,2020-08-09,Washington,Texas,48477.0,515,39.0,0.0,-0.171,.,,-0.084399998
333533,2020-08-10,Washington,Texas,48477.0,515,39.0,0.0,-0.173,.,,-0.099100001
333534,2020-08-11,Washington,Texas,48477.0,515,39.0,0.0,-0.175,.,,-0.036800001
333535,2020-08-12,Washington,Texas,48477.0,520,39.0,5.0,-0.176,.,,-0.056200001
333536,2020-08-13,Washington,Texas,48477.0,523,40.0,3.0,-0.175,.,,-0.077799998
333537,2020-08-14,Washington,Texas,48477.0,523,40.0,0.0,-0.175,.,,-0.058600001
333538,2020-08-15,Washington,Texas,48477.0,526,41.0,3.0,-0.173,.,,-0.0583
333539,2020-08-16,Washington,Texas,48477.0,526,41.0,0.0,-0.17,.,,-0.0239
333540,2020-08-17,Washington,Texas,48477.0,526,41.0,0.0,-0.166,.,,-0.018300001
333541,2020-08-18,Washington,Texas,48477.0,534,41.0,8.0,-0.162,.,,-0.05739999900000001
333542,2020-08-19,Washington,Texas,48477.0,548,41.0,14.0,-0.157,.,,-0.044300001
333543,2020-08-20,Washington,Texas,48477.0,549,42.0,1.0,-0.152,.,,-0.0305
333544,2020-08-21,Washington,Texas,48477.0,553,43.0,4.0,-0.147,.,,-0.020300001
333545,2020-08-22,Washington,Texas,48477.0,559,43.0,6.0,-0.142,.,,-0.0055800001
333546,2020-08-23,Washington,Texas,48477.0,559,43.0,0.0,-0.139,.,,-0.034400001
333547,2020-08-24,Washington,Texas,48477.0,560,43.0,1.0,-0.135,.,,-0.075599998
333548,2020-08-25,Washington,Texas,48477.0,561,44.0,1.0,-0.132,.,,-0.114
333549,2020-08-26,Washington,Texas,48477.0,560,44.0,-1.0,-0.129,.,,-0.11900000000000001
333550,2020-08-27,Washington,Texas,48477.0,560,44.0,0.0,-0.127,.,,-0.0438
333551,2020-08-28,Washington,Texas,48477.0,560,45.0,0.0,-0.124,.,,-0.088799998
333552,2020-08-29,Washington,Texas,48477.0,564,45.0,4.0,-0.121,.,,-0.042800002000000004
333553,2020-08-30,Washington,Texas,48477.0,564,45.0,0.0,-0.119,.,,-0.075499997
333554,2020-08-31,Washington,Texas,48477.0,565,45.0,1.0,-0.116,.,,-0.031300001
333555,2020-09-01,Washington,Texas,48477.0,565,45.0,0.0,-0.113,.,,-0.0022499999
333556,2020-09-02,Washington,Texas,48477.0,573,45.0,8.0,-0.11,.,,0.028200001000000002
333557,2020-09-03,Washington,Texas,48477.0,575,45.0,2.0,-0.106,.,,0.056000002
333558,2020-09-04,Washington,Texas,48477.0,576,45.0,1.0,-0.103,.,,0.0601
333559,2020-09-05,Washington,Texas,48477.0,579,45.0,3.0,-0.0994,.,,0.048799999000000004
333560,2020-09-06,Washington,Texas,48477.0,579,45.0,0.0,-0.0956,.,,0.171
333561,2020-09-07,Washington,Texas,48477.0,579,45.0,0.0,-0.092,.,,0.095799997
333562,2020-09-08,Washington,Texas,48477.0,579,46.0,0.0,-0.0885,.,,0.041999999
333563,2020-09-09,Washington,Texas,48477.0,582,46.0,3.0,-0.0854,.,,0.0276
333564,2020-09-10,Washington,Texas,48477.0,582,46.0,0.0,-0.0825,.,,-0.0117
333565,2020-09-11,Washington,Texas,48477.0,593,47.0,11.0,-0.0798,.,,0.00062200002
333566,2020-09-12,Washington,Texas,48477.0,594,47.0,1.0,-0.0776,.,,-0.032499999
333567,2020-09-13,Washington,Texas,48477.0,594,47.0,0.0,-0.076,.,,-0.09260000300000001
333568,2020-09-14,Washington,Texas,48477.0,594,47.0,0.0,-0.0748,.,,-0.066699997
333569,2020-09-15,Washington,Texas,48477.0,613,47.0,19.0,-0.074,.,,-0.025599999
333570,2020-09-16,Washington,Texas,48477.0,616,48.0,3.0,-0.0732,.,,0.040600002
333571,2020-09-17,Washington,Texas,48477.0,621,48.0,5.0,-0.0727,.,,-0.00020900001
333572,2020-09-18,Washington,Texas,48477.0,624,48.0,3.0,-0.0722,.,,0.0045500002
333573,2020-09-19,Washington,Texas,48477.0,625,48.0,1.0,-0.0716,.,,0.11599999999999999
333574,2020-09-20,Washington,Texas,48477.0,625,48.0,0.0,-0.0706,.,,0.15099999
333575,2020-09-21,Washington,Texas,48477.0,627,48.0,2.0,-0.0694,.,,0.11199999999999999
333576,2020-09-22,Washington,Texas,48477.0,628,48.0,1.0,-0.0681,.,,0.083800003
333577,2020-09-23,Washington,Texas,48477.0,633,48.0,5.0,-0.067,.,,0.052999999000000006
333578,2020-09-24,Washington,Texas,48477.0,636,48.0,3.0,-0.066,.,,0.086900003
333579,2020-09-25,Washington,Texas,48477.0,636,48.0,0.0,-0.0658,.,,0.049600001
333580,2020-09-26,Washington,Texas,48477.0,638,48.0,2.0,-0.0664,.,,0.0105
333581,2020-09-27,Washington,Texas,48477.0,640,48.0,2.0,-0.0676,.,,0.007969999699999999
333582,2020-09-28,Washington,Texas,48477.0,640,48.0,0.0,-0.0693,.,,-0.00428
333583,2020-09-29,Washington,Texas,48477.0,641,48.0,1.0,-0.0713,.,,0.0151
333584,2020-09-30,Washington,Texas,48477.0,641,48.0,0.0,-0.0736,.,,0.053300001
333585,2020-10-01,Washington,Texas,48477.0,641,48.0,0.0,,,,0.071699999
333586,2020-10-02,Washington,Texas,48477.0,642,48.0,1.0,,,,0.071999997
333587,2020-10-03,Washington,Texas,48477.0,646,48.0,4.0,,,,0.0352
333588,2020-10-04,Washington,Texas,48477.0,646,48.0,0.0,,,,0.066399999
333589,2020-10-05,Washington,Texas,48477.0,646,48.0,0.0,,,,0.095299996
333590,2020-10-06,Washington,Texas,48477.0,652,48.0,6.0,,,,0.10300000000000001
333591,2020-10-07,Washington,Texas,48477.0,653,48.0,1.0,,,,0.060400002
333592,2020-10-08,Washington,Texas,48477.0,655,48.0,2.0,,,,0.044399999
333593,2020-10-09,Washington,Texas,48477.0,655,48.0,0.0,,,,0.07
333594,2020-10-10,Washington,Texas,48477.0,657,48.0,2.0,,,,0.09210000199999999
333595,2020-10-11,Washington,Texas,48477.0,657,48.0,0.0,,,,0.0017100000000000001
333596,2020-10-12,Washington,Texas,48477.0,657,48.0,0.0,,,,-0.0038200000000000005
333597,2020-10-13,Washington,Texas,48477.0,664,48.0,7.0,,,,-0.0063900002
333598,2020-10-14,Washington,Texas,48477.0,667,48.0,3.0,,,,-0.00105
333599,2020-10-15,Washington,Texas,48477.0,671,48.0,4.0,,,,0.00447
333600,2020-10-16,Washington,Texas,48477.0,673,48.0,2.0,,,,-0.028200001000000002
333601,2020-10-17,Washington,Texas,48477.0,692,48.0,19.0,,,,-0.034499998999999996
333602,2020-10-18,Washington,Texas,48477.0,692,48.0,0.0,,,,0.0045899999999999995
333603,2020-10-19,Washington,Texas,48477.0,692,48.0,0.0,,,,-0.0090699997
333604,2020-10-20,Washington,Texas,48477.0,693,48.0,1.0,,,,0.046999998
333605,2020-10-21,Washington,Texas,48477.0,692,48.0,-1.0,,,,-0.0045400001
333606,2020-10-22,Washington,Texas,48477.0,692,48.0,0.0,,,,-0.080399998
333607,2020-10-23,Washington,Texas,48477.0,692,48.0,0.0,,,,-0.056600001
333608,2020-10-24,Washington,Texas,48477.0,694,48.0,2.0,,,,-0.060699999000000004
333609,2020-10-25,Washington,Texas,48477.0,700,48.0,6.0,,,,-0.055100000999999996
333610,2020-10-26,Washington,Texas,48477.0,700,48.0,0.0,,,,-0.0623
333611,2020-10-27,Washington,Texas,48477.0,702,48.0,2.0,,,,-0.12
333612,2020-10-28,Washington,Texas,48477.0,702,49.0,0.0,,,,-0.09839999699999999
333613,2020-10-29,Washington,Texas,48477.0,705,50.0,3.0,,,,-0.035100002000000005
333614,2020-10-30,Washington,Texas,48477.0,710,50.0,5.0,,,,-0.0070099998
333615,2020-10-31,Washington,Texas,48477.0,719,50.0,9.0,,,,0.0033799998999999997
333616,2020-11-01,Washington,Texas,48477.0,719,50.0,0.0,,,,-0.020099999
333617,2020-11-02,Washington,Texas,48477.0,720,50.0,1.0,,,,-0.0035900001
333618,2020-11-03,Washington,Texas,48477.0,722,50.0,2.0,,,,-0.0059400001000000004
333619,2020-11-04,Washington,Texas,48477.0,725,50.0,3.0,,,,-0.0134
333620,2020-11-05,Washington,Texas,48477.0,744,50.0,19.0,,,,0.047499999
333621,2020-11-06,Washington,Texas,48477.0,750,50.0,6.0,,,,0.0517
333622,2020-11-07,Washington,Texas,48477.0,755,51.0,5.0,,,,0.06419999900000001
333623,2020-11-08,Washington,Texas,48477.0,757,51.0,2.0,,,,0.059799999000000006
333624,2020-11-09,Washington,Texas,48477.0,759,51.0,2.0,,,,0.065300003
333625,2020-11-10,Washington,Texas,48477.0,761,52.0,2.0,,,,0.10400000000000001
333626,2020-11-11,Washington,Texas,48477.0,792,52.0,31.0,,,,0.088799998
333627,2020-11-12,Washington,Texas,48477.0,800,52.0,8.0,,,,-0.00023799999
333628,2020-11-13,Washington,Texas,48477.0,812,52.0,12.0,,,,-0.041900001
333629,2020-11-14,Washington,Texas,48477.0,821,52.0,9.0,,,,-0.021500001
333630,2020-11-15,Washington,Texas,48477.0,821,52.0,0.0,,,,-0.045200001
333631,2020-11-16,Washington,Texas,48477.0,823,52.0,2.0,,,,-0.05519999900000001
333632,2020-11-17,Washington,Texas,48477.0,846,52.0,23.0,,,,-0.0933
333633,2020-11-18,Washington,Texas,48477.0,869,52.0,23.0,,,,-0.10400000000000001
333634,2020-11-19,Washington,Texas,48477.0,886,53.0,17.0,,,,-0.10300000000000001
333635,2020-11-20,Washington,Texas,48477.0,907,53.0,21.0,,,,-0.061900000999999996
333636,2020-11-21,Washington,Texas,48477.0,915,53.0,8.0,,,,-0.085299999
333637,2020-11-22,Washington,Texas,48477.0,915,53.0,0.0,,,,-0.031199999
