,date,county,state,fips,cases,deaths,new_cases,emp_combined,emp_combined_inclow,revenue_all,spend_all
335338,2020-03-30,Wise,Texas,48497.0,1,0.0,0.0,,,,-0.27200001
335339,2020-03-31,Wise,Texas,48497.0,1,0.0,0.0,,,,-0.25600001
335340,2020-04-01,Wise,Texas,48497.0,3,0.0,2.0,,,,-0.27900001
335341,2020-04-02,Wise,Texas,48497.0,3,0.0,0.0,,,,-0.273
335342,2020-04-03,Wise,Texas,48497.0,3,0.0,0.0,,,,-0.27200001
335343,2020-04-04,Wise,Texas,48497.0,3,0.0,0.0,,,,-0.26300001
335344,2020-04-05,Wise,Texas,48497.0,3,0.0,0.0,,,,-0.25099999
335345,2020-04-06,Wise,Texas,48497.0,3,0.0,0.0,,,,-0.25400001
335346,2020-04-07,Wise,Texas,48497.0,3,0.0,0.0,,,,-0.273
335347,2020-04-08,Wise,Texas,48497.0,3,0.0,0.0,,,,-0.249
335348,2020-04-09,Wise,Texas,48497.0,3,0.0,0.0,,,,-0.242
335349,2020-04-10,Wise,Texas,48497.0,4,0.0,1.0,,,,-0.257
335350,2020-04-11,Wise,Texas,48497.0,5,0.0,1.0,,,,-0.30199999
335351,2020-04-12,Wise,Texas,48497.0,5,0.0,0.0,,,,-0.31299999
335352,2020-04-13,Wise,Texas,48497.0,5,0.0,0.0,,,,-0.259
335353,2020-04-14,Wise,Texas,48497.0,5,0.0,0.0,,,,-0.28299999
335354,2020-04-15,Wise,Texas,48497.0,7,0.0,2.0,,,,-0.29300001
335355,2020-04-16,Wise,Texas,48497.0,7,1.0,0.0,,,,-0.303
335356,2020-04-17,Wise,Texas,48497.0,8,2.0,1.0,,,,-0.26899999
335357,2020-04-18,Wise,Texas,48497.0,9,2.0,1.0,,,,-0.213
335358,2020-04-19,Wise,Texas,48497.0,9,2.0,0.0,,,,-0.21699999
335359,2020-04-20,Wise,Texas,48497.0,9,2.0,0.0,,,,-0.25299999
335360,2020-04-21,Wise,Texas,48497.0,12,2.0,3.0,,,,-0.21799999
335361,2020-04-22,Wise,Texas,48497.0,13,2.0,1.0,,,,-0.22699999999999998
335362,2020-04-23,Wise,Texas,48497.0,14,2.0,1.0,,,,-0.205
335363,2020-04-24,Wise,Texas,48497.0,14,2.0,0.0,,,,-0.235
335364,2020-04-25,Wise,Texas,48497.0,15,2.0,1.0,,,,-0.235
335365,2020-04-26,Wise,Texas,48497.0,15,2.0,0.0,,,,-0.249
335366,2020-04-27,Wise,Texas,48497.0,15,2.0,0.0,,,,-0.237
335367,2020-04-28,Wise,Texas,48497.0,15,2.0,0.0,,,,-0.244
335368,2020-04-29,Wise,Texas,48497.0,17,2.0,2.0,,,,-0.215
335369,2020-04-30,Wise,Texas,48497.0,17,2.0,0.0,,,,-0.213
335370,2020-05-01,Wise,Texas,48497.0,17,2.0,0.0,,,,-0.193
335371,2020-05-02,Wise,Texas,48497.0,24,2.0,7.0,,,,-0.15800001
335372,2020-05-03,Wise,Texas,48497.0,24,2.0,0.0,,,,-0.094099998
335373,2020-05-04,Wise,Texas,48497.0,26,2.0,2.0,,,,-0.077500001
335374,2020-05-05,Wise,Texas,48497.0,27,2.0,1.0,,,,-0.08749999900000001
335375,2020-05-06,Wise,Texas,48497.0,28,2.0,1.0,,,,-0.102
335376,2020-05-07,Wise,Texas,48497.0,28,2.0,0.0,,,,-0.075199999
335377,2020-05-08,Wise,Texas,48497.0,28,2.0,0.0,,,,-0.039799998999999996
335378,2020-05-09,Wise,Texas,48497.0,30,2.0,2.0,,,,-0.089000002
335379,2020-05-10,Wise,Texas,48497.0,30,2.0,0.0,,,,-0.115
335380,2020-05-11,Wise,Texas,48497.0,30,2.0,0.0,,,,-0.13600001
335381,2020-05-12,Wise,Texas,48497.0,31,2.0,1.0,,,,-0.125
335382,2020-05-13,Wise,Texas,48497.0,35,2.0,4.0,,,,-0.115
335383,2020-05-14,Wise,Texas,48497.0,36,2.0,1.0,,,,-0.106
335384,2020-05-15,Wise,Texas,48497.0,36,2.0,0.0,,,,-0.064900003
335385,2020-05-16,Wise,Texas,48497.0,36,2.0,0.0,,,,-0.040800001
335386,2020-05-17,Wise,Texas,48497.0,36,2.0,0.0,,,,-0.0239
335387,2020-05-18,Wise,Texas,48497.0,36,2.0,0.0,,,,-0.00062000001
335388,2020-05-19,Wise,Texas,48497.0,38,2.0,2.0,,,,0.0041100001
335389,2020-05-20,Wise,Texas,48497.0,38,2.0,0.0,,,,0.0099600004
335390,2020-05-21,Wise,Texas,48497.0,42,2.0,4.0,,,,0.0298
335391,2020-05-22,Wise,Texas,48497.0,42,2.0,0.0,,,,-0.0579
335392,2020-05-23,Wise,Texas,48497.0,42,3.0,0.0,,,,-0.056400001
335393,2020-05-24,Wise,Texas,48497.0,42,3.0,0.0,,,,-0.071599998
335394,2020-05-25,Wise,Texas,48497.0,42,3.0,0.0,,,,-0.13699999
335395,2020-05-26,Wise,Texas,48497.0,45,3.0,3.0,,,,-0.1
335396,2020-05-27,Wise,Texas,48497.0,45,3.0,0.0,,,,-0.095700003
335397,2020-05-28,Wise,Texas,48497.0,45,3.0,0.0,,,,-0.12800001
335398,2020-05-29,Wise,Texas,48497.0,45,3.0,0.0,,,,-0.10400000000000001
335399,2020-05-30,Wise,Texas,48497.0,46,3.0,1.0,,,,-0.10800000000000001
335400,2020-05-31,Wise,Texas,48497.0,46,3.0,0.0,,,,-0.084799998
335401,2020-06-01,Wise,Texas,48497.0,46,3.0,0.0,,,,-0.066299997
335402,2020-06-02,Wise,Texas,48497.0,47,3.0,1.0,,,,-0.069399998
335403,2020-06-03,Wise,Texas,48497.0,47,3.0,0.0,,,,-0.10099999999999999
335404,2020-06-04,Wise,Texas,48497.0,50,3.0,3.0,,,,-0.08550000199999999
335405,2020-06-05,Wise,Texas,48497.0,52,4.0,2.0,,,,-0.074199997
335406,2020-06-06,Wise,Texas,48497.0,52,4.0,0.0,,,,-0.062100000999999995
335407,2020-06-07,Wise,Texas,48497.0,52,4.0,0.0,,,,-0.063000001
335408,2020-06-08,Wise,Texas,48497.0,52,4.0,0.0,,,,-0.0341
335409,2020-06-09,Wise,Texas,48497.0,53,4.0,1.0,,,,-0.032200001
335410,2020-06-10,Wise,Texas,48497.0,55,5.0,2.0,,,,-0.0416
335411,2020-06-11,Wise,Texas,48497.0,55,5.0,0.0,,,,-0.072099999
335412,2020-06-12,Wise,Texas,48497.0,55,5.0,0.0,,,,-0.049699999
335413,2020-06-13,Wise,Texas,48497.0,56,5.0,1.0,,,,-0.026699999
335414,2020-06-14,Wise,Texas,48497.0,56,5.0,0.0,,,,-0.035
335415,2020-06-15,Wise,Texas,48497.0,56,5.0,0.0,,,,-0.0462
335416,2020-06-16,Wise,Texas,48497.0,56,5.0,0.0,,,,0.0132
335417,2020-06-17,Wise,Texas,48497.0,58,5.0,2.0,,,,0.024
335418,2020-06-18,Wise,Texas,48497.0,62,5.0,4.0,,,,0.079999998
335419,2020-06-19,Wise,Texas,48497.0,62,5.0,0.0,,,,0.044199999000000004
335420,2020-06-20,Wise,Texas,48497.0,62,5.0,0.0,,,,0.046700001
335421,2020-06-21,Wise,Texas,48497.0,62,5.0,0.0,,,,0.026799998999999998
335422,2020-06-22,Wise,Texas,48497.0,62,5.0,0.0,,,,0.051199999
335423,2020-06-23,Wise,Texas,48497.0,63,5.0,1.0,,,,-0.0147
335424,2020-06-24,Wise,Texas,48497.0,88,5.0,25.0,,,,-0.050500002
335425,2020-06-25,Wise,Texas,48497.0,88,5.0,0.0,,,,-0.065099999
335426,2020-06-26,Wise,Texas,48497.0,88,5.0,0.0,,,,-0.09650000199999999
335427,2020-06-27,Wise,Texas,48497.0,90,5.0,2.0,,,,-0.134
335428,2020-06-28,Wise,Texas,48497.0,90,5.0,0.0,,,,-0.11900000000000001
335429,2020-06-29,Wise,Texas,48497.0,90,5.0,0.0,,,,-0.177
335430,2020-06-30,Wise,Texas,48497.0,104,5.0,14.0,,,,-0.146
335431,2020-07-01,Wise,Texas,48497.0,107,5.0,3.0,,,,-0.1
335432,2020-07-02,Wise,Texas,48497.0,116,5.0,9.0,,,,-0.082000002
335433,2020-07-03,Wise,Texas,48497.0,125,5.0,9.0,,,,-0.066600002
335434,2020-07-04,Wise,Texas,48497.0,135,5.0,10.0,,,,-0.030400001
335435,2020-07-05,Wise,Texas,48497.0,135,5.0,0.0,,,,-0.054099999
335436,2020-07-06,Wise,Texas,48497.0,135,5.0,0.0,,,,0.0178
335437,2020-07-07,Wise,Texas,48497.0,149,5.0,14.0,,,,-0.0028599999
335438,2020-07-08,Wise,Texas,48497.0,157,5.0,8.0,,,,-0.0221
335439,2020-07-09,Wise,Texas,48497.0,164,5.0,7.0,,,,-0.058899999
335440,2020-07-10,Wise,Texas,48497.0,174,5.0,10.0,,,,-0.031099999
335441,2020-07-11,Wise,Texas,48497.0,184,5.0,10.0,,,,-0.033300001
335442,2020-07-12,Wise,Texas,48497.0,184,5.0,0.0,,,,-0.037099997999999995
335443,2020-07-13,Wise,Texas,48497.0,184,5.0,0.0,,,,-0.046700001
335444,2020-07-14,Wise,Texas,48497.0,202,5.0,18.0,,,,-0.039299997999999996
335445,2020-07-15,Wise,Texas,48497.0,210,5.0,8.0,,,,-0.0164
335446,2020-07-16,Wise,Texas,48497.0,211,5.0,1.0,,,,0.00017299999
335447,2020-07-17,Wise,Texas,48497.0,220,5.0,9.0,,,,-0.0196
335448,2020-07-18,Wise,Texas,48497.0,219,5.0,-1.0,,,,-0.0229
335449,2020-07-19,Wise,Texas,48497.0,219,5.0,0.0,,,,-0.019300001
335450,2020-07-20,Wise,Texas,48497.0,219,5.0,0.0,,,,-0.054499999
335451,2020-07-21,Wise,Texas,48497.0,242,5.0,23.0,,,,-0.034499998999999996
335452,2020-07-22,Wise,Texas,48497.0,250,5.0,8.0,,,,-0.0298
335453,2020-07-23,Wise,Texas,48497.0,265,5.0,15.0,,,,-0.0275
335454,2020-07-24,Wise,Texas,48497.0,266,5.0,1.0,,,,-0.017200001
335455,2020-07-25,Wise,Texas,48497.0,272,5.0,6.0,,,,-0.0074499998999999996
335456,2020-07-26,Wise,Texas,48497.0,272,5.0,0.0,,,,0.0122
335457,2020-07-27,Wise,Texas,48497.0,272,4.0,0.0,,,,0.051899999
335458,2020-07-28,Wise,Texas,48497.0,290,4.0,18.0,,,,0.0135
335459,2020-07-29,Wise,Texas,48497.0,299,4.0,9.0,,,,-0.0131
335460,2020-07-30,Wise,Texas,48497.0,303,5.0,4.0,,,,0.0065299999
335461,2020-07-31,Wise,Texas,48497.0,309,5.0,6.0,,,,0.018200001
335462,2020-08-01,Wise,Texas,48497.0,311,5.0,2.0,,,,0.027899998999999998
335463,2020-08-02,Wise,Texas,48497.0,311,5.0,0.0,,,,-0.040600002
335464,2020-08-03,Wise,Texas,48497.0,311,5.0,0.0,,,,-0.044199999000000004
335465,2020-08-04,Wise,Texas,48497.0,329,5.0,18.0,,,,-0.043499999000000004
335466,2020-08-05,Wise,Texas,48497.0,365,6.0,36.0,,,,-0.044000000000000004
335467,2020-08-06,Wise,Texas,48497.0,375,6.0,10.0,,,,-0.076899998
335468,2020-08-07,Wise,Texas,48497.0,390,6.0,15.0,,,,-0.080399998
335469,2020-08-08,Wise,Texas,48497.0,409,6.0,19.0,,,,-0.07289999700000001
335470,2020-08-09,Wise,Texas,48497.0,409,7.0,0.0,,,,-0.022700001
335471,2020-08-10,Wise,Texas,48497.0,409,7.0,0.0,,,,-0.037799999
335472,2020-08-11,Wise,Texas,48497.0,449,8.0,40.0,,,,-0.0197
335473,2020-08-12,Wise,Texas,48497.0,475,8.0,26.0,,,,0.045899998
335474,2020-08-13,Wise,Texas,48497.0,494,10.0,19.0,,,,0.0845
335475,2020-08-14,Wise,Texas,48497.0,508,10.0,14.0,,,,0.09390000300000001
335476,2020-08-15,Wise,Texas,48497.0,536,10.0,28.0,,,,0.126
335477,2020-08-16,Wise,Texas,48497.0,536,10.0,0.0,,,,0.13699999
335478,2020-08-17,Wise,Texas,48497.0,536,10.0,0.0,,,,0.149
335479,2020-08-18,Wise,Texas,48497.0,568,10.0,32.0,,,,0.155
335480,2020-08-19,Wise,Texas,48497.0,569,10.0,1.0,,,,0.060800001
335481,2020-08-20,Wise,Texas,48497.0,586,11.0,17.0,,,,0.0099400003
335482,2020-08-21,Wise,Texas,48497.0,599,11.0,13.0,,,,-0.0154
335483,2020-08-22,Wise,Texas,48497.0,604,11.0,5.0,,,,-0.031800002
335484,2020-08-23,Wise,Texas,48497.0,604,11.0,0.0,,,,-0.0414
335485,2020-08-24,Wise,Texas,48497.0,604,11.0,0.0,,,,-0.062899999
335486,2020-08-25,Wise,Texas,48497.0,620,11.0,16.0,,,,-0.041000001
335487,2020-08-26,Wise,Texas,48497.0,624,12.0,4.0,,,,-0.0198
335488,2020-08-27,Wise,Texas,48497.0,630,12.0,6.0,,,,0.027899998999999998
335489,2020-08-28,Wise,Texas,48497.0,643,12.0,13.0,,,,0.0277
335490,2020-08-29,Wise,Texas,48497.0,646,12.0,3.0,,,,-0.018300001
335491,2020-08-30,Wise,Texas,48497.0,646,12.0,0.0,,,,-0.033100002
335492,2020-08-31,Wise,Texas,48497.0,646,12.0,0.0,,,,-0.0052999998
335493,2020-09-01,Wise,Texas,48497.0,661,12.0,15.0,,,,-0.06570000200000001
335494,2020-09-02,Wise,Texas,48497.0,665,12.0,4.0,,,,-0.0274
335495,2020-09-03,Wise,Texas,48497.0,665,12.0,0.0,,,,-0.0044499998999999995
335496,2020-09-04,Wise,Texas,48497.0,670,12.0,5.0,,,,-0.0561
335497,2020-09-05,Wise,Texas,48497.0,670,12.0,0.0,,,,-0.0381
335498,2020-09-06,Wise,Texas,48497.0,670,12.0,0.0,,,,0.0105
335499,2020-09-07,Wise,Texas,48497.0,670,12.0,0.0,,,,-0.0039599998999999995
335500,2020-09-08,Wise,Texas,48497.0,670,12.0,0.0,,,,-0.067599997
335501,2020-09-09,Wise,Texas,48497.0,677,12.0,7.0,,,,-0.019300001
335502,2020-09-10,Wise,Texas,48497.0,677,12.0,0.0,,,,0.049400002
335503,2020-09-11,Wise,Texas,48497.0,687,13.0,10.0,,,,0.066299997
335504,2020-09-12,Wise,Texas,48497.0,689,13.0,2.0,,,,0.046100002
335505,2020-09-13,Wise,Texas,48497.0,689,13.0,0.0,,,,0.016100001
335506,2020-09-14,Wise,Texas,48497.0,689,13.0,0.0,,,,0.026799998999999998
335507,2020-09-15,Wise,Texas,48497.0,703,13.0,14.0,,,,0.055399999000000005
335508,2020-09-16,Wise,Texas,48497.0,705,13.0,2.0,,,,0.0082599996
335509,2020-09-17,Wise,Texas,48497.0,710,13.0,5.0,,,,-0.020400001
335510,2020-09-18,Wise,Texas,48497.0,712,13.0,2.0,,,,0.033500001
335511,2020-09-19,Wise,Texas,48497.0,712,13.0,0.0,,,,0.026900001
335512,2020-09-20,Wise,Texas,48497.0,712,13.0,0.0,,,,0.035999998
335513,2020-09-21,Wise,Texas,48497.0,712,13.0,0.0,,,,0.021199999
335514,2020-09-22,Wise,Texas,48497.0,757,13.0,45.0,,,,-0.0115
335515,2020-09-23,Wise,Texas,48497.0,761,13.0,4.0,,,,0.024800001000000002
335516,2020-09-24,Wise,Texas,48497.0,763,14.0,2.0,,,,0.0447
335517,2020-09-25,Wise,Texas,48497.0,763,14.0,0.0,,,,0.054900002
335518,2020-09-26,Wise,Texas,48497.0,760,14.0,-3.0,,,,0.106
335519,2020-09-27,Wise,Texas,48497.0,760,14.0,0.0,,,,0.12800001
335520,2020-09-28,Wise,Texas,48497.0,760,14.0,0.0,,,,0.132
335521,2020-09-29,Wise,Texas,48497.0,768,14.0,8.0,,,,0.154
335522,2020-09-30,Wise,Texas,48497.0,771,14.0,3.0,,,,0.154
335523,2020-10-01,Wise,Texas,48497.0,776,14.0,5.0,,,,0.08550000199999999
335524,2020-10-02,Wise,Texas,48497.0,778,14.0,2.0,,,,0.056000002
335525,2020-10-03,Wise,Texas,48497.0,784,14.0,6.0,,,,0.050500002
335526,2020-10-04,Wise,Texas,48497.0,784,14.0,0.0,,,,0.0114
335527,2020-10-05,Wise,Texas,48497.0,784,14.0,0.0,,,,-0.0207
335528,2020-10-06,Wise,Texas,48497.0,791,14.0,7.0,,,,-0.0096199997
335529,2020-10-07,Wise,Texas,48497.0,799,14.0,8.0,,,,-0.0251
335530,2020-10-08,Wise,Texas,48497.0,801,14.0,2.0,,,,-0.0029
335531,2020-10-09,Wise,Texas,48497.0,812,14.0,11.0,,,,-0.054200001
335532,2020-10-10,Wise,Texas,48497.0,812,14.0,0.0,,,,-0.109
335533,2020-10-11,Wise,Texas,48497.0,812,14.0,0.0,,,,-0.080499999
335534,2020-10-12,Wise,Texas,48497.0,812,14.0,0.0,,,,-0.046500001
335535,2020-10-13,Wise,Texas,48497.0,823,14.0,11.0,,,,-0.06570000200000001
335536,2020-10-14,Wise,Texas,48497.0,831,14.0,8.0,,,,-0.046100002
335537,2020-10-15,Wise,Texas,48497.0,837,14.0,6.0,,,,-0.036200002
335538,2020-10-16,Wise,Texas,48497.0,838,15.0,1.0,,,,-0.035
335539,2020-10-17,Wise,Texas,48497.0,848,15.0,10.0,,,,-0.0272
335540,2020-10-18,Wise,Texas,48497.0,848,15.0,0.0,,,,-0.0309
335541,2020-10-19,Wise,Texas,48497.0,848,15.0,0.0,,,,-0.025800001
335542,2020-10-20,Wise,Texas,48497.0,848,15.0,0.0,,,,-0.056000002
335543,2020-10-21,Wise,Texas,48497.0,881,15.0,33.0,,,,-0.063600004
335544,2020-10-22,Wise,Texas,48497.0,881,15.0,0.0,,,,-0.067199998
335545,2020-10-23,Wise,Texas,48497.0,885,15.0,4.0,,,,-0.0319
335546,2020-10-24,Wise,Texas,48497.0,908,15.0,23.0,,,,-0.028100001
335547,2020-10-25,Wise,Texas,48497.0,908,15.0,0.0,,,,-0.0288
335548,2020-10-26,Wise,Texas,48497.0,908,15.0,0.0,,,,-0.033599999
335549,2020-10-27,Wise,Texas,48497.0,925,15.0,17.0,,,,-0.0189
335550,2020-10-28,Wise,Texas,48497.0,930,15.0,5.0,,,,-0.0297
335551,2020-10-29,Wise,Texas,48497.0,944,15.0,14.0,,,,-0.0023699999
335552,2020-10-30,Wise,Texas,48497.0,959,16.0,15.0,,,,0.035799999
335553,2020-10-31,Wise,Texas,48497.0,965,16.0,6.0,,,,0.032600001
335554,2020-11-01,Wise,Texas,48497.0,965,16.0,0.0,,,,0.0275
335555,2020-11-02,Wise,Texas,48497.0,965,16.0,0.0,,,,0.053399999000000004
335556,2020-11-03,Wise,Texas,48497.0,998,16.0,33.0,,,,0.060699999000000004
335557,2020-11-04,Wise,Texas,48497.0,1004,16.0,6.0,,,,0.07299999900000001
335558,2020-11-05,Wise,Texas,48497.0,1022,16.0,18.0,,,,0.061900000999999996
335559,2020-11-06,Wise,Texas,48497.0,1033,16.0,11.0,,,,0.045299999
335560,2020-11-07,Wise,Texas,48497.0,1032,16.0,-1.0,,,,0.081600003
335561,2020-11-08,Wise,Texas,48497.0,1032,16.0,0.0,,,,0.097800002
335562,2020-11-09,Wise,Texas,48497.0,1032,16.0,0.0,,,,0.0845
335563,2020-11-10,Wise,Texas,48497.0,1130,18.0,98.0,,,,0.10300000000000001
335564,2020-11-11,Wise,Texas,48497.0,1133,20.0,3.0,,,,0.15700001
335565,2020-11-12,Wise,Texas,48497.0,1133,21.0,0.0,,,,0.11
335566,2020-11-13,Wise,Texas,48497.0,1180,23.0,47.0,,,,0.13500001
335567,2020-11-14,Wise,Texas,48497.0,1208,26.0,28.0,,,,0.125
335568,2020-11-15,Wise,Texas,48497.0,1208,26.0,0.0,,,,0.09629999800000001
335569,2020-11-16,Wise,Texas,48497.0,1208,26.0,0.0,,,,0.081699997
335570,2020-11-17,Wise,Texas,48497.0,1249,26.0,41.0,,,,0.0748
335571,2020-11-18,Wise,Texas,48497.0,1279,27.0,30.0,,,,0.054000001
335572,2020-11-19,Wise,Texas,48497.0,1357,28.0,78.0,,,,0.0053900001
335573,2020-11-20,Wise,Texas,48497.0,1402,28.0,45.0,,,,0.0156
335574,2020-11-21,Wise,Texas,48497.0,1418,30.0,16.0,,,,-0.0294
335575,2020-11-22,Wise,Texas,48497.0,1418,30.0,0.0,,,,-0.024499998999999998
