,date,county,state,fips,cases,deaths,new_cases,emp_combined,emp_combined_inclow,revenue_all,spend_all
336192,2020-03-18,Box Elder,Utah,49003.0,1,0.0,0.0,,,,-0.070699997
336193,2020-03-19,Box Elder,Utah,49003.0,1,0.0,0.0,,,,-0.14800000000000002
336194,2020-03-20,Box Elder,Utah,49003.0,1,0.0,0.0,,,,-0.154
336195,2020-03-21,Box Elder,Utah,49003.0,1,0.0,0.0,,,,-0.18899999999999997
336196,2020-03-22,Box Elder,Utah,49003.0,1,0.0,0.0,,,,-0.23100001
336197,2020-03-23,Box Elder,Utah,49003.0,1,0.0,0.0,,,,-0.26899999
336198,2020-03-24,Box Elder,Utah,49003.0,1,0.0,0.0,,,,-0.28
336199,2020-03-25,Box Elder,Utah,49003.0,2,0.0,1.0,,,,-0.25400001
336200,2020-03-26,Box Elder,Utah,49003.0,2,0.0,0.0,,,,-0.244
336201,2020-03-27,Box Elder,Utah,49003.0,2,0.0,0.0,,,,-0.21899999999999997
336202,2020-03-28,Box Elder,Utah,49003.0,4,0.0,2.0,,,,-0.205
336203,2020-03-29,Box Elder,Utah,49003.0,4,0.0,0.0,,,,-0.19699999999999998
336204,2020-03-30,Box Elder,Utah,49003.0,7,0.0,3.0,,,,-0.222
336205,2020-03-31,Box Elder,Utah,49003.0,7,0.0,0.0,,,,-0.235
336206,2020-04-01,Box Elder,Utah,49003.0,7,0.0,0.0,,,,-0.22400001
336207,2020-04-02,Box Elder,Utah,49003.0,9,0.0,2.0,,,,-0.22400001
336208,2020-04-03,Box Elder,Utah,49003.0,10,0.0,1.0,,,,-0.273
336209,2020-04-04,Box Elder,Utah,49003.0,10,0.0,0.0,,,,-0.266
336210,2020-04-05,Box Elder,Utah,49003.0,10,0.0,0.0,,,,-0.25600001
336211,2020-04-06,Box Elder,Utah,49003.0,10,0.0,0.0,,,,-0.233
336212,2020-04-07,Box Elder,Utah,49003.0,11,0.0,1.0,,,,-0.237
336213,2020-04-08,Box Elder,Utah,49003.0,13,0.0,2.0,,,,-0.27399999
336214,2020-04-09,Box Elder,Utah,49003.0,13,0.0,0.0,,,,-0.26499999
336215,2020-04-10,Box Elder,Utah,49003.0,12,0.0,-1.0,,,,-0.23
336216,2020-04-11,Box Elder,Utah,49003.0,12,0.0,0.0,,,,-0.21799999
336217,2020-04-12,Box Elder,Utah,49003.0,12,0.0,0.0,,,,-0.215
336218,2020-04-13,Box Elder,Utah,49003.0,13,0.0,1.0,,,,-0.213
336219,2020-04-14,Box Elder,Utah,49003.0,13,0.0,0.0,,,,-0.20600000000000002
336220,2020-04-15,Box Elder,Utah,49003.0,13,0.0,0.0,,,,-0.185
336221,2020-04-16,Box Elder,Utah,49003.0,13,0.0,0.0,,,,-0.193
336222,2020-04-17,Box Elder,Utah,49003.0,16,0.0,3.0,,,,-0.084799998
336223,2020-04-18,Box Elder,Utah,49003.0,16,0.0,0.0,,,,-0.049400002
336224,2020-04-19,Box Elder,Utah,49003.0,16,0.0,0.0,,,,-0.032499999
336225,2020-04-20,Box Elder,Utah,49003.0,17,1.0,1.0,,,,-0.042399999
336226,2020-04-21,Box Elder,Utah,49003.0,17,1.0,0.0,,,,0.0115
336227,2020-04-22,Box Elder,Utah,49003.0,17,1.0,0.0,,,,-0.0163
336228,2020-04-23,Box Elder,Utah,49003.0,17,1.0,0.0,,,,0.030200001
336229,2020-04-24,Box Elder,Utah,49003.0,17,1.0,0.0,,,,-0.0319
336230,2020-04-25,Box Elder,Utah,49003.0,17,1.0,0.0,,,,-0.061900000999999996
336231,2020-04-26,Box Elder,Utah,49003.0,17,1.0,0.0,,,,-0.102
336232,2020-04-27,Box Elder,Utah,49003.0,17,1.0,0.0,,,,-0.052999999000000006
336233,2020-04-28,Box Elder,Utah,49003.0,17,1.0,0.0,,,,-0.057500000999999995
336234,2020-04-29,Box Elder,Utah,49003.0,17,1.0,0.0,,,,-0.06329999900000001
336235,2020-04-30,Box Elder,Utah,49003.0,17,1.0,0.0,,,,-0.114
336236,2020-05-01,Box Elder,Utah,49003.0,18,1.0,1.0,,,,-0.125
336237,2020-05-02,Box Elder,Utah,49003.0,18,1.0,0.0,,,,-0.090400003
336238,2020-05-03,Box Elder,Utah,49003.0,18,1.0,0.0,,,,-0.050299998
336239,2020-05-04,Box Elder,Utah,49003.0,18,1.0,0.0,,,,-0.055100000999999996
336240,2020-05-05,Box Elder,Utah,49003.0,18,1.0,0.0,,,,-0.0656
336241,2020-05-06,Box Elder,Utah,49003.0,19,1.0,1.0,,,,-0.020400001
336242,2020-05-07,Box Elder,Utah,49003.0,19,1.0,0.0,,,,-6.140000200000001e-05
336243,2020-05-08,Box Elder,Utah,49003.0,19,1.0,0.0,,,,0.09260000300000001
336244,2020-05-09,Box Elder,Utah,49003.0,20,1.0,1.0,,,,0.060400002
336245,2020-05-10,Box Elder,Utah,49003.0,20,1.0,0.0,,,,0.037599999
336246,2020-05-11,Box Elder,Utah,49003.0,21,1.0,1.0,,,,0.00813
336247,2020-05-12,Box Elder,Utah,49003.0,21,1.0,0.0,,,,0.0163
336248,2020-05-13,Box Elder,Utah,49003.0,23,1.0,2.0,,,,0.0209
336249,2020-05-14,Box Elder,Utah,49003.0,24,1.0,1.0,,,,-0.032499999
336250,2020-05-15,Box Elder,Utah,49003.0,24,1.0,0.0,,,,-0.07540000200000001
336251,2020-05-16,Box Elder,Utah,49003.0,25,1.0,1.0,,,,-0.08940000099999999
336252,2020-05-17,Box Elder,Utah,49003.0,25,1.0,0.0,,,,-0.0744
336253,2020-05-18,Box Elder,Utah,49003.0,25,1.0,0.0,,,,-0.0726
336254,2020-05-19,Box Elder,Utah,49003.0,25,1.0,0.0,,,,-0.083800003
336255,2020-05-20,Box Elder,Utah,49003.0,25,1.0,0.0,,,,-0.10800000000000001
336256,2020-05-21,Box Elder,Utah,49003.0,25,1.0,0.0,,,,-0.06199999900000001
336257,2020-05-22,Box Elder,Utah,49003.0,25,1.0,0.0,,,,-0.0083699999
336258,2020-05-23,Box Elder,Utah,49003.0,25,1.0,0.0,,,,0.045299999
336259,2020-05-24,Box Elder,Utah,49003.0,25,1.0,0.0,,,,0.042100001
336260,2020-05-25,Box Elder,Utah,49003.0,25,1.0,0.0,,,,0.031500001
336261,2020-05-26,Box Elder,Utah,49003.0,26,1.0,1.0,,,,0.0352
336262,2020-05-27,Box Elder,Utah,49003.0,26,1.0,0.0,,,,0.061700001
336263,2020-05-28,Box Elder,Utah,49003.0,26,1.0,0.0,,,,0.0623
336264,2020-05-29,Box Elder,Utah,49003.0,26,1.0,0.0,,,,0.0068600001
336265,2020-05-30,Box Elder,Utah,49003.0,27,1.0,1.0,,,,-0.0462
336266,2020-05-31,Box Elder,Utah,49003.0,29,1.0,2.0,,,,-0.042300001
336267,2020-06-01,Box Elder,Utah,49003.0,29,1.0,0.0,,,,-0.035500001
336268,2020-06-02,Box Elder,Utah,49003.0,30,1.0,1.0,,,,-0.038400002
336269,2020-06-03,Box Elder,Utah,49003.0,31,1.0,1.0,,,,0.0046999999
336270,2020-06-04,Box Elder,Utah,49003.0,34,1.0,3.0,,,,-0.0024600001
336271,2020-06-05,Box Elder,Utah,49003.0,47,1.0,13.0,,,,-0.0251
336272,2020-06-06,Box Elder,Utah,49003.0,49,1.0,2.0,,,,-0.047499999
336273,2020-06-07,Box Elder,Utah,49003.0,51,1.0,2.0,,,,-0.0495
336274,2020-06-08,Box Elder,Utah,49003.0,55,1.0,4.0,,,,-0.04309999900000001
336275,2020-06-09,Box Elder,Utah,49003.0,59,1.0,4.0,,,,-0.033300001
336276,2020-06-10,Box Elder,Utah,49003.0,61,1.0,2.0,,,,-0.069200002
336277,2020-06-11,Box Elder,Utah,49003.0,71,1.0,10.0,,,,-0.079400003
336278,2020-06-12,Box Elder,Utah,49003.0,73,1.0,2.0,,,,-0.063600004
336279,2020-06-13,Box Elder,Utah,49003.0,77,1.0,4.0,,,,-0.0149
336280,2020-06-14,Box Elder,Utah,49003.0,78,1.0,1.0,,,,-0.037700001000000004
336281,2020-06-15,Box Elder,Utah,49003.0,82,1.0,4.0,,,,-0.0495
336282,2020-06-16,Box Elder,Utah,49003.0,82,1.0,0.0,,,,-0.045499999000000006
336283,2020-06-17,Box Elder,Utah,49003.0,85,1.0,3.0,,,,-0.061799999
336284,2020-06-18,Box Elder,Utah,49003.0,90,1.0,5.0,,,,-0.0792
336285,2020-06-19,Box Elder,Utah,49003.0,97,1.0,7.0,,,,-0.0592
336286,2020-06-20,Box Elder,Utah,49003.0,100,1.0,3.0,,,,-0.035300002000000004
336287,2020-06-21,Box Elder,Utah,49003.0,106,1.0,6.0,,,,-0.055599999000000004
336288,2020-06-22,Box Elder,Utah,49003.0,111,1.0,5.0,,,,-0.035500001
336289,2020-06-23,Box Elder,Utah,49003.0,111,1.0,0.0,,,,-0.068499997
336290,2020-06-24,Box Elder,Utah,49003.0,115,1.0,4.0,,,,-0.045899998
336291,2020-06-25,Box Elder,Utah,49003.0,117,1.0,2.0,,,,-0.0086700004
336292,2020-06-26,Box Elder,Utah,49003.0,124,1.0,7.0,,,,-0.024800001000000002
336293,2020-06-27,Box Elder,Utah,49003.0,136,1.0,12.0,,,,-0.059099998
336294,2020-06-28,Box Elder,Utah,49003.0,138,1.0,2.0,,,,-0.044300001
336295,2020-06-29,Box Elder,Utah,49003.0,144,1.0,6.0,,,,-0.065300003
336296,2020-06-30,Box Elder,Utah,49003.0,147,1.0,3.0,,,,-0.020099999
336297,2020-07-01,Box Elder,Utah,49003.0,150,1.0,3.0,,,,-0.071400002
336298,2020-07-02,Box Elder,Utah,49003.0,157,1.0,7.0,,,,-0.087099999
336299,2020-07-03,Box Elder,Utah,49003.0,161,1.0,4.0,,,,-0.109
336300,2020-07-04,Box Elder,Utah,49003.0,170,1.0,9.0,,,,-0.122
336301,2020-07-05,Box Elder,Utah,49003.0,175,1.0,5.0,,,,-0.13500001
336302,2020-07-06,Box Elder,Utah,49003.0,180,1.0,5.0,,,,-0.102
336303,2020-07-07,Box Elder,Utah,49003.0,190,1.0,10.0,,,,-0.115
336304,2020-07-08,Box Elder,Utah,49003.0,199,1.0,9.0,,,,-0.068099998
336305,2020-07-09,Box Elder,Utah,49003.0,209,1.0,10.0,,,,-0.092200004
336306,2020-07-10,Box Elder,Utah,49003.0,216,1.0,7.0,,,,-0.147
336307,2020-07-11,Box Elder,Utah,49003.0,225,1.0,9.0,,,,-0.153
336308,2020-07-12,Box Elder,Utah,49003.0,236,1.0,11.0,,,,-0.13699999
336309,2020-07-13,Box Elder,Utah,49003.0,237,1.0,1.0,,,,-0.141
336310,2020-07-14,Box Elder,Utah,49003.0,238,1.0,1.0,,,,-0.16
336311,2020-07-15,Box Elder,Utah,49003.0,240,1.0,2.0,,,,-0.22
336312,2020-07-16,Box Elder,Utah,49003.0,247,1.0,7.0,,,,-0.27000001
336313,2020-07-17,Box Elder,Utah,49003.0,247,1.0,0.0,,,,-0.18700001
336314,2020-07-18,Box Elder,Utah,49003.0,249,1.0,2.0,,,,-0.19
336315,2020-07-19,Box Elder,Utah,49003.0,259,1.0,10.0,,,,-0.221
336316,2020-07-20,Box Elder,Utah,49003.0,262,1.0,3.0,,,,-0.25299999
336317,2020-07-21,Box Elder,Utah,49003.0,266,2.0,4.0,,,,-0.24600001
336318,2020-07-22,Box Elder,Utah,49003.0,274,2.0,8.0,,,,-0.23
336319,2020-07-23,Box Elder,Utah,49003.0,280,2.0,6.0,,,,-0.161
336320,2020-07-24,Box Elder,Utah,49003.0,292,2.0,12.0,,,,-0.15899999
336321,2020-07-25,Box Elder,Utah,49003.0,296,2.0,4.0,,,,-0.162
336322,2020-07-26,Box Elder,Utah,49003.0,297,2.0,1.0,,,,-0.0973
336323,2020-07-27,Box Elder,Utah,49003.0,297,2.0,0.0,,,,-0.050000000999999995
336324,2020-07-28,Box Elder,Utah,49003.0,300,2.0,3.0,,,,-0.054900002
336325,2020-07-29,Box Elder,Utah,49003.0,305,2.0,5.0,,,,-0.0142
336326,2020-07-30,Box Elder,Utah,49003.0,308,2.0,3.0,,,,0.0217
336327,2020-07-31,Box Elder,Utah,49003.0,317,2.0,9.0,,,,-0.0188
336328,2020-08-01,Box Elder,Utah,49003.0,328,2.0,11.0,,,,0.00135
336329,2020-08-02,Box Elder,Utah,49003.0,328,2.0,0.0,,,,-0.0052800002
336330,2020-08-03,Box Elder,Utah,49003.0,332,2.0,4.0,,,,0.0044399997999999994
336331,2020-08-04,Box Elder,Utah,49003.0,334,2.0,2.0,,,,0.0394
336332,2020-08-05,Box Elder,Utah,49003.0,338,2.0,4.0,,,,0.064400002
336333,2020-08-06,Box Elder,Utah,49003.0,350,2.0,12.0,,,,0.0167
336334,2020-08-07,Box Elder,Utah,49003.0,362,2.0,12.0,,,,0.039099998999999996
336335,2020-08-08,Box Elder,Utah,49003.0,363,2.0,1.0,,,,0.084299996
336336,2020-08-09,Box Elder,Utah,49003.0,373,2.0,10.0,,,,0.087200001
336337,2020-08-10,Box Elder,Utah,49003.0,376,2.0,3.0,,,,0.054299999
336338,2020-08-11,Box Elder,Utah,49003.0,378,2.0,2.0,,,,0.055799997999999996
336339,2020-08-12,Box Elder,Utah,49003.0,386,2.0,8.0,,,,0.0297
336340,2020-08-13,Box Elder,Utah,49003.0,390,2.0,4.0,,,,0.079999998
336341,2020-08-14,Box Elder,Utah,49003.0,390,2.0,0.0,,,,-0.0601
336342,2020-08-15,Box Elder,Utah,49003.0,396,2.0,6.0,,,,-0.081500001
336343,2020-08-16,Box Elder,Utah,49003.0,400,2.0,4.0,,,,-0.11900000000000001
336344,2020-08-17,Box Elder,Utah,49003.0,405,2.0,5.0,,,,-0.106
336345,2020-08-18,Box Elder,Utah,49003.0,411,3.0,6.0,,,,-0.154
336346,2020-08-19,Box Elder,Utah,49003.0,414,3.0,3.0,,,,-0.16699999999999998
336347,2020-08-20,Box Elder,Utah,49003.0,417,3.0,3.0,,,,-0.17399999
336348,2020-08-21,Box Elder,Utah,49003.0,422,3.0,5.0,,,,-0.098700002
336349,2020-08-22,Box Elder,Utah,49003.0,426,3.0,4.0,,,,-0.047400001
336350,2020-08-23,Box Elder,Utah,49003.0,431,3.0,5.0,,,,-0.0154
336351,2020-08-24,Box Elder,Utah,49003.0,431,3.0,0.0,,,,-0.044599999
336352,2020-08-25,Box Elder,Utah,49003.0,434,3.0,3.0,,,,-0.0037400001000000003
336353,2020-08-26,Box Elder,Utah,49003.0,436,3.0,2.0,,,,0.0048099998
336354,2020-08-27,Box Elder,Utah,49003.0,438,3.0,2.0,,,,-0.0128
336355,2020-08-28,Box Elder,Utah,49003.0,440,5.0,2.0,,,,-0.023700001000000002
336356,2020-08-29,Box Elder,Utah,49003.0,443,5.0,3.0,,,,-0.0078699999
336357,2020-08-30,Box Elder,Utah,49003.0,443,5.0,0.0,,,,-0.0074300002
336358,2020-08-31,Box Elder,Utah,49003.0,447,5.0,4.0,,,,0.02
336359,2020-09-01,Box Elder,Utah,49003.0,447,5.0,0.0,,,,0.00954
336360,2020-09-02,Box Elder,Utah,49003.0,448,5.0,1.0,,,,-0.00109
336361,2020-09-03,Box Elder,Utah,49003.0,450,5.0,2.0,,,,-0.00266
336362,2020-09-04,Box Elder,Utah,49003.0,451,5.0,1.0,,,,-0.057500000999999995
336363,2020-09-05,Box Elder,Utah,49003.0,451,5.0,0.0,,,,-0.076399997
336364,2020-09-06,Box Elder,Utah,49003.0,451,5.0,0.0,,,,-0.0678
336365,2020-09-07,Box Elder,Utah,49003.0,455,5.0,4.0,,,,-0.090700001
336366,2020-09-08,Box Elder,Utah,49003.0,458,5.0,3.0,,,,-0.132
336367,2020-09-09,Box Elder,Utah,49003.0,460,5.0,2.0,,,,-0.0254
336368,2020-09-10,Box Elder,Utah,49003.0,466,5.0,6.0,,,,0.0185
336369,2020-09-11,Box Elder,Utah,49003.0,470,5.0,4.0,,,,0.0027900001
336370,2020-09-12,Box Elder,Utah,49003.0,474,5.0,4.0,,,,0.122
336371,2020-09-13,Box Elder,Utah,49003.0,475,5.0,1.0,,,,0.030999999
336372,2020-09-14,Box Elder,Utah,49003.0,476,5.0,1.0,,,,0.00060899998
336373,2020-09-15,Box Elder,Utah,49003.0,488,5.0,12.0,,,,0.0436
336374,2020-09-16,Box Elder,Utah,49003.0,491,5.0,3.0,,,,0.034499998999999996
336375,2020-09-17,Box Elder,Utah,49003.0,496,5.0,5.0,,,,0.004929999799999999
336376,2020-09-18,Box Elder,Utah,49003.0,507,5.0,11.0,,,,-0.0255
336377,2020-09-19,Box Elder,Utah,49003.0,517,5.0,10.0,,,,-0.057999998
336378,2020-09-20,Box Elder,Utah,49003.0,522,5.0,5.0,,,,-0.031800002
336379,2020-09-21,Box Elder,Utah,49003.0,528,5.0,6.0,,,,-0.031399999
336380,2020-09-22,Box Elder,Utah,49003.0,532,5.0,4.0,,,,-0.048799999000000004
336381,2020-09-23,Box Elder,Utah,49003.0,537,5.0,5.0,,,,-0.10300000000000001
336382,2020-09-24,Box Elder,Utah,49003.0,547,5.0,10.0,,,,-0.048799999000000004
336383,2020-09-25,Box Elder,Utah,49003.0,550,5.0,3.0,,,,-0.073200002
336384,2020-09-26,Box Elder,Utah,49003.0,559,5.0,9.0,,,,-0.067900002
336385,2020-09-27,Box Elder,Utah,49003.0,567,5.0,8.0,,,,-0.059799999000000006
336386,2020-09-28,Box Elder,Utah,49003.0,570,5.0,3.0,,,,-0.073700003
336387,2020-09-29,Box Elder,Utah,49003.0,573,5.0,3.0,,,,-0.06580000400000001
336388,2020-09-30,Box Elder,Utah,49003.0,576,5.0,3.0,,,,-0.0288
336389,2020-10-01,Box Elder,Utah,49003.0,584,5.0,8.0,,,,-0.0539
336390,2020-10-02,Box Elder,Utah,49003.0,592,5.0,8.0,,,,-0.0218
336391,2020-10-03,Box Elder,Utah,49003.0,596,5.0,4.0,,,,0.029200001
336392,2020-10-04,Box Elder,Utah,49003.0,608,5.0,12.0,,,,0.043699998
336393,2020-10-05,Box Elder,Utah,49003.0,611,5.0,3.0,,,,0.07829999900000001
336394,2020-10-06,Box Elder,Utah,49003.0,627,5.0,16.0,,,,0.022700001
336395,2020-10-07,Box Elder,Utah,49003.0,643,5.0,16.0,,,,0.0425
336396,2020-10-08,Box Elder,Utah,49003.0,654,5.0,11.0,,,,0.0035600001000000003
336397,2020-10-09,Box Elder,Utah,49003.0,668,5.0,14.0,,,,0.000122
336398,2020-10-10,Box Elder,Utah,49003.0,678,5.0,10.0,,,,-0.049600001
336399,2020-10-11,Box Elder,Utah,49003.0,692,5.0,14.0,,,,-0.056000002
336400,2020-10-12,Box Elder,Utah,49003.0,700,5.0,8.0,,,,-0.0977
336401,2020-10-13,Box Elder,Utah,49003.0,706,5.0,6.0,,,,-0.071999997
336402,2020-10-14,Box Elder,Utah,49003.0,730,5.0,24.0,,,,-0.045600000999999994
336403,2020-10-15,Box Elder,Utah,49003.0,750,5.0,20.0,,,,0.026000001000000002
336404,2020-10-16,Box Elder,Utah,49003.0,756,6.0,6.0,,,,0.020300001
336405,2020-10-17,Box Elder,Utah,49003.0,765,6.0,9.0,,,,0.0219
336406,2020-10-18,Box Elder,Utah,49003.0,793,6.0,28.0,,,,0.036899998999999996
336407,2020-10-19,Box Elder,Utah,49003.0,796,6.0,3.0,,,,0.09799999699999999
336408,2020-10-20,Box Elder,Utah,49003.0,813,6.0,17.0,,,,0.10300000000000001
336409,2020-10-21,Box Elder,Utah,49003.0,821,6.0,8.0,,,,0.080899999
336410,2020-10-22,Box Elder,Utah,49003.0,856,6.0,35.0,,,,0.0069499997999999995
336411,2020-10-23,Box Elder,Utah,49003.0,875,6.0,19.0,,,,0.0252
336412,2020-10-24,Box Elder,Utah,49003.0,899,6.0,24.0,,,,0.0713
336413,2020-10-25,Box Elder,Utah,49003.0,917,6.0,18.0,,,,0.075199999
336414,2020-10-26,Box Elder,Utah,49003.0,927,6.0,10.0,,,,0.044399999
336415,2020-10-27,Box Elder,Utah,49003.0,942,6.0,15.0,,,,0.102
336416,2020-10-28,Box Elder,Utah,49003.0,961,6.0,19.0,,,,0.069899999
336417,2020-10-29,Box Elder,Utah,49003.0,986,6.0,25.0,,,,0.105
336418,2020-10-30,Box Elder,Utah,49003.0,1003,7.0,17.0,,,,0.068099998
336419,2020-10-31,Box Elder,Utah,49003.0,1043,7.0,40.0,,,,0.036899998999999996
336420,2020-11-01,Box Elder,Utah,49003.0,1055,8.0,12.0,,,,-0.037000000000000005
336421,2020-11-02,Box Elder,Utah,49003.0,1074,8.0,19.0,,,,-0.017999999
336422,2020-11-03,Box Elder,Utah,49003.0,1114,8.0,40.0,,,,-0.048300002
336423,2020-11-04,Box Elder,Utah,49003.0,1155,8.0,41.0,,,,-0.015799999
336424,2020-11-05,Box Elder,Utah,49003.0,1197,8.0,42.0,,,,-0.0515
336425,2020-11-06,Box Elder,Utah,49003.0,1236,8.0,39.0,,,,-0.000309
336426,2020-11-07,Box Elder,Utah,49003.0,1272,8.0,36.0,,,,0.048599999000000005
336427,2020-11-08,Box Elder,Utah,49003.0,1333,8.0,61.0,,,,0.11199999999999999
336428,2020-11-09,Box Elder,Utah,49003.0,1359,8.0,26.0,,,,0.060600000999999994
336429,2020-11-10,Box Elder,Utah,49003.0,1418,8.0,59.0,,,,0.056899998
336430,2020-11-11,Box Elder,Utah,49003.0,1455,8.0,37.0,,,,0.05519999900000001
336431,2020-11-12,Box Elder,Utah,49003.0,1513,8.0,58.0,,,,0.134
336432,2020-11-13,Box Elder,Utah,49003.0,1583,10.0,70.0,,,,0.086300001
336433,2020-11-14,Box Elder,Utah,49003.0,1637,10.0,54.0,,,,0.08470000300000001
336434,2020-11-15,Box Elder,Utah,49003.0,1653,10.0,16.0,,,,0.046999998
336435,2020-11-16,Box Elder,Utah,49003.0,1677,11.0,24.0,,,,0.0634
336436,2020-11-17,Box Elder,Utah,49003.0,1677,11.0,0.0,,,,0.074900001
336437,2020-11-18,Box Elder,Utah,49003.0,1742,11.0,65.0,,,,0.030099999
336438,2020-11-19,Box Elder,Utah,49003.0,1779,11.0,37.0,,,,0.0047300002
336439,2020-11-20,Box Elder,Utah,49003.0,1861,11.0,82.0,,,,0.0221
336440,2020-11-21,Box Elder,Utah,49003.0,1908,11.0,47.0,,,,-0.027899998999999998
336441,2020-11-22,Box Elder,Utah,49003.0,1958,11.0,50.0,,,,-0.021199999
