,date,county,state,fips,cases,deaths,new_cases,emp_combined,emp_combined_inclow,revenue_all,spend_all
339314,2020-03-27,Uintah,Utah,49047.0,1,0.0,0.0,,,,-0.33500001
339315,2020-03-28,Uintah,Utah,49047.0,1,0.0,0.0,,,,-0.33500001
339316,2020-03-29,Uintah,Utah,49047.0,1,0.0,0.0,,,,-0.322
339317,2020-03-30,Uintah,Utah,49047.0,1,0.0,0.0,,,,-0.322
339318,2020-03-31,Uintah,Utah,49047.0,1,0.0,0.0,,,,-0.31
339319,2020-04-01,Uintah,Utah,49047.0,1,0.0,0.0,,,,-0.237
339320,2020-04-02,Uintah,Utah,49047.0,1,0.0,0.0,,,,-0.248
339321,2020-04-03,Uintah,Utah,49047.0,1,0.0,0.0,,,,-0.183
339322,2020-04-04,Uintah,Utah,49047.0,1,0.0,0.0,,,,-0.20100001
339323,2020-04-05,Uintah,Utah,49047.0,1,0.0,0.0,,,,-0.177
339324,2020-04-06,Uintah,Utah,49047.0,1,0.0,0.0,,,,-0.19400001
339325,2020-04-07,Uintah,Utah,49047.0,2,0.0,1.0,,,,-0.16699999999999998
339326,2020-04-08,Uintah,Utah,49047.0,4,0.0,2.0,,,,-0.25099999
339327,2020-04-09,Uintah,Utah,49047.0,5,0.0,1.0,,,,-0.26499999
339328,2020-04-10,Uintah,Utah,49047.0,5,0.0,0.0,,,,-0.31400001
339329,2020-04-11,Uintah,Utah,49047.0,5,0.0,0.0,,,,-0.31799999
339330,2020-04-12,Uintah,Utah,49047.0,5,0.0,0.0,,,,-0.35600001
339331,2020-04-13,Uintah,Utah,49047.0,6,0.0,1.0,,,,-0.31999999
339332,2020-04-14,Uintah,Utah,49047.0,6,0.0,0.0,,,,-0.35499999
339333,2020-04-15,Uintah,Utah,49047.0,6,0.0,0.0,,,,-0.35100001
339334,2020-04-16,Uintah,Utah,49047.0,6,0.0,0.0,,,,-0.33399999
339335,2020-04-17,Uintah,Utah,49047.0,6,0.0,0.0,,,,-0.34700000000000003
339336,2020-04-18,Uintah,Utah,49047.0,6,0.0,0.0,,,,-0.428
339337,2020-04-19,Uintah,Utah,49047.0,6,0.0,0.0,,,,-0.39799999999999996
339338,2020-04-20,Uintah,Utah,49047.0,6,0.0,0.0,,,,-0.45100001
339339,2020-04-21,Uintah,Utah,49047.0,6,0.0,0.0,,,,-0.442
339340,2020-04-22,Uintah,Utah,49047.0,6,0.0,0.0,,,,-0.39399999
339341,2020-04-23,Uintah,Utah,49047.0,6,0.0,0.0,,,,-0.37599999
339342,2020-04-24,Uintah,Utah,49047.0,6,0.0,0.0,,,,-0.33299999999999996
339343,2020-04-25,Uintah,Utah,49047.0,6,0.0,0.0,,,,-0.222
339344,2020-04-26,Uintah,Utah,49047.0,6,0.0,0.0,,,,-0.212
339345,2020-04-27,Uintah,Utah,49047.0,6,0.0,0.0,,,,-0.141
339346,2020-04-28,Uintah,Utah,49047.0,6,0.0,0.0,,,,-0.182
339347,2020-04-29,Uintah,Utah,49047.0,6,0.0,0.0,,,,-0.153
339348,2020-04-30,Uintah,Utah,49047.0,6,0.0,0.0,,,,-0.192
339349,2020-05-01,Uintah,Utah,49047.0,6,0.0,0.0,,,,-0.145
339350,2020-05-02,Uintah,Utah,49047.0,6,0.0,0.0,,,,-0.259
339351,2020-05-03,Uintah,Utah,49047.0,6,0.0,0.0,,,,-0.25600001
339352,2020-05-04,Uintah,Utah,49047.0,6,0.0,0.0,,,,-0.25400001
339353,2020-05-05,Uintah,Utah,49047.0,6,0.0,0.0,,,,-0.22499999
339354,2020-05-06,Uintah,Utah,49047.0,6,0.0,0.0,,,,-0.25999999
339355,2020-05-07,Uintah,Utah,49047.0,6,0.0,0.0,,,,-0.242
339356,2020-05-08,Uintah,Utah,49047.0,6,0.0,0.0,,,,-0.278
339357,2020-05-09,Uintah,Utah,49047.0,7,0.0,1.0,,,,-0.096000001
339358,2020-05-10,Uintah,Utah,49047.0,7,0.0,0.0,,,,-0.069300003
339359,2020-05-11,Uintah,Utah,49047.0,7,0.0,0.0,,,,-0.078599997
339360,2020-05-12,Uintah,Utah,49047.0,7,0.0,0.0,,,,-0.058800001
339361,2020-05-13,Uintah,Utah,49047.0,7,0.0,0.0,,,,0.015699999
339362,2020-05-14,Uintah,Utah,49047.0,8,0.0,1.0,,,,-0.0046999999
339363,2020-05-15,Uintah,Utah,49047.0,8,0.0,0.0,,,,-0.00236
339364,2020-05-16,Uintah,Utah,49047.0,8,0.0,0.0,,,,-0.047800000999999995
339365,2020-05-17,Uintah,Utah,49047.0,8,0.0,0.0,,,,-0.079599999
339366,2020-05-18,Uintah,Utah,49047.0,10,0.0,2.0,,,,-0.1
339367,2020-05-19,Uintah,Utah,49047.0,10,0.0,0.0,,,,-0.14
339368,2020-05-20,Uintah,Utah,49047.0,10,0.0,0.0,,,,-0.11900000000000001
339369,2020-05-21,Uintah,Utah,49047.0,10,0.0,0.0,,,,-0.07150000299999999
339370,2020-05-22,Uintah,Utah,49047.0,10,0.0,0.0,,,,-0.029300001000000003
339371,2020-05-23,Uintah,Utah,49047.0,9,0.0,-1.0,,,,-0.035500001
339372,2020-05-24,Uintah,Utah,49047.0,9,0.0,0.0,,,,-0.025599999
339373,2020-05-25,Uintah,Utah,49047.0,9,0.0,0.0,,,,-0.024599998999999997
339374,2020-05-26,Uintah,Utah,49047.0,9,0.0,0.0,,,,-0.005419999799999999
339375,2020-05-27,Uintah,Utah,49047.0,9,0.0,0.0,,,,0.13600001
339376,2020-05-28,Uintah,Utah,49047.0,9,0.0,0.0,,,,0.132
339377,2020-05-29,Uintah,Utah,49047.0,9,0.0,0.0,,,,0.0209
339378,2020-05-30,Uintah,Utah,49047.0,10,0.0,1.0,,,,0.0184
339379,2020-05-31,Uintah,Utah,49047.0,10,0.0,0.0,,,,0.045000002000000004
339380,2020-06-01,Uintah,Utah,49047.0,10,0.0,0.0,,,,0.14800000000000002
339381,2020-06-02,Uintah,Utah,49047.0,10,0.0,0.0,,,,0.0131
339382,2020-06-03,Uintah,Utah,49047.0,10,0.0,0.0,,,,-0.015900001
339383,2020-06-04,Uintah,Utah,49047.0,10,0.0,0.0,,,,-0.0436
339384,2020-06-05,Uintah,Utah,49047.0,10,0.0,0.0,,,,-0.034699999
339385,2020-06-06,Uintah,Utah,49047.0,10,0.0,0.0,,,,-0.0506
339386,2020-06-07,Uintah,Utah,49047.0,11,0.0,1.0,,,,-0.066600002
339387,2020-06-08,Uintah,Utah,49047.0,12,0.0,1.0,,,,-0.034499998999999996
339388,2020-06-09,Uintah,Utah,49047.0,12,0.0,0.0,,,,-0.0075699999
339389,2020-06-10,Uintah,Utah,49047.0,13,0.0,1.0,,,,-0.09239999900000001
339390,2020-06-11,Uintah,Utah,49047.0,17,0.0,4.0,,,,-0.155
339391,2020-06-12,Uintah,Utah,49047.0,17,0.0,0.0,,,,-0.22499999
339392,2020-06-13,Uintah,Utah,49047.0,18,0.0,1.0,,,,-0.21699999
339393,2020-06-14,Uintah,Utah,49047.0,19,0.0,1.0,,,,-0.212
339394,2020-06-15,Uintah,Utah,49047.0,19,0.0,0.0,,,,-0.233
339395,2020-06-16,Uintah,Utah,49047.0,20,0.0,1.0,,,,-0.23600000000000002
339396,2020-06-17,Uintah,Utah,49047.0,22,0.0,2.0,,,,-0.205
339397,2020-06-18,Uintah,Utah,49047.0,25,0.0,3.0,,,,-0.193
339398,2020-06-19,Uintah,Utah,49047.0,26,0.0,1.0,,,,-0.15700001
339399,2020-06-20,Uintah,Utah,49047.0,26,0.0,0.0,,,,-0.079400003
339400,2020-06-21,Uintah,Utah,49047.0,26,0.0,0.0,,,,-0.125
339401,2020-06-22,Uintah,Utah,49047.0,26,0.0,0.0,,,,-0.185
339402,2020-06-23,Uintah,Utah,49047.0,27,0.0,1.0,,,,-0.17800000000000002
339403,2020-06-24,Uintah,Utah,49047.0,27,0.0,0.0,,,,-0.066
339404,2020-06-25,Uintah,Utah,49047.0,29,0.0,2.0,,,,-0.111
339405,2020-06-26,Uintah,Utah,49047.0,29,0.0,0.0,,,,-0.191
339406,2020-06-27,Uintah,Utah,49047.0,29,0.0,0.0,,,,-0.21799999
339407,2020-06-28,Uintah,Utah,49047.0,30,0.0,1.0,,,,-0.11900000000000001
339408,2020-06-29,Uintah,Utah,49047.0,30,0.0,0.0,,,,-0.065499999
339409,2020-06-30,Uintah,Utah,49047.0,31,0.0,1.0,,,,-0.08640000199999999
339410,2020-07-01,Uintah,Utah,49047.0,31,0.0,0.0,,,,-0.13
339411,2020-07-02,Uintah,Utah,49047.0,31,0.0,0.0,,,,-0.163
339412,2020-07-03,Uintah,Utah,49047.0,31,0.0,0.0,,,,-0.138
339413,2020-07-04,Uintah,Utah,49047.0,33,0.0,2.0,,,,-0.16
339414,2020-07-05,Uintah,Utah,49047.0,34,0.0,1.0,,,,-0.145
339415,2020-07-06,Uintah,Utah,49047.0,34,0.0,0.0,,,,-0.142
339416,2020-07-07,Uintah,Utah,49047.0,35,0.0,1.0,,,,-0.122
339417,2020-07-08,Uintah,Utah,49047.0,36,0.0,1.0,,,,-0.071400002
339418,2020-07-09,Uintah,Utah,49047.0,41,0.0,5.0,,,,-0.161
339419,2020-07-10,Uintah,Utah,49047.0,41,0.0,0.0,,,,-0.12300000000000001
339420,2020-07-11,Uintah,Utah,49047.0,42,0.0,1.0,,,,-0.162
339421,2020-07-12,Uintah,Utah,49047.0,43,0.0,1.0,,,,-0.18899999999999997
339422,2020-07-13,Uintah,Utah,49047.0,43,0.0,0.0,,,,-0.126
339423,2020-07-14,Uintah,Utah,49047.0,45,0.0,2.0,,,,-0.08959999699999999
339424,2020-07-15,Uintah,Utah,49047.0,46,0.0,1.0,,,,-0.061900000999999996
339425,2020-07-16,Uintah,Utah,49047.0,46,0.0,0.0,,,,-0.022600001
339426,2020-07-17,Uintah,Utah,49047.0,50,0.0,4.0,,,,0.0057899998999999995
339427,2020-07-18,Uintah,Utah,49047.0,54,0.0,4.0,,,,-0.0266
339428,2020-07-19,Uintah,Utah,49047.0,58,0.0,4.0,,,,-0.052700002
339429,2020-07-20,Uintah,Utah,49047.0,60,0.0,2.0,,,,-0.10800000000000001
339430,2020-07-21,Uintah,Utah,49047.0,62,0.0,2.0,,,,-0.183
339431,2020-07-22,Uintah,Utah,49047.0,62,0.0,0.0,,,,-0.23800001
339432,2020-07-23,Uintah,Utah,49047.0,64,0.0,2.0,,,,-0.168
339433,2020-07-24,Uintah,Utah,49047.0,65,0.0,1.0,,,,-0.18000001
339434,2020-07-25,Uintah,Utah,49047.0,68,0.0,3.0,,,,-0.163
339435,2020-07-26,Uintah,Utah,49047.0,68,0.0,0.0,,,,-0.23199999
339436,2020-07-27,Uintah,Utah,49047.0,68,0.0,0.0,,,,-0.17399999
339437,2020-07-28,Uintah,Utah,49047.0,69,0.0,1.0,,,,-0.198
339438,2020-07-29,Uintah,Utah,49047.0,69,0.0,0.0,,,,-0.23600000000000002
339439,2020-07-30,Uintah,Utah,49047.0,71,0.0,2.0,,,,-0.266
339440,2020-07-31,Uintah,Utah,49047.0,72,0.0,1.0,,,,-0.294
339441,2020-08-01,Uintah,Utah,49047.0,75,0.0,3.0,,,,-0.29699999
339442,2020-08-02,Uintah,Utah,49047.0,76,0.0,1.0,,,,-0.22899999999999998
339443,2020-08-03,Uintah,Utah,49047.0,77,0.0,1.0,,,,-0.24699999
339444,2020-08-04,Uintah,Utah,49047.0,78,0.0,1.0,,,,-0.20900001
339445,2020-08-05,Uintah,Utah,49047.0,78,0.0,0.0,,,,-0.19499999
339446,2020-08-06,Uintah,Utah,49047.0,79,0.0,1.0,,,,-0.20999999
339447,2020-08-07,Uintah,Utah,49047.0,79,0.0,0.0,,,,-0.168
339448,2020-08-08,Uintah,Utah,49047.0,81,0.0,2.0,,,,-0.15700001
339449,2020-08-09,Uintah,Utah,49047.0,81,0.0,0.0,,,,-0.184
339450,2020-08-10,Uintah,Utah,49047.0,81,0.0,0.0,,,,-0.21100000000000002
339451,2020-08-11,Uintah,Utah,49047.0,81,0.0,0.0,,,,-0.20900001
339452,2020-08-12,Uintah,Utah,49047.0,81,0.0,0.0,,,,-0.24699999
339453,2020-08-13,Uintah,Utah,49047.0,82,0.0,1.0,,,,-0.198
339454,2020-08-14,Uintah,Utah,49047.0,83,0.0,1.0,,,,-0.17299999
339455,2020-08-15,Uintah,Utah,49047.0,89,0.0,6.0,,,,-0.198
339456,2020-08-16,Uintah,Utah,49047.0,89,0.0,0.0,,,,-0.20900001
339457,2020-08-17,Uintah,Utah,49047.0,89,0.0,0.0,,,,-0.23399999999999999
339458,2020-08-18,Uintah,Utah,49047.0,91,0.0,2.0,,,,-0.23899999
339459,2020-08-19,Uintah,Utah,49047.0,91,0.0,0.0,,,,-0.13500001
339460,2020-08-20,Uintah,Utah,49047.0,92,0.0,1.0,,,,-0.13699999
339461,2020-08-21,Uintah,Utah,49047.0,92,0.0,0.0,,,,-0.20900001
339462,2020-08-22,Uintah,Utah,49047.0,92,0.0,0.0,,,,-0.15700001
339463,2020-08-23,Uintah,Utah,49047.0,92,0.0,0.0,,,,-0.114
339464,2020-08-24,Uintah,Utah,49047.0,92,0.0,0.0,,,,-0.08500000099999999
339465,2020-08-25,Uintah,Utah,49047.0,92,0.0,0.0,,,,-0.05550000099999999
339466,2020-08-26,Uintah,Utah,49047.0,94,0.0,2.0,,,,-0.11599999999999999
339467,2020-08-27,Uintah,Utah,49047.0,94,0.0,0.0,,,,-0.163
339468,2020-08-28,Uintah,Utah,49047.0,95,0.0,1.0,,,,-0.145
339469,2020-08-29,Uintah,Utah,49047.0,95,0.0,0.0,,,,-0.191
339470,2020-08-30,Uintah,Utah,49047.0,96,0.0,1.0,,,,-0.20100001
339471,2020-08-31,Uintah,Utah,49047.0,98,0.0,2.0,,,,-0.177
339472,2020-09-01,Uintah,Utah,49047.0,101,0.0,3.0,,,,-0.193
339473,2020-09-02,Uintah,Utah,49047.0,102,0.0,1.0,,,,-0.134
339474,2020-09-03,Uintah,Utah,49047.0,104,0.0,2.0,,,,-0.15000001
339475,2020-09-04,Uintah,Utah,49047.0,104,0.0,0.0,,,,-0.111
339476,2020-09-05,Uintah,Utah,49047.0,104,0.0,0.0,,,,-0.042800002000000004
339477,2020-09-06,Uintah,Utah,49047.0,104,0.0,0.0,,,,-0.11900000000000001
339478,2020-09-07,Uintah,Utah,49047.0,104,0.0,0.0,,,,-0.13500001
339479,2020-09-08,Uintah,Utah,49047.0,104,0.0,0.0,,,,-0.115
339480,2020-09-09,Uintah,Utah,49047.0,105,0.0,1.0,,,,0.066699997
339481,2020-09-10,Uintah,Utah,49047.0,105,0.0,0.0,,,,0.090400003
339482,2020-09-11,Uintah,Utah,49047.0,106,0.0,1.0,,,,0.139
339483,2020-09-12,Uintah,Utah,49047.0,107,0.0,1.0,,,,-0.107
339484,2020-09-13,Uintah,Utah,49047.0,107,0.0,0.0,,,,-0.105
339485,2020-09-14,Uintah,Utah,49047.0,107,0.0,0.0,,,,-0.153
339486,2020-09-15,Uintah,Utah,49047.0,107,0.0,0.0,,,,-0.35200000000000004
339487,2020-09-16,Uintah,Utah,49047.0,107,0.0,0.0,,,,-0.465
339488,2020-09-17,Uintah,Utah,49047.0,107,0.0,0.0,,,,-0.51200002
339489,2020-09-18,Uintah,Utah,49047.0,107,0.0,0.0,,,,-0.58399999
339490,2020-09-19,Uintah,Utah,49047.0,107,0.0,0.0,,,,-0.39199999
339491,2020-09-20,Uintah,Utah,49047.0,107,0.0,0.0,,,,-0.44
339492,2020-09-21,Uintah,Utah,49047.0,108,0.0,1.0,,,,-0.36000001
339493,2020-09-22,Uintah,Utah,49047.0,108,0.0,0.0,,,,-0.31099999
339494,2020-09-23,Uintah,Utah,49047.0,108,0.0,0.0,,,,-0.322
339495,2020-09-24,Uintah,Utah,49047.0,109,0.0,1.0,,,,-0.34200001
339496,2020-09-25,Uintah,Utah,49047.0,109,0.0,0.0,,,,-0.35200000000000004
339497,2020-09-26,Uintah,Utah,49047.0,109,0.0,0.0,,,,-0.34
339498,2020-09-27,Uintah,Utah,49047.0,110,0.0,1.0,,,,-0.271
339499,2020-09-28,Uintah,Utah,49047.0,110,0.0,0.0,,,,-0.27399999
339500,2020-09-29,Uintah,Utah,49047.0,110,0.0,0.0,,,,-0.259
339501,2020-09-30,Uintah,Utah,49047.0,111,0.0,1.0,,,,-0.21699999
339502,2020-10-01,Uintah,Utah,49047.0,111,0.0,0.0,,,,-0.10300000000000001
339503,2020-10-02,Uintah,Utah,49047.0,112,0.0,1.0,,,,-0.0801
339504,2020-10-03,Uintah,Utah,49047.0,116,0.0,4.0,,,,-0.067900002
339505,2020-10-04,Uintah,Utah,49047.0,117,0.0,1.0,,,,-0.152
339506,2020-10-05,Uintah,Utah,49047.0,119,0.0,2.0,,,,-0.125
339507,2020-10-06,Uintah,Utah,49047.0,125,0.0,6.0,,,,-0.15800001
339508,2020-10-07,Uintah,Utah,49047.0,126,0.0,1.0,,,,-0.228
339509,2020-10-08,Uintah,Utah,49047.0,131,0.0,5.0,,,,-0.235
339510,2020-10-09,Uintah,Utah,49047.0,134,0.0,3.0,,,,-0.354
339511,2020-10-10,Uintah,Utah,49047.0,136,0.0,2.0,,,,-0.33500001
339512,2020-10-11,Uintah,Utah,49047.0,139,0.0,3.0,,,,-0.29699999
339513,2020-10-12,Uintah,Utah,49047.0,142,0.0,3.0,,,,-0.36500001
339514,2020-10-13,Uintah,Utah,49047.0,146,0.0,4.0,,,,-0.34299999
339515,2020-10-14,Uintah,Utah,49047.0,148,0.0,2.0,,,,-0.273
339516,2020-10-15,Uintah,Utah,49047.0,153,0.0,5.0,,,,-0.193
339517,2020-10-16,Uintah,Utah,49047.0,154,0.0,1.0,,,,-0.22499999
339518,2020-10-17,Uintah,Utah,49047.0,156,0.0,2.0,,,,-0.18600000000000003
339519,2020-10-18,Uintah,Utah,49047.0,159,0.0,3.0,,,,-0.163
339520,2020-10-19,Uintah,Utah,49047.0,159,0.0,0.0,,,,-0.10300000000000001
339521,2020-10-20,Uintah,Utah,49047.0,163,0.0,4.0,,,,-0.105
339522,2020-10-21,Uintah,Utah,49047.0,175,0.0,12.0,,,,-0.124
339523,2020-10-22,Uintah,Utah,49047.0,186,0.0,11.0,,,,-0.16500001
339524,2020-10-23,Uintah,Utah,49047.0,200,0.0,14.0,,,,-0.18899999999999997
339525,2020-10-24,Uintah,Utah,49047.0,203,0.0,3.0,,,,-0.20299999
339526,2020-10-25,Uintah,Utah,49047.0,212,0.0,9.0,,,,-0.23
339527,2020-10-26,Uintah,Utah,49047.0,217,0.0,5.0,,,,-0.23199999
339528,2020-10-27,Uintah,Utah,49047.0,226,0.0,9.0,,,,-0.18700001
339529,2020-10-28,Uintah,Utah,49047.0,238,0.0,12.0,,,,-0.19499999
339530,2020-10-29,Uintah,Utah,49047.0,238,0.0,0.0,,,,-0.19
339531,2020-10-30,Uintah,Utah,49047.0,272,0.0,34.0,,,,-0.27399999
339532,2020-10-31,Uintah,Utah,49047.0,272,0.0,0.0,,,,-0.30199999
339533,2020-11-01,Uintah,Utah,49047.0,272,0.0,0.0,,,,-0.255
339534,2020-11-02,Uintah,Utah,49047.0,317,0.0,45.0,,,,-0.212
339535,2020-11-03,Uintah,Utah,49047.0,340,0.0,23.0,,,,-0.29499999
339536,2020-11-04,Uintah,Utah,49047.0,342,0.0,2.0,,,,-0.19699999999999998
339537,2020-11-05,Uintah,Utah,49047.0,347,0.0,5.0,,,,-0.22899999999999998
339538,2020-11-06,Uintah,Utah,49047.0,364,0.0,17.0,,,,-0.11599999999999999
339539,2020-11-07,Uintah,Utah,49047.0,364,0.0,0.0,,,,-0.107
339540,2020-11-08,Uintah,Utah,49047.0,364,0.0,0.0,,,,-0.147
339541,2020-11-09,Uintah,Utah,49047.0,403,0.0,39.0,,,,-0.213
339542,2020-11-10,Uintah,Utah,49047.0,417,0.0,14.0,,,,-0.244
339543,2020-11-11,Uintah,Utah,49047.0,428,0.0,11.0,,,,-0.17299999
339544,2020-11-12,Uintah,Utah,49047.0,449,1.0,21.0,,,,-0.182
339545,2020-11-13,Uintah,Utah,49047.0,459,1.0,10.0,,,,-0.18799999
339546,2020-11-14,Uintah,Utah,49047.0,459,1.0,0.0,,,,-0.147
339547,2020-11-15,Uintah,Utah,49047.0,459,1.0,0.0,,,,-0.20800000000000002
339548,2020-11-16,Uintah,Utah,49047.0,508,1.0,49.0,,,,-0.16899999999999998
339549,2020-11-17,Uintah,Utah,49047.0,533,1.0,25.0,,,,-0.132
339550,2020-11-18,Uintah,Utah,49047.0,569,1.0,36.0,,,,-0.255
339551,2020-11-19,Uintah,Utah,49047.0,583,1.0,14.0,,,,-0.31900001
339552,2020-11-20,Uintah,Utah,49047.0,621,1.0,38.0,,,,-0.25999999
339553,2020-11-21,Uintah,Utah,49047.0,621,1.0,0.0,,,,-0.28999999
339554,2020-11-22,Uintah,Utah,49047.0,621,1.0,0.0,,,,-0.18700001
