,date,county,state,fips,cases,deaths,new_cases,emp_combined,emp_combined_inclow,revenue_all,spend_all
18899,2020-03-19,Independence,Arkansas,5063.0,1,0.0,0.0,,,,0.064999998
18900,2020-03-20,Independence,Arkansas,5063.0,1,0.0,0.0,,,,0.0043600001
18901,2020-03-21,Independence,Arkansas,5063.0,1,0.0,0.0,,,,-0.00035799998999999996
18902,2020-03-22,Independence,Arkansas,5063.0,1,0.0,0.0,,,,0.07150000299999999
18903,2020-03-23,Independence,Arkansas,5063.0,1,0.0,0.0,,,,-0.0836
18904,2020-03-24,Independence,Arkansas,5063.0,3,0.0,2.0,,,,-0.12800001
18905,2020-03-25,Independence,Arkansas,5063.0,3,0.0,0.0,,,,-0.168
18906,2020-03-26,Independence,Arkansas,5063.0,3,0.0,0.0,,,,-0.32699999
18907,2020-03-27,Independence,Arkansas,5063.0,3,0.0,0.0,,,,-0.34
18908,2020-03-28,Independence,Arkansas,5063.0,3,0.0,0.0,,,,-0.33799999999999997
18909,2020-03-29,Independence,Arkansas,5063.0,3,0.0,0.0,,,,-0.36899999
18910,2020-03-30,Independence,Arkansas,5063.0,3,0.0,0.0,,,,-0.37400001
18911,2020-03-31,Independence,Arkansas,5063.0,4,0.0,1.0,,,,-0.36500001
18912,2020-04-01,Independence,Arkansas,5063.0,4,0.0,0.0,,,,-0.39899999
18913,2020-04-02,Independence,Arkansas,5063.0,4,0.0,0.0,,,,-0.38800001
18914,2020-04-03,Independence,Arkansas,5063.0,4,0.0,0.0,,,,-0.34400001
18915,2020-04-04,Independence,Arkansas,5063.0,4,0.0,0.0,,,,-0.37400001
18916,2020-04-05,Independence,Arkansas,5063.0,5,0.0,1.0,,,,-0.37799999
18917,2020-04-06,Independence,Arkansas,5063.0,5,0.0,0.0,,,,-0.39300001
18918,2020-04-07,Independence,Arkansas,5063.0,5,0.0,0.0,,,,-0.456
18919,2020-04-08,Independence,Arkansas,5063.0,5,0.0,0.0,,,,-0.37599999
18920,2020-04-09,Independence,Arkansas,5063.0,5,0.0,0.0,,,,-0.36199999
18921,2020-04-10,Independence,Arkansas,5063.0,5,0.0,0.0,,,,-0.40200001
18922,2020-04-11,Independence,Arkansas,5063.0,5,0.0,0.0,,,,-0.37
18923,2020-04-12,Independence,Arkansas,5063.0,5,0.0,0.0,,,,-0.396
18924,2020-04-13,Independence,Arkansas,5063.0,6,0.0,1.0,,,,-0.285
18925,2020-04-14,Independence,Arkansas,5063.0,6,0.0,0.0,,,,-0.28999999
18926,2020-04-15,Independence,Arkansas,5063.0,6,0.0,0.0,,,,-0.375
18927,2020-04-16,Independence,Arkansas,5063.0,6,0.0,0.0,,,,-0.41499999
18928,2020-04-17,Independence,Arkansas,5063.0,7,0.0,1.0,,,,-0.361
18929,2020-04-18,Independence,Arkansas,5063.0,8,0.0,1.0,,,,-0.32499999
18930,2020-04-19,Independence,Arkansas,5063.0,8,0.0,0.0,,,,-0.28400001
18931,2020-04-20,Independence,Arkansas,5063.0,8,0.0,0.0,,,,-0.375
18932,2020-04-21,Independence,Arkansas,5063.0,8,0.0,0.0,,,,-0.31600001
18933,2020-04-22,Independence,Arkansas,5063.0,8,0.0,0.0,,,,-0.315
18934,2020-04-23,Independence,Arkansas,5063.0,8,0.0,0.0,,,,-0.226
18935,2020-04-24,Independence,Arkansas,5063.0,9,0.0,1.0,,,,-0.289
18936,2020-04-25,Independence,Arkansas,5063.0,9,0.0,0.0,,,,-0.389
18937,2020-04-26,Independence,Arkansas,5063.0,9,0.0,0.0,,,,-0.37900001
18938,2020-04-27,Independence,Arkansas,5063.0,9,0.0,0.0,,,,-0.33199999
18939,2020-04-28,Independence,Arkansas,5063.0,9,0.0,0.0,,,,-0.303
18940,2020-04-29,Independence,Arkansas,5063.0,9,0.0,0.0,,,,-0.15700001
18941,2020-04-30,Independence,Arkansas,5063.0,9,0.0,0.0,,,,-0.133
18942,2020-05-01,Independence,Arkansas,5063.0,10,0.0,1.0,,,,-0.111
18943,2020-05-02,Independence,Arkansas,5063.0,10,0.0,0.0,,,,-0.096799999
18944,2020-05-03,Independence,Arkansas,5063.0,10,0.0,0.0,,,,-0.098899998
18945,2020-05-04,Independence,Arkansas,5063.0,11,0.0,1.0,,,,-0.115
18946,2020-05-05,Independence,Arkansas,5063.0,11,0.0,0.0,,,,-0.16
18947,2020-05-06,Independence,Arkansas,5063.0,11,0.0,0.0,,,,-0.237
18948,2020-05-07,Independence,Arkansas,5063.0,12,0.0,1.0,,,,-0.21799999
18949,2020-05-08,Independence,Arkansas,5063.0,12,0.0,0.0,,,,-0.25400001
18950,2020-05-09,Independence,Arkansas,5063.0,12,0.0,0.0,,,,-0.16599999
18951,2020-05-10,Independence,Arkansas,5063.0,17,0.0,5.0,,,,-0.26899999
18952,2020-05-11,Independence,Arkansas,5063.0,17,0.0,0.0,,,,-0.301
18953,2020-05-12,Independence,Arkansas,5063.0,17,0.0,0.0,,,,-0.28099999
18954,2020-05-13,Independence,Arkansas,5063.0,19,0.0,2.0,,,,-0.32899999999999996
18955,2020-05-14,Independence,Arkansas,5063.0,22,0.0,3.0,,,,-0.366
18956,2020-05-15,Independence,Arkansas,5063.0,23,0.0,1.0,,,,-0.30399999
18957,2020-05-16,Independence,Arkansas,5063.0,25,0.0,2.0,,,,-0.26300001
18958,2020-05-17,Independence,Arkansas,5063.0,25,0.0,0.0,,,,-0.124
18959,2020-05-18,Independence,Arkansas,5063.0,26,0.0,1.0,,,,-0.067699999
18960,2020-05-19,Independence,Arkansas,5063.0,26,0.0,0.0,,,,-0.125
18961,2020-05-20,Independence,Arkansas,5063.0,27,0.0,1.0,,,,-0.06610000099999999
18962,2020-05-21,Independence,Arkansas,5063.0,27,0.0,0.0,,,,-0.035599999
18963,2020-05-22,Independence,Arkansas,5063.0,27,0.0,0.0,,,,-0.037799999
18964,2020-05-23,Independence,Arkansas,5063.0,29,0.0,2.0,,,,-0.102
18965,2020-05-24,Independence,Arkansas,5063.0,28,0.0,-1.0,,,,-0.091600001
18966,2020-05-25,Independence,Arkansas,5063.0,28,0.0,0.0,,,,-0.20600000000000002
18967,2020-05-26,Independence,Arkansas,5063.0,29,0.0,1.0,,,,-0.16699999999999998
18968,2020-05-27,Independence,Arkansas,5063.0,29,0.0,0.0,,,,-0.175
18969,2020-05-28,Independence,Arkansas,5063.0,29,0.0,0.0,,,,-0.18099999
18970,2020-05-29,Independence,Arkansas,5063.0,30,0.0,1.0,,,,-0.222
18971,2020-05-30,Independence,Arkansas,5063.0,31,0.0,1.0,,,,-0.214
18972,2020-05-31,Independence,Arkansas,5063.0,31,0.0,0.0,,,,-0.273
18973,2020-06-01,Independence,Arkansas,5063.0,31,0.0,0.0,,,,-0.28099999
18974,2020-06-02,Independence,Arkansas,5063.0,34,0.0,3.0,,,,-0.20900001
18975,2020-06-03,Independence,Arkansas,5063.0,33,0.0,-1.0,,,,-0.24100000000000002
18976,2020-06-04,Independence,Arkansas,5063.0,33,0.0,0.0,,,,-0.20200001
18977,2020-06-05,Independence,Arkansas,5063.0,33,0.0,0.0,,,,-0.22
18978,2020-06-06,Independence,Arkansas,5063.0,33,0.0,0.0,,,,-0.34700000000000003
18979,2020-06-07,Independence,Arkansas,5063.0,33,0.0,0.0,,,,-0.32800001
18980,2020-06-08,Independence,Arkansas,5063.0,36,0.0,3.0,,,,-0.336
18981,2020-06-09,Independence,Arkansas,5063.0,36,0.0,0.0,,,,-0.287
18982,2020-06-10,Independence,Arkansas,5063.0,36,0.0,0.0,,,,-0.29800001
18983,2020-06-11,Independence,Arkansas,5063.0,37,0.0,1.0,,,,-0.31099999
18984,2020-06-12,Independence,Arkansas,5063.0,39,0.0,2.0,,,,-0.18099999
18985,2020-06-13,Independence,Arkansas,5063.0,39,0.0,0.0,,,,-0.056299999
18986,2020-06-14,Independence,Arkansas,5063.0,42,0.0,3.0,,,,0.0141
18987,2020-06-15,Independence,Arkansas,5063.0,42,0.0,0.0,,,,0.0266
18988,2020-06-16,Independence,Arkansas,5063.0,43,0.0,1.0,,,,0.072300002
18989,2020-06-17,Independence,Arkansas,5063.0,43,0.0,0.0,,,,0.044599999
18990,2020-06-18,Independence,Arkansas,5063.0,43,0.0,0.0,,,,0.0579
18991,2020-06-19,Independence,Arkansas,5063.0,44,0.0,1.0,,,,-0.09030000099999999
18992,2020-06-20,Independence,Arkansas,5063.0,44,0.0,0.0,,,,-0.061500002000000005
18993,2020-06-21,Independence,Arkansas,5063.0,46,0.0,2.0,,,,-0.132
18994,2020-06-22,Independence,Arkansas,5063.0,46,0.0,0.0,,,,-0.098899998
18995,2020-06-23,Independence,Arkansas,5063.0,46,0.0,0.0,,,,-0.16599999
18996,2020-06-24,Independence,Arkansas,5063.0,48,0.0,2.0,,,,-0.099799998
18997,2020-06-25,Independence,Arkansas,5063.0,49,0.0,1.0,,,,-0.17299999
18998,2020-06-26,Independence,Arkansas,5063.0,49,0.0,0.0,,,,-0.11199999999999999
18999,2020-06-27,Independence,Arkansas,5063.0,51,0.0,2.0,,,,-0.134
19000,2020-06-28,Independence,Arkansas,5063.0,54,0.0,3.0,,,,-0.074000001
19001,2020-06-29,Independence,Arkansas,5063.0,55,0.0,1.0,,,,-0.09539999800000001
19002,2020-06-30,Independence,Arkansas,5063.0,55,0.0,0.0,,,,-0.134
19003,2020-07-01,Independence,Arkansas,5063.0,55,0.0,0.0,,,,-0.19899999999999998
19004,2020-07-02,Independence,Arkansas,5063.0,59,0.0,4.0,,,,-0.11599999999999999
19005,2020-07-03,Independence,Arkansas,5063.0,61,0.0,2.0,,,,-0.18600000000000003
19006,2020-07-04,Independence,Arkansas,5063.0,60,0.0,-1.0,,,,-0.055599999000000004
19007,2020-07-05,Independence,Arkansas,5063.0,60,0.0,0.0,,,,-0.127
19008,2020-07-06,Independence,Arkansas,5063.0,61,0.0,1.0,,,,-0.13500001
19009,2020-07-07,Independence,Arkansas,5063.0,60,0.0,-1.0,,,,-0.102
19010,2020-07-08,Independence,Arkansas,5063.0,61,0.0,1.0,,,,-0.0054600001
19011,2020-07-09,Independence,Arkansas,5063.0,66,0.0,5.0,,,,-0.0999
19012,2020-07-10,Independence,Arkansas,5063.0,66,0.0,0.0,,,,-0.20800000000000002
19013,2020-07-11,Independence,Arkansas,5063.0,71,0.0,5.0,,,,-0.10800000000000001
19014,2020-07-12,Independence,Arkansas,5063.0,73,0.0,2.0,,,,-0.11599999999999999
19015,2020-07-13,Independence,Arkansas,5063.0,74,0.0,1.0,,,,-0.11599999999999999
19016,2020-07-14,Independence,Arkansas,5063.0,79,0.0,5.0,,,,-0.19
19017,2020-07-15,Independence,Arkansas,5063.0,83,0.0,4.0,,,,-0.21100000000000002
19018,2020-07-16,Independence,Arkansas,5063.0,93,0.0,10.0,,,,-0.17
19019,2020-07-17,Independence,Arkansas,5063.0,97,0.0,4.0,,,,-0.056499999
19020,2020-07-18,Independence,Arkansas,5063.0,107,0.0,10.0,,,,-0.161
19021,2020-07-19,Independence,Arkansas,5063.0,110,0.0,3.0,,,,-0.25
19022,2020-07-20,Independence,Arkansas,5063.0,114,0.0,4.0,,,,-0.26300001
19023,2020-07-21,Independence,Arkansas,5063.0,125,0.0,11.0,,,,-0.20900001
19024,2020-07-22,Independence,Arkansas,5063.0,126,0.0,1.0,,,,-0.1
19025,2020-07-23,Independence,Arkansas,5063.0,152,0.0,26.0,,,,-0.20600000000000002
19026,2020-07-24,Independence,Arkansas,5063.0,181,0.0,29.0,,,,-0.21899999999999997
19027,2020-07-25,Independence,Arkansas,5063.0,187,0.0,6.0,,,,-0.17
19028,2020-07-26,Independence,Arkansas,5063.0,210,0.0,23.0,,,,-0.077200003
19029,2020-07-27,Independence,Arkansas,5063.0,233,0.0,23.0,,,,-0.07530000099999999
19030,2020-07-28,Independence,Arkansas,5063.0,259,0.0,26.0,,,,-0.111
19031,2020-07-29,Independence,Arkansas,5063.0,266,0.0,7.0,,,,-0.18099999
19032,2020-07-30,Independence,Arkansas,5063.0,299,0.0,33.0,,,,-0.23199999
19033,2020-07-31,Independence,Arkansas,5063.0,331,0.0,32.0,,,,-0.19899999999999998
19034,2020-08-01,Independence,Arkansas,5063.0,345,0.0,14.0,,,,-0.29699999
19035,2020-08-02,Independence,Arkansas,5063.0,367,0.0,22.0,,,,-0.31900001
19036,2020-08-03,Independence,Arkansas,5063.0,398,0.0,31.0,,,,-0.31600001
19037,2020-08-04,Independence,Arkansas,5063.0,413,1.0,15.0,,,,-0.31999999
19038,2020-08-05,Independence,Arkansas,5063.0,433,1.0,20.0,,,,-0.289
19039,2020-08-06,Independence,Arkansas,5063.0,443,1.0,10.0,,,,-0.273
19040,2020-08-07,Independence,Arkansas,5063.0,483,1.0,40.0,,,,-0.30700001
19041,2020-08-08,Independence,Arkansas,5063.0,492,1.0,9.0,,,,-0.28
19042,2020-08-09,Independence,Arkansas,5063.0,517,1.0,25.0,,,,-0.39700001
19043,2020-08-10,Independence,Arkansas,5063.0,537,1.0,20.0,,,,-0.42399999
19044,2020-08-11,Independence,Arkansas,5063.0,550,1.0,13.0,,,,-0.36000001
19045,2020-08-12,Independence,Arkansas,5063.0,568,2.0,18.0,,,,-0.35299999
19046,2020-08-13,Independence,Arkansas,5063.0,584,2.0,16.0,,,,-0.331
19047,2020-08-14,Independence,Arkansas,5063.0,589,2.0,5.0,,,,-0.34400001
19048,2020-08-15,Independence,Arkansas,5063.0,604,2.0,15.0,,,,-0.28099999
19049,2020-08-16,Independence,Arkansas,5063.0,614,2.0,10.0,,,,-0.2
19050,2020-08-17,Independence,Arkansas,5063.0,621,2.0,7.0,,,,-0.16399999999999998
19051,2020-08-18,Independence,Arkansas,5063.0,626,2.0,5.0,,,,-0.185
19052,2020-08-19,Independence,Arkansas,5063.0,635,3.0,9.0,,,,-0.141
19053,2020-08-20,Independence,Arkansas,5063.0,651,3.0,16.0,,,,-0.145
19054,2020-08-21,Independence,Arkansas,5063.0,669,3.0,18.0,,,,-0.114
19055,2020-08-22,Independence,Arkansas,5063.0,676,3.0,7.0,,,,-0.09560000199999999
19056,2020-08-23,Independence,Arkansas,5063.0,684,3.0,8.0,,,,-0.024499998999999998
19057,2020-08-24,Independence,Arkansas,5063.0,692,3.0,8.0,,,,-0.00868
19058,2020-08-25,Independence,Arkansas,5063.0,705,4.0,13.0,,,,-0.005650000200000001
19059,2020-08-26,Independence,Arkansas,5063.0,723,4.0,18.0,,,,-0.090400003
19060,2020-08-27,Independence,Arkansas,5063.0,731,4.0,8.0,,,,0.019099999
19061,2020-08-28,Independence,Arkansas,5063.0,751,5.0,20.0,,,,0.0535
19062,2020-08-29,Independence,Arkansas,5063.0,755,5.0,4.0,,,,-0.0044399997999999994
19063,2020-08-30,Independence,Arkansas,5063.0,760,6.0,5.0,,,,-0.063000001
19064,2020-08-31,Independence,Arkansas,5063.0,765,6.0,5.0,,,,-0.052000001
19065,2020-09-01,Independence,Arkansas,5063.0,770,6.0,5.0,,,,-0.07
19066,2020-09-02,Independence,Arkansas,5063.0,788,7.0,18.0,,,,0.040399998
19067,2020-09-03,Independence,Arkansas,5063.0,791,7.0,3.0,,,,0.016799999
19068,2020-09-04,Independence,Arkansas,5063.0,803,8.0,12.0,,,,-0.0328
19069,2020-09-05,Independence,Arkansas,5063.0,806,8.0,3.0,,,,0.00165
19070,2020-09-06,Independence,Arkansas,5063.0,813,8.0,7.0,,,,0.0286
19071,2020-09-07,Independence,Arkansas,5063.0,816,12.0,3.0,,,,0.0744
19072,2020-09-08,Independence,Arkansas,5063.0,823,12.0,7.0,,,,-0.046
19073,2020-09-09,Independence,Arkansas,5063.0,837,12.0,14.0,,,,-0.079499997
19074,2020-09-10,Independence,Arkansas,5063.0,844,12.0,7.0,,,,-0.109
19075,2020-09-11,Independence,Arkansas,5063.0,863,12.0,19.0,,,,-0.21699999
19076,2020-09-12,Independence,Arkansas,5063.0,905,12.0,42.0,,,,-0.237
19077,2020-09-13,Independence,Arkansas,5063.0,906,12.0,1.0,,,,-0.233
19078,2020-09-14,Independence,Arkansas,5063.0,911,12.0,5.0,,,,-0.278
19079,2020-09-15,Independence,Arkansas,5063.0,931,13.0,20.0,,,,-0.271
19080,2020-09-16,Independence,Arkansas,5063.0,962,13.0,31.0,,,,-0.27900001
19081,2020-09-17,Independence,Arkansas,5063.0,976,13.0,14.0,,,,-0.29600000000000004
19082,2020-09-18,Independence,Arkansas,5063.0,986,13.0,10.0,,,,-0.27599999
19083,2020-09-19,Independence,Arkansas,5063.0,1013,14.0,27.0,,,,-0.28999999
19084,2020-09-20,Independence,Arkansas,5063.0,1025,14.0,12.0,,,,-0.331
19085,2020-09-21,Independence,Arkansas,5063.0,1030,14.0,5.0,,,,-0.33299999999999996
19086,2020-09-22,Independence,Arkansas,5063.0,1035,16.0,5.0,,,,-0.28299999
19087,2020-09-23,Independence,Arkansas,5063.0,1051,17.0,16.0,,,,-0.31299999
19088,2020-09-24,Independence,Arkansas,5063.0,1064,17.0,13.0,,,,-0.244
19089,2020-09-25,Independence,Arkansas,5063.0,1076,19.0,12.0,,,,-0.243
19090,2020-09-26,Independence,Arkansas,5063.0,1091,19.0,15.0,,,,-0.25299999
19091,2020-09-27,Independence,Arkansas,5063.0,1095,19.0,4.0,,,,-0.185
19092,2020-09-28,Independence,Arkansas,5063.0,1103,20.0,8.0,,,,-0.19
19093,2020-09-29,Independence,Arkansas,5063.0,1116,20.0,13.0,,,,-0.22400001
19094,2020-09-30,Independence,Arkansas,5063.0,1148,21.0,32.0,,,,-0.16699999999999998
19095,2020-10-01,Independence,Arkansas,5063.0,1162,21.0,14.0,,,,-0.139
19096,2020-10-02,Independence,Arkansas,5063.0,1177,21.0,15.0,,,,-0.12800001
19097,2020-10-03,Independence,Arkansas,5063.0,1210,22.0,33.0,,,,-0.193
19098,2020-10-04,Independence,Arkansas,5063.0,1213,22.0,3.0,,,,-0.20800000000000002
19099,2020-10-05,Independence,Arkansas,5063.0,1217,23.0,4.0,,,,-0.25
19100,2020-10-06,Independence,Arkansas,5063.0,1232,24.0,15.0,,,,-0.23
19101,2020-10-07,Independence,Arkansas,5063.0,1241,26.0,9.0,,,,-0.17800000000000002
19102,2020-10-08,Independence,Arkansas,5063.0,1269,26.0,28.0,,,,-0.26300001
19103,2020-10-09,Independence,Arkansas,5063.0,1285,26.0,16.0,,,,-0.22
19104,2020-10-10,Independence,Arkansas,5063.0,1296,26.0,11.0,,,,-0.16899999999999998
19105,2020-10-11,Independence,Arkansas,5063.0,1301,26.0,5.0,,,,-0.19899999999999998
19106,2020-10-12,Independence,Arkansas,5063.0,1305,26.0,4.0,,,,-0.177
19107,2020-10-13,Independence,Arkansas,5063.0,1311,26.0,6.0,,,,-0.11
19108,2020-10-14,Independence,Arkansas,5063.0,1319,33.0,8.0,,,,-0.14399999
19109,2020-10-15,Independence,Arkansas,5063.0,1352,35.0,33.0,,,,-0.033799998
19110,2020-10-16,Independence,Arkansas,5063.0,1354,36.0,2.0,,,,-0.093699999
19111,2020-10-17,Independence,Arkansas,5063.0,1365,37.0,11.0,,,,-0.045600000999999994
19112,2020-10-18,Independence,Arkansas,5063.0,1368,38.0,3.0,,,,-0.0469
19113,2020-10-19,Independence,Arkansas,5063.0,1381,39.0,13.0,,,,-0.086900003
19114,2020-10-20,Independence,Arkansas,5063.0,1395,39.0,14.0,,,,-0.127
19115,2020-10-21,Independence,Arkansas,5063.0,1408,41.0,13.0,,,,-0.161
19116,2020-10-22,Independence,Arkansas,5063.0,1427,42.0,19.0,,,,-0.235
19117,2020-10-23,Independence,Arkansas,5063.0,1440,44.0,13.0,,,,-0.16699999999999998
19118,2020-10-24,Independence,Arkansas,5063.0,1446,45.0,6.0,,,,-0.125
19119,2020-10-25,Independence,Arkansas,5063.0,1451,46.0,5.0,,,,-0.0559
19120,2020-10-26,Independence,Arkansas,5063.0,1457,47.0,6.0,,,,-0.08749999900000001
19121,2020-10-27,Independence,Arkansas,5063.0,1466,51.0,9.0,,,,-0.0208
19122,2020-10-28,Independence,Arkansas,5063.0,1472,53.0,6.0,,,,-0.063000001
19123,2020-10-29,Independence,Arkansas,5063.0,1476,55.0,4.0,,,,-0.05519999900000001
19124,2020-10-30,Independence,Arkansas,5063.0,1480,57.0,4.0,,,,-0.08659999800000001
19125,2020-10-31,Independence,Arkansas,5063.0,1493,57.0,13.0,,,,-0.19
19126,2020-11-01,Independence,Arkansas,5063.0,1528,58.0,35.0,,,,-0.193
19127,2020-11-02,Independence,Arkansas,5063.0,1530,60.0,2.0,,,,-0.162
19128,2020-11-03,Independence,Arkansas,5063.0,1541,60.0,11.0,,,,-0.17900001
19129,2020-11-04,Independence,Arkansas,5063.0,1558,61.0,17.0,,,,-0.19899999999999998
19130,2020-11-05,Independence,Arkansas,5063.0,1573,62.0,15.0,,,,-0.15800001
19131,2020-11-06,Independence,Arkansas,5063.0,1591,66.0,18.0,,,,-0.17800000000000002
19132,2020-11-07,Independence,Arkansas,5063.0,1599,66.0,8.0,,,,-0.15099999
19133,2020-11-08,Independence,Arkansas,5063.0,1613,66.0,14.0,,,,-0.16899999999999998
19134,2020-11-09,Independence,Arkansas,5063.0,1688,66.0,75.0,,,,-0.20999999
19135,2020-11-10,Independence,Arkansas,5063.0,1755,66.0,67.0,,,,-0.168
19136,2020-11-11,Independence,Arkansas,5063.0,1785,68.0,30.0,,,,-0.154
19137,2020-11-12,Independence,Arkansas,5063.0,1795,68.0,10.0,,,,-0.12300000000000001
19138,2020-11-13,Independence,Arkansas,5063.0,1824,68.0,29.0,,,,-0.122
19139,2020-11-14,Independence,Arkansas,5063.0,1843,68.0,19.0,,,,-0.09279999900000001
19140,2020-11-15,Independence,Arkansas,5063.0,1852,68.0,9.0,,,,-0.11699999999999999
19141,2020-11-16,Independence,Arkansas,5063.0,1860,68.0,8.0,,,,-0.0473
19142,2020-11-17,Independence,Arkansas,5063.0,1880,68.0,20.0,,,,-0.0572
19143,2020-11-18,Independence,Arkansas,5063.0,1897,69.0,17.0,,,,0.0252
19144,2020-11-19,Independence,Arkansas,5063.0,1914,69.0,17.0,,,,-0.0136
19145,2020-11-20,Independence,Arkansas,5063.0,1923,71.0,9.0,,,,0.017899999
19146,2020-11-21,Independence,Arkansas,5063.0,1942,71.0,19.0,,,,-0.041900001
19147,2020-11-22,Independence,Arkansas,5063.0,1953,71.0,11.0,,,,-0.059900000999999994
