,date,county,state,fips,cases,deaths,new_cases,emp_combined,emp_combined_inclow,revenue_all,spend_all
343735,2020-03-31,Campbell,Virginia,51031.0,1,0.0,0.0,,,,-0.249
343736,2020-04-01,Campbell,Virginia,51031.0,2,0.0,1.0,,,,-0.22400001
343737,2020-04-02,Campbell,Virginia,51031.0,2,0.0,0.0,,,,-0.17399999
343738,2020-04-03,Campbell,Virginia,51031.0,2,0.0,0.0,,,,-0.17800000000000002
343739,2020-04-04,Campbell,Virginia,51031.0,2,0.0,0.0,,,,-0.168
343740,2020-04-05,Campbell,Virginia,51031.0,2,0.0,0.0,,,,-0.131
343741,2020-04-06,Campbell,Virginia,51031.0,2,0.0,0.0,,,,-0.14
343742,2020-04-07,Campbell,Virginia,51031.0,3,0.0,1.0,,,,-0.13500001
343743,2020-04-08,Campbell,Virginia,51031.0,4,0.0,1.0,,,,-0.15899999
343744,2020-04-09,Campbell,Virginia,51031.0,4,0.0,0.0,,,,-0.171
343745,2020-04-10,Campbell,Virginia,51031.0,7,0.0,3.0,,,,-0.15099999
343746,2020-04-11,Campbell,Virginia,51031.0,9,0.0,2.0,,,,-0.185
343747,2020-04-12,Campbell,Virginia,51031.0,9,0.0,0.0,,,,-0.21699999
343748,2020-04-13,Campbell,Virginia,51031.0,10,0.0,1.0,,,,-0.22899999999999998
343749,2020-04-14,Campbell,Virginia,51031.0,11,0.0,1.0,,,,-0.249
343750,2020-04-15,Campbell,Virginia,51031.0,11,0.0,0.0,,,,-0.212
343751,2020-04-16,Campbell,Virginia,51031.0,9,0.0,-2.0,,,,-0.19499999
343752,2020-04-17,Campbell,Virginia,51031.0,9,0.0,0.0,,,,-0.20600000000000002
343753,2020-04-18,Campbell,Virginia,51031.0,9,0.0,0.0,,,,-0.171
343754,2020-04-19,Campbell,Virginia,51031.0,9,0.0,0.0,,,,-0.147
343755,2020-04-20,Campbell,Virginia,51031.0,9,0.0,0.0,,,,-0.131
343756,2020-04-21,Campbell,Virginia,51031.0,10,0.0,1.0,,,,-0.124
343757,2020-04-22,Campbell,Virginia,51031.0,10,0.0,0.0,,,,-0.028000001
343758,2020-04-23,Campbell,Virginia,51031.0,10,0.0,0.0,,,,-0.038600001
343759,2020-04-24,Campbell,Virginia,51031.0,10,0.0,0.0,,,,-0.05519999900000001
343760,2020-04-25,Campbell,Virginia,51031.0,10,0.0,0.0,,,,-0.079599999
343761,2020-04-26,Campbell,Virginia,51031.0,11,0.0,1.0,,,,-0.067900002
343762,2020-04-27,Campbell,Virginia,51031.0,11,0.0,0.0,,,,-0.06419999900000001
343763,2020-04-28,Campbell,Virginia,51031.0,11,0.0,0.0,,,,-0.127
343764,2020-04-29,Campbell,Virginia,51031.0,12,0.0,1.0,,,,-0.15800001
343765,2020-04-30,Campbell,Virginia,51031.0,12,0.0,0.0,,,,-0.154
343766,2020-05-01,Campbell,Virginia,51031.0,12,0.0,0.0,,,,-0.131
343767,2020-05-02,Campbell,Virginia,51031.0,13,0.0,1.0,,,,-0.107
343768,2020-05-03,Campbell,Virginia,51031.0,13,0.0,0.0,,,,-0.121
343769,2020-05-04,Campbell,Virginia,51031.0,13,0.0,0.0,,,,-0.106
343770,2020-05-05,Campbell,Virginia,51031.0,13,0.0,0.0,,,,-0.083700001
343771,2020-05-06,Campbell,Virginia,51031.0,13,0.0,0.0,,,,-0.052700002
343772,2020-05-07,Campbell,Virginia,51031.0,13,0.0,0.0,,,,-0.041499997999999996
343773,2020-05-08,Campbell,Virginia,51031.0,13,0.0,0.0,,,,-0.0176
343774,2020-05-09,Campbell,Virginia,51031.0,13,0.0,0.0,,,,0.0041999999
343775,2020-05-10,Campbell,Virginia,51031.0,13,0.0,0.0,,,,0.0107
343776,2020-05-11,Campbell,Virginia,51031.0,13,0.0,0.0,,,,0.0006029999900000001
343777,2020-05-12,Campbell,Virginia,51031.0,13,0.0,0.0,,,,0.0057100002
343778,2020-05-13,Campbell,Virginia,51031.0,13,0.0,0.0,,,,0.0010199999999999999
343779,2020-05-14,Campbell,Virginia,51031.0,13,1.0,0.0,,,,0.0040600002
343780,2020-05-15,Campbell,Virginia,51031.0,13,1.0,0.0,,,,0.034600001
343781,2020-05-16,Campbell,Virginia,51031.0,13,1.0,0.0,,,,0.032900002000000005
343782,2020-05-17,Campbell,Virginia,51031.0,13,1.0,0.0,,,,0.031099999
343783,2020-05-18,Campbell,Virginia,51031.0,13,1.0,0.0,,,,0.032699998
343784,2020-05-19,Campbell,Virginia,51031.0,13,1.0,0.0,,,,0.0062000002
343785,2020-05-20,Campbell,Virginia,51031.0,13,1.0,0.0,,,,-0.0079500005
343786,2020-05-21,Campbell,Virginia,51031.0,13,1.0,0.0,,,,-0.024700001
343787,2020-05-22,Campbell,Virginia,51031.0,13,1.0,0.0,,,,-0.08060000099999999
343788,2020-05-23,Campbell,Virginia,51031.0,13,1.0,0.0,,,,-0.087700002
343789,2020-05-24,Campbell,Virginia,51031.0,13,1.0,0.0,,,,-0.09390000300000001
343790,2020-05-25,Campbell,Virginia,51031.0,13,1.0,0.0,,,,-0.062700003
343791,2020-05-26,Campbell,Virginia,51031.0,15,1.0,2.0,,,,-0.055
343792,2020-05-27,Campbell,Virginia,51031.0,16,1.0,1.0,,,,-0.060800001
343793,2020-05-28,Campbell,Virginia,51031.0,16,1.0,0.0,,,,-0.0491
343794,2020-05-29,Campbell,Virginia,51031.0,17,1.0,1.0,,,,-0.0228
343795,2020-05-30,Campbell,Virginia,51031.0,18,1.0,1.0,,,,-0.0195
343796,2020-05-31,Campbell,Virginia,51031.0,18,1.0,0.0,,,,-0.0149
343797,2020-06-01,Campbell,Virginia,51031.0,18,1.0,0.0,,,,0.0052299998
343798,2020-06-02,Campbell,Virginia,51031.0,18,1.0,0.0,,,,-0.0065100002
343799,2020-06-03,Campbell,Virginia,51031.0,18,1.0,0.0,,,,-0.0088200001
343800,2020-06-04,Campbell,Virginia,51031.0,18,1.0,0.0,,,,0.0096199997
343801,2020-06-05,Campbell,Virginia,51031.0,20,1.0,2.0,,,,0.0211
343802,2020-06-06,Campbell,Virginia,51031.0,20,1.0,0.0,,,,0.020300001
343803,2020-06-07,Campbell,Virginia,51031.0,20,1.0,0.0,,,,0.048599999000000005
343804,2020-06-08,Campbell,Virginia,51031.0,20,1.0,0.0,,,,0.049800000999999997
343805,2020-06-09,Campbell,Virginia,51031.0,20,1.0,0.0,,,,0.037900001
343806,2020-06-10,Campbell,Virginia,51031.0,22,1.0,2.0,,,,0.063000001
343807,2020-06-11,Campbell,Virginia,51031.0,22,1.0,0.0,,,,0.038800001
343808,2020-06-12,Campbell,Virginia,51031.0,22,1.0,0.0,,,,0.033
343809,2020-06-13,Campbell,Virginia,51031.0,23,1.0,1.0,,,,0.0135
343810,2020-06-14,Campbell,Virginia,51031.0,25,1.0,2.0,,,,-0.0108
343811,2020-06-15,Campbell,Virginia,51031.0,25,1.0,0.0,,,,-0.0123
343812,2020-06-16,Campbell,Virginia,51031.0,28,1.0,3.0,,,,-0.00355
343813,2020-06-17,Campbell,Virginia,51031.0,28,1.0,0.0,,,,-0.035300002000000004
343814,2020-06-18,Campbell,Virginia,51031.0,28,1.0,0.0,,,,-0.040399998
343815,2020-06-19,Campbell,Virginia,51031.0,30,1.0,2.0,,,,-0.049400002
343816,2020-06-20,Campbell,Virginia,51031.0,32,1.0,2.0,,,,-0.0139
343817,2020-06-21,Campbell,Virginia,51031.0,32,1.0,0.0,,,,-0.0080800001
343818,2020-06-22,Campbell,Virginia,51031.0,32,1.0,0.0,,,,-0.0099999998
343819,2020-06-23,Campbell,Virginia,51031.0,33,1.0,1.0,,,,0.0041899998
343820,2020-06-24,Campbell,Virginia,51031.0,32,1.0,-1.0,,,,0.045400000999999995
343821,2020-06-25,Campbell,Virginia,51031.0,34,1.0,2.0,,,,0.053199999000000005
343822,2020-06-26,Campbell,Virginia,51031.0,41,1.0,7.0,,,,0.0145
343823,2020-06-27,Campbell,Virginia,51031.0,41,1.0,0.0,,,,-0.0106
343824,2020-06-28,Campbell,Virginia,51031.0,43,1.0,2.0,,,,-0.057500000999999995
343825,2020-06-29,Campbell,Virginia,51031.0,44,1.0,1.0,,,,-0.057700000999999994
343826,2020-06-30,Campbell,Virginia,51031.0,45,1.0,1.0,,,,-0.0898
343827,2020-07-01,Campbell,Virginia,51031.0,45,1.0,0.0,,,,-0.084899999
343828,2020-07-02,Campbell,Virginia,51031.0,45,1.0,0.0,,,,-0.067900002
343829,2020-07-03,Campbell,Virginia,51031.0,48,1.0,3.0,,,,-0.06899999799999999
343830,2020-07-04,Campbell,Virginia,51031.0,51,1.0,3.0,,,,-0.0185
343831,2020-07-05,Campbell,Virginia,51031.0,51,1.0,0.0,,,,0.0050599999
343832,2020-07-06,Campbell,Virginia,51031.0,51,1.0,0.0,,,,-0.024700001
343833,2020-07-07,Campbell,Virginia,51031.0,53,1.0,2.0,,,,-0.022399999
343834,2020-07-08,Campbell,Virginia,51031.0,54,1.0,1.0,,,,-0.035
343835,2020-07-09,Campbell,Virginia,51031.0,54,1.0,0.0,,,,-0.048
343836,2020-07-10,Campbell,Virginia,51031.0,56,1.0,2.0,,,,-0.0385
343837,2020-07-11,Campbell,Virginia,51031.0,63,1.0,7.0,,,,-0.041200001
343838,2020-07-12,Campbell,Virginia,51031.0,65,1.0,2.0,,,,0.0044499998999999995
343839,2020-07-13,Campbell,Virginia,51031.0,66,1.0,1.0,,,,0.0073199999
343840,2020-07-14,Campbell,Virginia,51031.0,70,1.0,4.0,,,,0.0244
343841,2020-07-15,Campbell,Virginia,51031.0,71,1.0,1.0,,,,0.04410000099999999
343842,2020-07-16,Campbell,Virginia,51031.0,70,1.0,-1.0,,,,0.061000001
343843,2020-07-17,Campbell,Virginia,51031.0,73,1.0,3.0,,,,0.048500000999999994
343844,2020-07-18,Campbell,Virginia,51031.0,74,1.0,1.0,,,,0.043200000999999995
343845,2020-07-19,Campbell,Virginia,51031.0,77,1.0,3.0,,,,0.021600001
343846,2020-07-20,Campbell,Virginia,51031.0,80,1.0,3.0,,,,0.0539
343847,2020-07-21,Campbell,Virginia,51031.0,84,1.0,4.0,,,,0.054000001
343848,2020-07-22,Campbell,Virginia,51031.0,89,1.0,5.0,,,,0.050799999000000005
343849,2020-07-23,Campbell,Virginia,51031.0,89,1.0,0.0,,,,0.0178
343850,2020-07-24,Campbell,Virginia,51031.0,94,1.0,5.0,,,,0.0252
343851,2020-07-25,Campbell,Virginia,51031.0,101,1.0,7.0,,,,-0.0015199999999999999
343852,2020-07-26,Campbell,Virginia,51031.0,102,1.0,1.0,,,,0.020500001
343853,2020-07-27,Campbell,Virginia,51031.0,117,1.0,15.0,,,,-0.0197
343854,2020-07-28,Campbell,Virginia,51031.0,121,1.0,4.0,,,,-0.037700001000000004
343855,2020-07-29,Campbell,Virginia,51031.0,131,2.0,10.0,,,,-0.046
343856,2020-07-30,Campbell,Virginia,51031.0,132,2.0,1.0,,,,-0.045400000999999995
343857,2020-07-31,Campbell,Virginia,51031.0,144,2.0,12.0,,,,-0.041999999
343858,2020-08-01,Campbell,Virginia,51031.0,149,2.0,5.0,,,,-0.0087599996
343859,2020-08-02,Campbell,Virginia,51031.0,151,2.0,2.0,,,,-0.147
343860,2020-08-03,Campbell,Virginia,51031.0,157,2.0,6.0,,,,-0.15800001
343861,2020-08-04,Campbell,Virginia,51031.0,162,2.0,5.0,,,,-0.13500001
343862,2020-08-05,Campbell,Virginia,51031.0,168,2.0,6.0,,,,-0.146
343863,2020-08-06,Campbell,Virginia,51031.0,176,2.0,8.0,,,,-0.13
343864,2020-08-07,Campbell,Virginia,51031.0,190,2.0,14.0,,,,-0.10400000000000001
343865,2020-08-08,Campbell,Virginia,51031.0,206,2.0,16.0,,,,-0.10300000000000001
343866,2020-08-09,Campbell,Virginia,51031.0,213,2.0,7.0,,,,0.020300001
343867,2020-08-10,Campbell,Virginia,51031.0,213,2.0,0.0,,,,0.0265
343868,2020-08-11,Campbell,Virginia,51031.0,218,2.0,5.0,,,,-0.0037
343869,2020-08-12,Campbell,Virginia,51031.0,216,2.0,-2.0,,,,-0.00911
343870,2020-08-13,Campbell,Virginia,51031.0,228,2.0,12.0,,,,-0.0261
343871,2020-08-14,Campbell,Virginia,51031.0,237,2.0,9.0,,,,-0.048799999000000004
343872,2020-08-15,Campbell,Virginia,51031.0,244,3.0,7.0,,,,-0.050500002
343873,2020-08-16,Campbell,Virginia,51031.0,251,3.0,7.0,,,,-0.046599999
343874,2020-08-17,Campbell,Virginia,51031.0,253,3.0,2.0,,,,-0.030300001
343875,2020-08-18,Campbell,Virginia,51031.0,260,3.0,7.0,,,,-0.02
343876,2020-08-19,Campbell,Virginia,51031.0,264,3.0,4.0,,,,0.0219
343877,2020-08-20,Campbell,Virginia,51031.0,270,3.0,6.0,,,,0.0394
343878,2020-08-21,Campbell,Virginia,51031.0,277,3.0,7.0,,,,0.06859999900000001
343879,2020-08-22,Campbell,Virginia,51031.0,289,3.0,12.0,,,,0.06710000299999999
343880,2020-08-23,Campbell,Virginia,51031.0,296,3.0,7.0,,,,0.0592
343881,2020-08-24,Campbell,Virginia,51031.0,298,3.0,2.0,,,,0.039099998999999996
343882,2020-08-25,Campbell,Virginia,51031.0,300,3.0,2.0,,,,0.0526
343883,2020-08-26,Campbell,Virginia,51031.0,298,3.0,-2.0,,,,0.051899999
343884,2020-08-27,Campbell,Virginia,51031.0,307,3.0,9.0,,,,0.0678
343885,2020-08-28,Campbell,Virginia,51031.0,310,3.0,3.0,,,,0.024900001
343886,2020-08-29,Campbell,Virginia,51031.0,312,3.0,2.0,,,,0.040600002
343887,2020-08-30,Campbell,Virginia,51031.0,317,3.0,5.0,,,,0.024599998999999997
343888,2020-08-31,Campbell,Virginia,51031.0,324,3.0,7.0,,,,-0.0138
343889,2020-09-01,Campbell,Virginia,51031.0,329,3.0,5.0,,,,-0.013000000000000001
343890,2020-09-02,Campbell,Virginia,51031.0,335,3.0,6.0,,,,-0.0068100002
343891,2020-09-03,Campbell,Virginia,51031.0,342,3.0,7.0,,,,-0.0264
343892,2020-09-04,Campbell,Virginia,51031.0,342,3.0,0.0,,,,-0.0252
343893,2020-09-05,Campbell,Virginia,51031.0,348,3.0,6.0,,,,-0.021299999
343894,2020-09-06,Campbell,Virginia,51031.0,352,3.0,4.0,,,,0.0053500002
343895,2020-09-07,Campbell,Virginia,51031.0,354,3.0,2.0,,,,0.008320000000000001
343896,2020-09-08,Campbell,Virginia,51031.0,355,3.0,1.0,,,,-0.047200002000000005
343897,2020-09-09,Campbell,Virginia,51031.0,359,3.0,4.0,,,,-0.06859999900000001
343898,2020-09-10,Campbell,Virginia,51031.0,359,3.0,0.0,,,,-0.073399998
343899,2020-09-11,Campbell,Virginia,51031.0,366,3.0,7.0,,,,-0.030099999
343900,2020-09-12,Campbell,Virginia,51031.0,377,3.0,11.0,,,,-0.0458
343901,2020-09-13,Campbell,Virginia,51031.0,383,3.0,6.0,,,,-0.018100001
343902,2020-09-14,Campbell,Virginia,51031.0,384,3.0,1.0,,,,0.0131
343903,2020-09-15,Campbell,Virginia,51031.0,385,3.0,1.0,,,,0.031599998
343904,2020-09-16,Campbell,Virginia,51031.0,388,4.0,3.0,,,,0.047499999
343905,2020-09-17,Campbell,Virginia,51031.0,393,4.0,5.0,,,,0.067000002
343906,2020-09-18,Campbell,Virginia,51031.0,395,4.0,2.0,,,,0.057999998
343907,2020-09-19,Campbell,Virginia,51031.0,400,4.0,5.0,,,,0.06580000400000001
343908,2020-09-20,Campbell,Virginia,51031.0,402,4.0,2.0,,,,0.0381
343909,2020-09-21,Campbell,Virginia,51031.0,408,4.0,6.0,,,,0.033399999
343910,2020-09-22,Campbell,Virginia,51031.0,415,4.0,7.0,,,,0.029100001
343911,2020-09-23,Campbell,Virginia,51031.0,422,4.0,7.0,,,,0.02
343912,2020-09-24,Campbell,Virginia,51031.0,435,4.0,13.0,,,,0.027899998999999998
343913,2020-09-25,Campbell,Virginia,51031.0,436,4.0,1.0,,,,0.0113
343914,2020-09-26,Campbell,Virginia,51031.0,447,4.0,11.0,,,,0.0154
343915,2020-09-27,Campbell,Virginia,51031.0,450,4.0,3.0,,,,0.0669
343916,2020-09-28,Campbell,Virginia,51031.0,453,4.0,3.0,,,,0.071900003
343917,2020-09-29,Campbell,Virginia,51031.0,458,4.0,5.0,,,,0.045499999000000006
343918,2020-09-30,Campbell,Virginia,51031.0,460,4.0,2.0,,,,0.044799998
343919,2020-10-01,Campbell,Virginia,51031.0,461,4.0,1.0,,,,0.030400001
343920,2020-10-02,Campbell,Virginia,51031.0,471,4.0,10.0,,,,0.0451
343921,2020-10-03,Campbell,Virginia,51031.0,475,4.0,4.0,,,,0.0173
343922,2020-10-04,Campbell,Virginia,51031.0,485,4.0,10.0,,,,0.008770000200000001
343923,2020-10-05,Campbell,Virginia,51031.0,485,4.0,0.0,,,,0.0254
343924,2020-10-06,Campbell,Virginia,51031.0,494,4.0,9.0,,,,0.04769999900000001
343925,2020-10-07,Campbell,Virginia,51031.0,496,4.0,2.0,,,,0.0118
343926,2020-10-08,Campbell,Virginia,51031.0,520,4.0,24.0,,,,0.039900001000000004
343927,2020-10-09,Campbell,Virginia,51031.0,536,4.0,16.0,,,,0.0111
343928,2020-10-10,Campbell,Virginia,51031.0,549,4.0,13.0,,,,0.0135
343929,2020-10-11,Campbell,Virginia,51031.0,557,5.0,8.0,,,,0.0106
343930,2020-10-12,Campbell,Virginia,51031.0,566,5.0,9.0,,,,0.011000000000000001
343931,2020-10-13,Campbell,Virginia,51031.0,577,5.0,11.0,,,,-0.0178
343932,2020-10-14,Campbell,Virginia,51031.0,587,5.0,10.0,,,,-0.00097699999
343933,2020-10-15,Campbell,Virginia,51031.0,602,5.0,15.0,,,,-0.0218
343934,2020-10-16,Campbell,Virginia,51031.0,616,6.0,14.0,,,,0.0135
343935,2020-10-17,Campbell,Virginia,51031.0,628,6.0,12.0,,,,0.0187
343936,2020-10-18,Campbell,Virginia,51031.0,628,6.0,0.0,,,,0.017100001
343937,2020-10-19,Campbell,Virginia,51031.0,634,6.0,6.0,,,,0.0123
343938,2020-10-20,Campbell,Virginia,51031.0,643,7.0,9.0,,,,0.050000000999999995
343939,2020-10-21,Campbell,Virginia,51031.0,652,8.0,9.0,,,,0.078400001
343940,2020-10-22,Campbell,Virginia,51031.0,667,8.0,15.0,,,,0.098200001
343941,2020-10-23,Campbell,Virginia,51031.0,672,8.0,5.0,,,,0.08659999800000001
343942,2020-10-24,Campbell,Virginia,51031.0,676,8.0,4.0,,,,0.111
343943,2020-10-25,Campbell,Virginia,51031.0,702,8.0,26.0,,,,0.125
343944,2020-10-26,Campbell,Virginia,51031.0,705,8.0,3.0,,,,0.15099999
343945,2020-10-27,Campbell,Virginia,51031.0,714,8.0,9.0,,,,0.127
343946,2020-10-28,Campbell,Virginia,51031.0,739,8.0,25.0,,,,0.11
343947,2020-10-29,Campbell,Virginia,51031.0,753,8.0,14.0,,,,0.078500003
343948,2020-10-30,Campbell,Virginia,51031.0,771,8.0,18.0,,,,0.071699999
343949,2020-10-31,Campbell,Virginia,51031.0,778,9.0,7.0,,,,0.088399999
343950,2020-11-01,Campbell,Virginia,51031.0,784,9.0,6.0,,,,0.065399997
343951,2020-11-02,Campbell,Virginia,51031.0,787,9.0,3.0,,,,0.068300001
343952,2020-11-03,Campbell,Virginia,51031.0,803,9.0,16.0,,,,0.0823
343953,2020-11-04,Campbell,Virginia,51031.0,812,9.0,9.0,,,,0.0977
343954,2020-11-05,Campbell,Virginia,51031.0,828,9.0,16.0,,,,0.11
343955,2020-11-06,Campbell,Virginia,51031.0,836,9.0,8.0,,,,0.106
343956,2020-11-07,Campbell,Virginia,51031.0,855,9.0,19.0,,,,0.057599999000000006
343957,2020-11-08,Campbell,Virginia,51031.0,859,9.0,4.0,,,,0.09650000199999999
343958,2020-11-09,Campbell,Virginia,51031.0,866,9.0,7.0,,,,0.079099998
343959,2020-11-10,Campbell,Virginia,51031.0,868,9.0,2.0,,,,0.054400000999999996
343960,2020-11-11,Campbell,Virginia,51031.0,879,10.0,11.0,,,,0.024
343961,2020-11-12,Campbell,Virginia,51031.0,891,10.0,12.0,,,,0.0244
343962,2020-11-13,Campbell,Virginia,51031.0,909,11.0,18.0,,,,0.037700001000000004
343963,2020-11-14,Campbell,Virginia,51031.0,914,11.0,5.0,,,,0.079899997
343964,2020-11-15,Campbell,Virginia,51031.0,917,11.0,3.0,,,,0.0427
343965,2020-11-16,Campbell,Virginia,51031.0,939,12.0,22.0,,,,0.037999999
343966,2020-11-17,Campbell,Virginia,51031.0,956,12.0,17.0,,,,0.044500001
343967,2020-11-18,Campbell,Virginia,51031.0,962,12.0,6.0,,,,0.09350000300000001
343968,2020-11-19,Campbell,Virginia,51031.0,970,12.0,8.0,,,,0.10300000000000001
343969,2020-11-20,Campbell,Virginia,51031.0,1006,12.0,36.0,,,,0.09189999800000001
343970,2020-11-21,Campbell,Virginia,51031.0,1012,12.0,6.0,,,,0.07829999900000001
343971,2020-11-22,Campbell,Virginia,51031.0,1044,12.0,32.0,,,,0.0814
