,date,county,state,fips,cases,deaths,new_cases,emp_combined,emp_combined_inclow,revenue_all,spend_all
344869,2020-04-07,Dinwiddie,Virginia,51053.0,1,0.0,0.0,,,,-0.23800001
344870,2020-04-08,Dinwiddie,Virginia,51053.0,2,0.0,1.0,,,,-0.22
344871,2020-04-09,Dinwiddie,Virginia,51053.0,2,0.0,0.0,,,,-0.243
344872,2020-04-10,Dinwiddie,Virginia,51053.0,3,0.0,1.0,,,,-0.212
344873,2020-04-11,Dinwiddie,Virginia,51053.0,6,0.0,3.0,,,,-0.207
344874,2020-04-12,Dinwiddie,Virginia,51053.0,6,0.0,0.0,,,,-0.23999999
344875,2020-04-13,Dinwiddie,Virginia,51053.0,6,0.0,0.0,,,,-0.15899999
344876,2020-04-14,Dinwiddie,Virginia,51053.0,7,0.0,1.0,,,,-0.057300000999999996
344877,2020-04-15,Dinwiddie,Virginia,51053.0,7,0.0,0.0,,,,-0.038199998
344878,2020-04-16,Dinwiddie,Virginia,51053.0,7,0.0,0.0,,,,-0.050999999000000004
344879,2020-04-17,Dinwiddie,Virginia,51053.0,7,0.0,0.0,,,,-0.029300001000000003
344880,2020-04-18,Dinwiddie,Virginia,51053.0,7,0.0,0.0,,,,-0.0188
344881,2020-04-19,Dinwiddie,Virginia,51053.0,7,0.0,0.0,,,,0.059999999000000005
344882,2020-04-20,Dinwiddie,Virginia,51053.0,8,0.0,1.0,,,,0.059300002000000004
344883,2020-04-21,Dinwiddie,Virginia,51053.0,8,0.0,0.0,,,,-0.0053099999
344884,2020-04-22,Dinwiddie,Virginia,51053.0,8,0.0,0.0,,,,-0.0116
344885,2020-04-23,Dinwiddie,Virginia,51053.0,12,0.0,4.0,,,,-0.034400001
344886,2020-04-24,Dinwiddie,Virginia,51053.0,12,0.0,0.0,,,,-0.0079500005
344887,2020-04-25,Dinwiddie,Virginia,51053.0,12,0.0,0.0,,,,-0.045699999000000005
344888,2020-04-26,Dinwiddie,Virginia,51053.0,14,0.0,2.0,,,,-0.09099999800000001
344889,2020-04-27,Dinwiddie,Virginia,51053.0,15,0.0,1.0,,,,-0.15800001
344890,2020-04-28,Dinwiddie,Virginia,51053.0,15,0.0,0.0,,,,-0.155
344891,2020-04-29,Dinwiddie,Virginia,51053.0,15,0.0,0.0,,,,-0.07540000200000001
344892,2020-04-30,Dinwiddie,Virginia,51053.0,16,0.0,1.0,,,,-0.0217
344893,2020-05-01,Dinwiddie,Virginia,51053.0,16,0.0,0.0,,,,-0.042199999
344894,2020-05-02,Dinwiddie,Virginia,51053.0,18,0.0,2.0,,,,0.00398
344895,2020-05-03,Dinwiddie,Virginia,51053.0,18,0.0,0.0,,,,-0.022700001
344896,2020-05-04,Dinwiddie,Virginia,51053.0,23,0.0,5.0,,,,0.0103
344897,2020-05-05,Dinwiddie,Virginia,51053.0,25,0.0,2.0,,,,-0.012
344898,2020-05-06,Dinwiddie,Virginia,51053.0,25,0.0,0.0,,,,-0.0341
344899,2020-05-07,Dinwiddie,Virginia,51053.0,25,0.0,0.0,,,,-0.097099997
344900,2020-05-08,Dinwiddie,Virginia,51053.0,25,0.0,0.0,,,,-0.115
344901,2020-05-09,Dinwiddie,Virginia,51053.0,25,0.0,0.0,,,,-0.11199999999999999
344902,2020-05-10,Dinwiddie,Virginia,51053.0,27,0.0,2.0,,,,-0.11199999999999999
344903,2020-05-11,Dinwiddie,Virginia,51053.0,28,0.0,1.0,,,,-0.12899999
344904,2020-05-12,Dinwiddie,Virginia,51053.0,30,0.0,2.0,,,,-0.12899999
344905,2020-05-13,Dinwiddie,Virginia,51053.0,30,0.0,0.0,,,,-0.16399999999999998
344906,2020-05-14,Dinwiddie,Virginia,51053.0,33,0.0,3.0,,,,-0.09929999699999999
344907,2020-05-15,Dinwiddie,Virginia,51053.0,36,0.0,3.0,,,,-0.111
344908,2020-05-16,Dinwiddie,Virginia,51053.0,36,0.0,0.0,,,,-0.126
344909,2020-05-17,Dinwiddie,Virginia,51053.0,36,0.0,0.0,,,,-0.10800000000000001
344910,2020-05-18,Dinwiddie,Virginia,51053.0,38,0.0,2.0,,,,-0.11800000000000001
344911,2020-05-19,Dinwiddie,Virginia,51053.0,45,0.0,7.0,,,,-0.075800002
344912,2020-05-20,Dinwiddie,Virginia,51053.0,47,0.0,2.0,,,,-0.098499998
344913,2020-05-21,Dinwiddie,Virginia,51053.0,47,0.0,0.0,,,,-0.092
344914,2020-05-22,Dinwiddie,Virginia,51053.0,47,0.0,0.0,,,,-0.07540000200000001
344915,2020-05-23,Dinwiddie,Virginia,51053.0,48,0.0,1.0,,,,-0.10800000000000001
344916,2020-05-24,Dinwiddie,Virginia,51053.0,48,0.0,0.0,,,,-0.131
344917,2020-05-25,Dinwiddie,Virginia,51053.0,48,0.0,0.0,,,,-0.15700001
344918,2020-05-26,Dinwiddie,Virginia,51053.0,55,0.0,7.0,,,,-0.17299999
344919,2020-05-27,Dinwiddie,Virginia,51053.0,61,0.0,6.0,,,,-0.14300001
344920,2020-05-28,Dinwiddie,Virginia,51053.0,68,0.0,7.0,,,,-0.132
344921,2020-05-29,Dinwiddie,Virginia,51053.0,71,0.0,3.0,,,,-0.15700001
344922,2020-05-30,Dinwiddie,Virginia,51053.0,77,0.0,6.0,,,,-0.16
344923,2020-05-31,Dinwiddie,Virginia,51053.0,80,0.0,3.0,,,,-0.18899999999999997
344924,2020-06-01,Dinwiddie,Virginia,51053.0,83,0.0,3.0,,,,-0.16699999999999998
344925,2020-06-02,Dinwiddie,Virginia,51053.0,83,0.0,0.0,,,,-0.11900000000000001
344926,2020-06-03,Dinwiddie,Virginia,51053.0,84,0.0,1.0,,,,-0.18000001
344927,2020-06-04,Dinwiddie,Virginia,51053.0,90,0.0,6.0,,,,-0.14300001
344928,2020-06-05,Dinwiddie,Virginia,51053.0,93,0.0,3.0,,,,-0.039000001
344929,2020-06-06,Dinwiddie,Virginia,51053.0,98,0.0,5.0,,,,0.0111
344930,2020-06-07,Dinwiddie,Virginia,51053.0,98,0.0,0.0,,,,0.0286
344931,2020-06-08,Dinwiddie,Virginia,51053.0,98,0.0,0.0,,,,0.028100001
344932,2020-06-09,Dinwiddie,Virginia,51053.0,99,0.0,1.0,,,,-0.0115
344933,2020-06-10,Dinwiddie,Virginia,51053.0,101,0.0,2.0,,,,-0.0031000001
344934,2020-06-11,Dinwiddie,Virginia,51053.0,101,0.0,0.0,,,,-0.034899998
344935,2020-06-12,Dinwiddie,Virginia,51053.0,105,0.0,4.0,,,,-0.125
344936,2020-06-13,Dinwiddie,Virginia,51053.0,107,0.0,2.0,,,,-0.20999999
344937,2020-06-14,Dinwiddie,Virginia,51053.0,108,0.0,1.0,,,,-0.18600000000000003
344938,2020-06-15,Dinwiddie,Virginia,51053.0,110,0.0,2.0,,,,-0.264
344939,2020-06-16,Dinwiddie,Virginia,51053.0,110,0.0,0.0,,,,-0.17900001
344940,2020-06-17,Dinwiddie,Virginia,51053.0,113,0.0,3.0,,,,-0.11199999999999999
344941,2020-06-18,Dinwiddie,Virginia,51053.0,114,0.0,1.0,,,,-0.125
344942,2020-06-19,Dinwiddie,Virginia,51053.0,118,0.0,4.0,,,,-0.0669
344943,2020-06-20,Dinwiddie,Virginia,51053.0,121,0.0,3.0,,,,-0.035300002000000004
344944,2020-06-21,Dinwiddie,Virginia,51053.0,121,0.0,0.0,,,,0.0024900001
344945,2020-06-22,Dinwiddie,Virginia,51053.0,123,0.0,2.0,,,,0.050099999000000006
344946,2020-06-23,Dinwiddie,Virginia,51053.0,127,0.0,4.0,,,,-0.00495
344947,2020-06-24,Dinwiddie,Virginia,51053.0,130,0.0,3.0,,,,-0.059599999
344948,2020-06-25,Dinwiddie,Virginia,51053.0,129,0.0,-1.0,,,,-0.018100001
344949,2020-06-26,Dinwiddie,Virginia,51053.0,131,0.0,2.0,,,,-0.05519999900000001
344950,2020-06-27,Dinwiddie,Virginia,51053.0,141,0.0,10.0,,,,-0.082199998
344951,2020-06-28,Dinwiddie,Virginia,51053.0,141,0.0,0.0,,,,-0.12300000000000001
344952,2020-06-29,Dinwiddie,Virginia,51053.0,140,0.0,-1.0,,,,-0.082999997
344953,2020-06-30,Dinwiddie,Virginia,51053.0,142,0.0,2.0,,,,-0.0308
344954,2020-07-01,Dinwiddie,Virginia,51053.0,142,0.0,0.0,,,,-0.00296
344955,2020-07-02,Dinwiddie,Virginia,51053.0,143,0.0,1.0,,,,-0.0125
344956,2020-07-03,Dinwiddie,Virginia,51053.0,148,2.0,5.0,,,,-0.038699999
344957,2020-07-04,Dinwiddie,Virginia,51053.0,148,2.0,0.0,,,,0.015699999
344958,2020-07-05,Dinwiddie,Virginia,51053.0,148,2.0,0.0,,,,0.025800001
344959,2020-07-06,Dinwiddie,Virginia,51053.0,151,2.0,3.0,,,,0.0414
344960,2020-07-07,Dinwiddie,Virginia,51053.0,152,2.0,1.0,,,,-0.0108
344961,2020-07-08,Dinwiddie,Virginia,51053.0,154,2.0,2.0,,,,0.00563
344962,2020-07-09,Dinwiddie,Virginia,51053.0,154,2.0,0.0,,,,0.0013
344963,2020-07-10,Dinwiddie,Virginia,51053.0,154,2.0,0.0,,,,0.04630000099999999
344964,2020-07-11,Dinwiddie,Virginia,51053.0,154,2.0,0.0,,,,0.07980000200000001
344965,2020-07-12,Dinwiddie,Virginia,51053.0,156,2.0,2.0,,,,0.064300001
344966,2020-07-13,Dinwiddie,Virginia,51053.0,156,2.0,0.0,,,,-0.0174
344967,2020-07-14,Dinwiddie,Virginia,51053.0,160,2.0,4.0,,,,0.0186
344968,2020-07-15,Dinwiddie,Virginia,51053.0,162,2.0,2.0,,,,-0.0352
344969,2020-07-16,Dinwiddie,Virginia,51053.0,163,2.0,1.0,,,,-0.048700001
344970,2020-07-17,Dinwiddie,Virginia,51053.0,164,2.0,1.0,,,,-0.0616
344971,2020-07-18,Dinwiddie,Virginia,51053.0,166,2.0,2.0,,,,-0.0583
344972,2020-07-19,Dinwiddie,Virginia,51053.0,167,2.0,1.0,,,,-0.04630000099999999
344973,2020-07-20,Dinwiddie,Virginia,51053.0,168,2.0,1.0,,,,-0.062100000999999995
344974,2020-07-21,Dinwiddie,Virginia,51053.0,169,2.0,1.0,,,,-0.090499997
344975,2020-07-22,Dinwiddie,Virginia,51053.0,172,2.0,3.0,,,,-0.061099999
344976,2020-07-23,Dinwiddie,Virginia,51053.0,172,2.0,0.0,,,,-0.085299999
344977,2020-07-24,Dinwiddie,Virginia,51053.0,173,2.0,1.0,,,,-0.0471
344978,2020-07-25,Dinwiddie,Virginia,51053.0,175,2.0,2.0,,,,-0.066500001
344979,2020-07-26,Dinwiddie,Virginia,51053.0,179,2.0,4.0,,,,-0.059000000000000004
344980,2020-07-27,Dinwiddie,Virginia,51053.0,187,2.0,8.0,,,,-0.021199999
344981,2020-07-28,Dinwiddie,Virginia,51053.0,193,2.0,6.0,,,,-0.0381
344982,2020-07-29,Dinwiddie,Virginia,51053.0,195,4.0,2.0,,,,-0.067299999
344983,2020-07-30,Dinwiddie,Virginia,51053.0,196,4.0,1.0,,,,-0.115
344984,2020-07-31,Dinwiddie,Virginia,51053.0,197,4.0,1.0,,,,-0.163
344985,2020-08-01,Dinwiddie,Virginia,51053.0,198,6.0,1.0,,,,-0.21699999
344986,2020-08-02,Dinwiddie,Virginia,51053.0,200,6.0,2.0,,,,-0.18700001
344987,2020-08-03,Dinwiddie,Virginia,51053.0,209,6.0,9.0,,,,-0.207
344988,2020-08-04,Dinwiddie,Virginia,51053.0,210,6.0,1.0,,,,-0.20900001
344989,2020-08-05,Dinwiddie,Virginia,51053.0,209,7.0,-1.0,,,,-0.212
344990,2020-08-06,Dinwiddie,Virginia,51053.0,211,7.0,2.0,,,,-0.131
344991,2020-08-07,Dinwiddie,Virginia,51053.0,212,7.0,1.0,,,,-0.16500001
344992,2020-08-08,Dinwiddie,Virginia,51053.0,217,7.0,5.0,,,,-0.12
344993,2020-08-09,Dinwiddie,Virginia,51053.0,219,7.0,2.0,,,,-0.121
344994,2020-08-10,Dinwiddie,Virginia,51053.0,221,7.0,2.0,,,,-0.093699999
344995,2020-08-11,Dinwiddie,Virginia,51053.0,223,7.0,2.0,,,,-0.069399998
344996,2020-08-12,Dinwiddie,Virginia,51053.0,223,7.0,0.0,,,,-0.0614
344997,2020-08-13,Dinwiddie,Virginia,51053.0,226,7.0,3.0,,,,-0.0515
344998,2020-08-14,Dinwiddie,Virginia,51053.0,227,7.0,1.0,,,,-0.0077800001
344999,2020-08-15,Dinwiddie,Virginia,51053.0,232,7.0,5.0,,,,0.0121
345000,2020-08-16,Dinwiddie,Virginia,51053.0,238,7.0,6.0,,,,-0.043499999000000004
345001,2020-08-17,Dinwiddie,Virginia,51053.0,240,7.0,2.0,,,,-0.054000001
345002,2020-08-18,Dinwiddie,Virginia,51053.0,243,7.0,3.0,,,,-0.0933
345003,2020-08-19,Dinwiddie,Virginia,51053.0,246,7.0,3.0,,,,-0.052000001
345004,2020-08-20,Dinwiddie,Virginia,51053.0,250,7.0,4.0,,,,-0.0889
345005,2020-08-21,Dinwiddie,Virginia,51053.0,251,7.0,1.0,,,,-0.07540000200000001
345006,2020-08-22,Dinwiddie,Virginia,51053.0,260,7.0,9.0,,,,-0.062100000999999995
345007,2020-08-23,Dinwiddie,Virginia,51053.0,262,8.0,2.0,,,,-0.024800001000000002
345008,2020-08-24,Dinwiddie,Virginia,51053.0,264,8.0,2.0,,,,-0.029899999
345009,2020-08-25,Dinwiddie,Virginia,51053.0,266,8.0,2.0,,,,0.026900001
345010,2020-08-26,Dinwiddie,Virginia,51053.0,267,8.0,1.0,,,,0.0319
345011,2020-08-27,Dinwiddie,Virginia,51053.0,274,8.0,7.0,,,,0.0147
345012,2020-08-28,Dinwiddie,Virginia,51053.0,281,8.0,7.0,,,,0.0129
345013,2020-08-29,Dinwiddie,Virginia,51053.0,283,8.0,2.0,,,,-0.009379999699999999
345014,2020-08-30,Dinwiddie,Virginia,51053.0,286,8.0,3.0,,,,-0.0294
345015,2020-08-31,Dinwiddie,Virginia,51053.0,292,8.0,6.0,,,,-0.022000000000000002
345016,2020-09-01,Dinwiddie,Virginia,51053.0,296,8.0,4.0,,,,-0.0033799998999999997
345017,2020-09-02,Dinwiddie,Virginia,51053.0,298,8.0,2.0,,,,-0.0104
345018,2020-09-03,Dinwiddie,Virginia,51053.0,305,8.0,7.0,,,,-0.036800001
345019,2020-09-04,Dinwiddie,Virginia,51053.0,309,8.0,4.0,,,,-0.0372
345020,2020-09-05,Dinwiddie,Virginia,51053.0,314,8.0,5.0,,,,-0.038699999
345021,2020-09-06,Dinwiddie,Virginia,51053.0,318,8.0,4.0,,,,-0.099100001
345022,2020-09-07,Dinwiddie,Virginia,51053.0,318,8.0,0.0,,,,-0.15099999
345023,2020-09-08,Dinwiddie,Virginia,51053.0,322,8.0,4.0,,,,-0.149
345024,2020-09-09,Dinwiddie,Virginia,51053.0,327,8.0,5.0,,,,-0.040800001
345025,2020-09-10,Dinwiddie,Virginia,51053.0,329,8.0,2.0,,,,0.0396
345026,2020-09-11,Dinwiddie,Virginia,51053.0,330,8.0,1.0,,,,0.10400000000000001
345027,2020-09-12,Dinwiddie,Virginia,51053.0,336,8.0,6.0,,,,0.088600002
345028,2020-09-13,Dinwiddie,Virginia,51053.0,336,8.0,0.0,,,,0.036899998999999996
345029,2020-09-14,Dinwiddie,Virginia,51053.0,336,8.0,0.0,,,,0.078500003
345030,2020-09-15,Dinwiddie,Virginia,51053.0,341,9.0,5.0,,,,0.0625
345031,2020-09-16,Dinwiddie,Virginia,51053.0,343,10.0,2.0,,,,0.126
345032,2020-09-17,Dinwiddie,Virginia,51053.0,347,10.0,4.0,,,,0.141
345033,2020-09-18,Dinwiddie,Virginia,51053.0,355,10.0,8.0,,,,0.0889
345034,2020-09-19,Dinwiddie,Virginia,51053.0,362,10.0,7.0,,,,0.13699999
345035,2020-09-20,Dinwiddie,Virginia,51053.0,366,11.0,4.0,,,,0.198
345036,2020-09-21,Dinwiddie,Virginia,51053.0,370,11.0,4.0,,,,0.155
345037,2020-09-22,Dinwiddie,Virginia,51053.0,371,11.0,1.0,,,,0.10800000000000001
345038,2020-09-23,Dinwiddie,Virginia,51053.0,373,11.0,2.0,,,,0.022399999
345039,2020-09-24,Dinwiddie,Virginia,51053.0,375,11.0,2.0,,,,-0.000459
345040,2020-09-25,Dinwiddie,Virginia,51053.0,376,11.0,1.0,,,,-0.048099998
345041,2020-09-26,Dinwiddie,Virginia,51053.0,377,11.0,1.0,,,,-0.145
345042,2020-09-27,Dinwiddie,Virginia,51053.0,385,11.0,8.0,,,,-0.26499999
345043,2020-09-28,Dinwiddie,Virginia,51053.0,391,11.0,6.0,,,,-0.28799999
345044,2020-09-29,Dinwiddie,Virginia,51053.0,398,11.0,7.0,,,,-0.25400001
345045,2020-09-30,Dinwiddie,Virginia,51053.0,399,11.0,1.0,,,,-0.24699999
345046,2020-10-01,Dinwiddie,Virginia,51053.0,399,11.0,0.0,,,,-0.24100000000000002
345047,2020-10-02,Dinwiddie,Virginia,51053.0,404,11.0,5.0,,,,-0.19400001
345048,2020-10-03,Dinwiddie,Virginia,51053.0,413,11.0,9.0,,,,-0.11900000000000001
345049,2020-10-04,Dinwiddie,Virginia,51053.0,417,11.0,4.0,,,,-0.032200001
345050,2020-10-05,Dinwiddie,Virginia,51053.0,421,11.0,4.0,,,,0.053100000999999994
345051,2020-10-06,Dinwiddie,Virginia,51053.0,421,11.0,0.0,,,,0.046100002
345052,2020-10-07,Dinwiddie,Virginia,51053.0,422,11.0,1.0,,,,0.059099998
345053,2020-10-08,Dinwiddie,Virginia,51053.0,426,11.0,4.0,,,,0.115
345054,2020-10-09,Dinwiddie,Virginia,51053.0,433,11.0,7.0,,,,0.093000002
345055,2020-10-10,Dinwiddie,Virginia,51053.0,435,11.0,2.0,,,,0.077399999
345056,2020-10-11,Dinwiddie,Virginia,51053.0,439,11.0,4.0,,,,0.09749999599999999
345057,2020-10-12,Dinwiddie,Virginia,51053.0,442,11.0,3.0,,,,0.0263
345058,2020-10-13,Dinwiddie,Virginia,51053.0,456,12.0,14.0,,,,0.071999997
345059,2020-10-14,Dinwiddie,Virginia,51053.0,458,12.0,2.0,,,,0.028899999
345060,2020-10-15,Dinwiddie,Virginia,51053.0,462,12.0,4.0,,,,0.0101
345061,2020-10-16,Dinwiddie,Virginia,51053.0,468,12.0,6.0,,,,-0.0244
345062,2020-10-17,Dinwiddie,Virginia,51053.0,473,12.0,5.0,,,,-0.018100001
345063,2020-10-18,Dinwiddie,Virginia,51053.0,478,12.0,5.0,,,,-0.0105
345064,2020-10-19,Dinwiddie,Virginia,51053.0,481,12.0,3.0,,,,0.0034799999999999996
345065,2020-10-20,Dinwiddie,Virginia,51053.0,485,12.0,4.0,,,,0.0471
345066,2020-10-21,Dinwiddie,Virginia,51053.0,492,12.0,7.0,,,,0.0149
345067,2020-10-22,Dinwiddie,Virginia,51053.0,498,12.0,6.0,,,,0.083700001
345068,2020-10-23,Dinwiddie,Virginia,51053.0,501,12.0,3.0,,,,0.13600001
345069,2020-10-24,Dinwiddie,Virginia,51053.0,505,12.0,4.0,,,,0.115
345070,2020-10-25,Dinwiddie,Virginia,51053.0,505,12.0,0.0,,,,0.024900001
345071,2020-10-26,Dinwiddie,Virginia,51053.0,513,12.0,8.0,,,,-0.0108
345072,2020-10-27,Dinwiddie,Virginia,51053.0,520,12.0,7.0,,,,-0.0517
345073,2020-10-28,Dinwiddie,Virginia,51053.0,527,12.0,7.0,,,,-0.0173
345074,2020-10-29,Dinwiddie,Virginia,51053.0,533,12.0,6.0,,,,-0.0051799999
345075,2020-10-30,Dinwiddie,Virginia,51053.0,536,12.0,3.0,,,,-0.0173
345076,2020-10-31,Dinwiddie,Virginia,51053.0,540,12.0,4.0,,,,-0.046599999
345077,2020-11-01,Dinwiddie,Virginia,51053.0,540,12.0,0.0,,,,0.00012500001
345078,2020-11-02,Dinwiddie,Virginia,51053.0,540,12.0,0.0,,,,0.019200001
345079,2020-11-03,Dinwiddie,Virginia,51053.0,554,12.0,14.0,,,,0.021600001
345080,2020-11-04,Dinwiddie,Virginia,51053.0,554,12.0,0.0,,,,-0.042800002000000004
345081,2020-11-05,Dinwiddie,Virginia,51053.0,562,12.0,8.0,,,,-0.095299996
345082,2020-11-06,Dinwiddie,Virginia,51053.0,567,12.0,5.0,,,,-0.097099997
345083,2020-11-07,Dinwiddie,Virginia,51053.0,576,12.0,9.0,,,,-0.0394
345084,2020-11-08,Dinwiddie,Virginia,51053.0,579,12.0,3.0,,,,-0.015699999
345085,2020-11-09,Dinwiddie,Virginia,51053.0,583,12.0,4.0,,,,-0.0319
345086,2020-11-10,Dinwiddie,Virginia,51053.0,586,12.0,3.0,,,,0.00315
345087,2020-11-11,Dinwiddie,Virginia,51053.0,590,12.0,4.0,,,,0.068499997
345088,2020-11-12,Dinwiddie,Virginia,51053.0,590,12.0,0.0,,,,0.0469
345089,2020-11-13,Dinwiddie,Virginia,51053.0,591,12.0,1.0,,,,0.048099998
345090,2020-11-14,Dinwiddie,Virginia,51053.0,592,12.0,1.0,,,,-0.0066800001
345091,2020-11-15,Dinwiddie,Virginia,51053.0,593,12.0,1.0,,,,-0.044000000000000004
345092,2020-11-16,Dinwiddie,Virginia,51053.0,598,12.0,5.0,,,,-0.0173
345093,2020-11-17,Dinwiddie,Virginia,51053.0,602,12.0,4.0,,,,-0.031399999
345094,2020-11-18,Dinwiddie,Virginia,51053.0,607,12.0,5.0,,,,0.0066
345095,2020-11-19,Dinwiddie,Virginia,51053.0,612,13.0,5.0,,,,-0.00045299999000000005
345096,2020-11-20,Dinwiddie,Virginia,51053.0,618,13.0,6.0,,,,-0.035100002000000005
345097,2020-11-21,Dinwiddie,Virginia,51053.0,622,13.0,4.0,,,,-0.0043700002
345098,2020-11-22,Dinwiddie,Virginia,51053.0,626,13.0,4.0,,,,0.015
