,date,county,state,fips,cases,deaths,new_cases,emp_combined,emp_combined_inclow,revenue_all,spend_all
346095,2020-03-25,Frederick,Virginia,51069.0,2,0.0,0.0,-0.0409,.,,-0.134
346096,2020-03-26,Frederick,Virginia,51069.0,4,0.0,2.0,-0.0438,.,,-0.20299999
346097,2020-03-27,Frederick,Virginia,51069.0,4,0.0,0.0,-0.0476,.,,-0.235
346098,2020-03-28,Frederick,Virginia,51069.0,4,0.0,0.0,-0.0527,.,,-0.25799999
346099,2020-03-29,Frederick,Virginia,51069.0,8,0.0,4.0,-0.0593,.,,-0.27599999
346100,2020-03-30,Frederick,Virginia,51069.0,10,0.0,2.0,-0.0674,.,,-0.25099999
346101,2020-03-31,Frederick,Virginia,51069.0,12,0.0,2.0,-0.0768,.,,-0.255
346102,2020-04-01,Frederick,Virginia,51069.0,15,0.0,3.0,-0.0875,.,,-0.243
346103,2020-04-02,Frederick,Virginia,51069.0,16,0.0,1.0,-0.0992,.,,-0.214
346104,2020-04-03,Frederick,Virginia,51069.0,20,0.0,4.0,-0.112,.,,-0.20600000000000002
346105,2020-04-04,Frederick,Virginia,51069.0,24,0.0,4.0,-0.125,.,,-0.215
346106,2020-04-05,Frederick,Virginia,51069.0,27,0.0,3.0,-0.139,.,,-0.20600000000000002
346107,2020-04-06,Frederick,Virginia,51069.0,31,0.0,4.0,-0.154,.,,-0.205
346108,2020-04-07,Frederick,Virginia,51069.0,43,0.0,12.0,-0.168,.,,-0.248
346109,2020-04-08,Frederick,Virginia,51069.0,46,0.0,3.0,-0.181,.,,-0.259
346110,2020-04-09,Frederick,Virginia,51069.0,54,0.0,8.0,-0.194,.,,-0.244
346111,2020-04-10,Frederick,Virginia,51069.0,62,0.0,8.0,-0.206,.,,-0.23399999999999999
346112,2020-04-11,Frederick,Virginia,51069.0,63,0.0,1.0,-0.217,.,,-0.222
346113,2020-04-12,Frederick,Virginia,51069.0,65,0.0,2.0,-0.227,.,,-0.252
346114,2020-04-13,Frederick,Virginia,51069.0,66,0.0,1.0,-0.235,.,,-0.259
346115,2020-04-14,Frederick,Virginia,51069.0,71,0.0,5.0,-0.243,.,,-0.20299999
346116,2020-04-15,Frederick,Virginia,51069.0,73,0.0,2.0,-0.249,.,,-0.17900001
346117,2020-04-16,Frederick,Virginia,51069.0,72,0.0,-1.0,-0.255,.,,-0.0458
346118,2020-04-17,Frederick,Virginia,51069.0,76,0.0,4.0,-0.26,.,,-0.08389999699999999
346119,2020-04-18,Frederick,Virginia,51069.0,81,0.0,5.0,-0.264,.,,-0.10099999999999999
346120,2020-04-19,Frederick,Virginia,51069.0,81,0.0,0.0,-0.268,.,,-0.080799997
346121,2020-04-20,Frederick,Virginia,51069.0,81,0.0,0.0,-0.272,.,,-0.0493
346122,2020-04-21,Frederick,Virginia,51069.0,83,0.0,2.0,-0.276,.,,-0.0726
346123,2020-04-22,Frederick,Virginia,51069.0,86,0.0,3.0,-0.28,.,,-0.11599999999999999
346124,2020-04-23,Frederick,Virginia,51069.0,87,0.0,1.0,-0.284,.,,-0.10300000000000001
346125,2020-04-24,Frederick,Virginia,51069.0,87,0.0,0.0,-0.287,.,,-0.162
346126,2020-04-25,Frederick,Virginia,51069.0,93,0.0,6.0,-0.291,.,,-0.12899999
346127,2020-04-26,Frederick,Virginia,51069.0,93,0.0,0.0,-0.294,.,,-0.12
346128,2020-04-27,Frederick,Virginia,51069.0,95,0.0,2.0,-0.297,.,,-0.11199999999999999
346129,2020-04-28,Frederick,Virginia,51069.0,97,1.0,2.0,-0.299,.,,-0.138
346130,2020-04-29,Frederick,Virginia,51069.0,101,1.0,4.0,-0.301,.,,-0.14399999
346131,2020-04-30,Frederick,Virginia,51069.0,105,1.0,4.0,-0.302,.,,-0.0986
346132,2020-05-01,Frederick,Virginia,51069.0,115,1.0,10.0,-0.302,.,,-0.10099999999999999
346133,2020-05-02,Frederick,Virginia,51069.0,115,1.0,0.0,-0.301,.,,-0.114
346134,2020-05-03,Frederick,Virginia,51069.0,121,1.0,6.0,-0.3,.,,-0.082599998
346135,2020-05-04,Frederick,Virginia,51069.0,126,1.0,5.0,-0.297,.,,-0.0506
346136,2020-05-05,Frederick,Virginia,51069.0,132,1.0,6.0,-0.294,.,,-0.0612
346137,2020-05-06,Frederick,Virginia,51069.0,132,1.0,0.0,-0.29,.,,-0.088100001
346138,2020-05-07,Frederick,Virginia,51069.0,147,1.0,15.0,-0.284,.,,-0.080499999
346139,2020-05-08,Frederick,Virginia,51069.0,150,2.0,3.0,-0.278,.,,-0.054900002
346140,2020-05-09,Frederick,Virginia,51069.0,162,2.0,12.0,-0.27,.,,-0.022299998999999997
346141,2020-05-10,Frederick,Virginia,51069.0,164,2.0,2.0,-0.262,.,,-0.046999998
346142,2020-05-11,Frederick,Virginia,51069.0,166,2.0,2.0,-0.253,.,,-0.051199999
346143,2020-05-12,Frederick,Virginia,51069.0,175,2.0,9.0,-0.243,.,,-0.12
346144,2020-05-13,Frederick,Virginia,51069.0,182,2.0,7.0,-0.233,.,,-0.076800004
346145,2020-05-14,Frederick,Virginia,51069.0,191,3.0,9.0,-0.222,.,,-0.071199998
346146,2020-05-15,Frederick,Virginia,51069.0,195,3.0,4.0,-0.212,.,,-0.077500001
346147,2020-05-16,Frederick,Virginia,51069.0,209,3.0,14.0,-0.202,.,,-0.084299996
346148,2020-05-17,Frederick,Virginia,51069.0,211,3.0,2.0,-0.192,.,,-0.076800004
346149,2020-05-18,Frederick,Virginia,51069.0,217,3.0,6.0,-0.182,.,,-0.051899999
346150,2020-05-19,Frederick,Virginia,51069.0,223,3.0,6.0,-0.173,.,,-0.04630000099999999
346151,2020-05-20,Frederick,Virginia,51069.0,234,3.0,11.0,-0.165,.,,-0.052499998
346152,2020-05-21,Frederick,Virginia,51069.0,245,3.0,11.0,-0.157,.,,-0.045499999000000006
346153,2020-05-22,Frederick,Virginia,51069.0,249,3.0,4.0,-0.15,.,,-0.041700002
346154,2020-05-23,Frederick,Virginia,51069.0,255,3.0,6.0,-0.144,.,,-0.062600002
346155,2020-05-24,Frederick,Virginia,51069.0,262,3.0,7.0,-0.137,.,,-0.057999998
346156,2020-05-25,Frederick,Virginia,51069.0,271,4.0,9.0,-0.132,.,,-0.048500000999999994
346157,2020-05-26,Frederick,Virginia,51069.0,272,4.0,1.0,-0.127,.,,-0.051100001
346158,2020-05-27,Frederick,Virginia,51069.0,296,4.0,24.0,-0.122,.,,-0.0085899998
346159,2020-05-28,Frederick,Virginia,51069.0,319,4.0,23.0,-0.118,.,,-0.00875
346160,2020-05-29,Frederick,Virginia,51069.0,331,4.0,12.0,-0.114,.,,-0.044799998
346161,2020-05-30,Frederick,Virginia,51069.0,344,4.0,13.0,-0.11,.,,-0.048
346162,2020-05-31,Frederick,Virginia,51069.0,349,4.0,5.0,-0.107,.,,-0.069300003
346163,2020-06-01,Frederick,Virginia,51069.0,359,4.0,10.0,-0.104,.,,-0.0634
346164,2020-06-02,Frederick,Virginia,51069.0,371,4.0,12.0,-0.102,.,,-0.060800001
346165,2020-06-03,Frederick,Virginia,51069.0,378,4.0,7.0,-0.0992,.,,-0.055599999000000004
346166,2020-06-04,Frederick,Virginia,51069.0,384,4.0,6.0,-0.0968,.,,-0.111
346167,2020-06-05,Frederick,Virginia,51069.0,388,4.0,4.0,-0.0946,.,,-0.1
346168,2020-06-06,Frederick,Virginia,51069.0,393,4.0,5.0,-0.0924,.,,-0.088799998
346169,2020-06-07,Frederick,Virginia,51069.0,410,4.0,17.0,-0.0902,.,,-0.0374
346170,2020-06-08,Frederick,Virginia,51069.0,409,4.0,-1.0,-0.0882,.,,-0.0122
346171,2020-06-09,Frederick,Virginia,51069.0,413,4.0,4.0,-0.0862,.,,-0.0039700000000000004
346172,2020-06-10,Frederick,Virginia,51069.0,415,4.0,2.0,-0.0843,.,,-0.0156
346173,2020-06-11,Frederick,Virginia,51069.0,416,4.0,1.0,-0.0823,.,,-0.0284
346174,2020-06-12,Frederick,Virginia,51069.0,423,4.0,7.0,-0.0804,.,,0.0103
346175,2020-06-13,Frederick,Virginia,51069.0,428,4.0,5.0,-0.0787,.,,0.0057199998
346176,2020-06-14,Frederick,Virginia,51069.0,433,4.0,5.0,-0.0769,.,,-0.0276
346177,2020-06-15,Frederick,Virginia,51069.0,435,4.0,2.0,-0.0754,.,,-0.047200002000000005
346178,2020-06-16,Frederick,Virginia,51069.0,435,4.0,0.0,-0.074,.,,-0.0634
346179,2020-06-17,Frederick,Virginia,51069.0,440,4.0,5.0,-0.073,.,,-0.033100002
346180,2020-06-18,Frederick,Virginia,51069.0,444,4.0,4.0,-0.0723,.,,-0.0166
346181,2020-06-19,Frederick,Virginia,51069.0,446,4.0,2.0,-0.0721,.,,-0.021400001000000002
346182,2020-06-20,Frederick,Virginia,51069.0,449,4.0,3.0,-0.0723,.,,-0.0129
346183,2020-06-21,Frederick,Virginia,51069.0,456,4.0,7.0,-0.0731,.,,-0.027799999
346184,2020-06-22,Frederick,Virginia,51069.0,460,4.0,4.0,-0.0742,.,,-0.04309999900000001
346185,2020-06-23,Frederick,Virginia,51069.0,461,4.0,1.0,-0.0758,.,,-0.035
346186,2020-06-24,Frederick,Virginia,51069.0,461,4.0,0.0,-0.0775,.,,-0.0682
346187,2020-06-25,Frederick,Virginia,51069.0,464,4.0,3.0,-0.0793,.,,-0.086000003
346188,2020-06-26,Frederick,Virginia,51069.0,465,4.0,1.0,-0.0809,.,,-0.079099998
346189,2020-06-27,Frederick,Virginia,51069.0,479,5.0,14.0,-0.0823,.,,-0.1
346190,2020-06-28,Frederick,Virginia,51069.0,488,5.0,9.0,-0.0833,.,,-0.10099999999999999
346191,2020-06-29,Frederick,Virginia,51069.0,491,5.0,3.0,-0.0841,.,,-0.081500001
346192,2020-06-30,Frederick,Virginia,51069.0,493,6.0,2.0,-0.0847,.,,-0.09099999800000001
346193,2020-07-01,Frederick,Virginia,51069.0,505,6.0,12.0,-0.0852,.,,-0.0823
346194,2020-07-02,Frederick,Virginia,51069.0,512,6.0,7.0,-0.0857,.,,-0.058699999
346195,2020-07-03,Frederick,Virginia,51069.0,517,6.0,5.0,-0.0865,.,,-0.111
346196,2020-07-04,Frederick,Virginia,51069.0,518,6.0,1.0,-0.0876,.,,-0.079099998
346197,2020-07-05,Frederick,Virginia,51069.0,521,6.0,3.0,-0.0891,.,,-0.0231
346198,2020-07-06,Frederick,Virginia,51069.0,520,6.0,-1.0,-0.0908,.,,-0.0274
346199,2020-07-07,Frederick,Virginia,51069.0,524,6.0,4.0,-0.0928,.,,-0.018999999
346200,2020-07-08,Frederick,Virginia,51069.0,529,6.0,5.0,-0.0952,.,,-0.047499999
346201,2020-07-09,Frederick,Virginia,51069.0,534,6.0,5.0,-0.0978,.,,-0.080499999
346202,2020-07-10,Frederick,Virginia,51069.0,536,6.0,2.0,-0.1,.,,-0.09279999900000001
346203,2020-07-11,Frederick,Virginia,51069.0,543,6.0,7.0,-0.103,.,,-0.077699997
346204,2020-07-12,Frederick,Virginia,51069.0,551,6.0,8.0,-0.106,.,,-0.06859999900000001
346205,2020-07-13,Frederick,Virginia,51069.0,553,6.0,2.0,-0.109,.,,-0.072800003
346206,2020-07-14,Frederick,Virginia,51069.0,558,6.0,5.0,-0.112,.,,-0.14399999
346207,2020-07-15,Frederick,Virginia,51069.0,565,7.0,7.0,-0.115,.,,-0.11
346208,2020-07-16,Frederick,Virginia,51069.0,570,7.0,5.0,-0.117,.,,-0.09719999900000001
346209,2020-07-17,Frederick,Virginia,51069.0,575,7.0,5.0,-0.119,.,,-0.102
346210,2020-07-18,Frederick,Virginia,51069.0,582,7.0,7.0,-0.121,.,,-0.113
346211,2020-07-19,Frederick,Virginia,51069.0,588,7.0,6.0,-0.122,.,,-0.09759999800000001
346212,2020-07-20,Frederick,Virginia,51069.0,597,7.0,9.0,-0.122,.,,-0.067599997
346213,2020-07-21,Frederick,Virginia,51069.0,597,7.0,0.0,-0.122,.,,-0.067599997
346214,2020-07-22,Frederick,Virginia,51069.0,607,7.0,10.0,-0.123,.,,-0.077299997
346215,2020-07-23,Frederick,Virginia,51069.0,614,7.0,7.0,-0.122,.,,-0.066799998
346216,2020-07-24,Frederick,Virginia,51069.0,626,7.0,12.0,-0.122,.,,-0.059000000000000004
346217,2020-07-25,Frederick,Virginia,51069.0,634,7.0,8.0,-0.122,.,,-0.054400000999999996
346218,2020-07-26,Frederick,Virginia,51069.0,638,7.0,4.0,-0.122,.,,-0.0713
346219,2020-07-27,Frederick,Virginia,51069.0,639,7.0,1.0,-0.122,.,,-0.086900003
346220,2020-07-28,Frederick,Virginia,51069.0,641,7.0,2.0,-0.123,.,,-0.083400004
346221,2020-07-29,Frederick,Virginia,51069.0,644,7.0,3.0,-0.123,.,,-0.084600002
346222,2020-07-30,Frederick,Virginia,51069.0,649,7.0,5.0,-0.124,.,,-0.102
346223,2020-07-31,Frederick,Virginia,51069.0,651,7.0,2.0,-0.126,.,,-0.10300000000000001
346224,2020-08-01,Frederick,Virginia,51069.0,661,9.0,10.0,-0.127,.,,-0.10400000000000001
346225,2020-08-02,Frederick,Virginia,51069.0,663,9.0,2.0,-0.13,.,,-0.109
346226,2020-08-03,Frederick,Virginia,51069.0,670,9.0,7.0,-0.132,.,,-0.096900001
346227,2020-08-04,Frederick,Virginia,51069.0,672,9.0,2.0,-0.134,.,,-0.094999999
346228,2020-08-05,Frederick,Virginia,51069.0,673,9.0,1.0,-0.135,.,,-0.080300003
346229,2020-08-06,Frederick,Virginia,51069.0,675,9.0,2.0,-0.136,.,,-0.068099998
346230,2020-08-07,Frederick,Virginia,51069.0,680,9.0,5.0,-0.137,.,,-0.077
346231,2020-08-08,Frederick,Virginia,51069.0,680,9.0,0.0,-0.136,.,,-0.065099999
346232,2020-08-09,Frederick,Virginia,51069.0,681,9.0,1.0,-0.134,.,,-0.0385
346233,2020-08-10,Frederick,Virginia,51069.0,681,9.0,0.0,-0.132,.,,-0.034600001
346234,2020-08-11,Frederick,Virginia,51069.0,685,9.0,4.0,-0.129,.,,-0.045200001
346235,2020-08-12,Frederick,Virginia,51069.0,686,9.0,1.0,-0.126,.,,-0.069899999
346236,2020-08-13,Frederick,Virginia,51069.0,688,9.0,2.0,-0.122,.,,-0.071000002
346237,2020-08-14,Frederick,Virginia,51069.0,690,9.0,2.0,-0.119,.,,-0.075999998
346238,2020-08-15,Frederick,Virginia,51069.0,695,10.0,5.0,-0.115,.,,-0.08800000000000001
346239,2020-08-16,Frederick,Virginia,51069.0,698,10.0,3.0,-0.112,.,,-0.081799999
346240,2020-08-17,Frederick,Virginia,51069.0,701,10.0,3.0,-0.11,.,,-0.098899998
346241,2020-08-18,Frederick,Virginia,51069.0,709,10.0,8.0,-0.108,.,,-0.10300000000000001
346242,2020-08-19,Frederick,Virginia,51069.0,715,10.0,6.0,-0.108,.,,-0.08070000299999999
346243,2020-08-20,Frederick,Virginia,51069.0,719,10.0,4.0,-0.109,.,,-0.0682
346244,2020-08-21,Frederick,Virginia,51069.0,724,10.0,5.0,-0.112,.,,-0.050299998
346245,2020-08-22,Frederick,Virginia,51069.0,730,10.0,6.0,-0.117,.,,-0.046100002
346246,2020-08-23,Frederick,Virginia,51069.0,738,10.0,8.0,-0.124,.,,-0.0691
346247,2020-08-24,Frederick,Virginia,51069.0,744,10.0,6.0,-0.131,.,,-0.06319999700000001
346248,2020-08-25,Frederick,Virginia,51069.0,753,10.0,9.0,-0.14,.,,-0.052200000999999996
346249,2020-08-26,Frederick,Virginia,51069.0,755,10.0,2.0,-0.149,.,,-0.048799999000000004
346250,2020-08-27,Frederick,Virginia,51069.0,758,10.0,3.0,-0.157,.,,-0.050799999000000005
346251,2020-08-28,Frederick,Virginia,51069.0,757,10.0,-1.0,-0.165,.,,-0.036800001
346252,2020-08-29,Frederick,Virginia,51069.0,762,10.0,5.0,-0.171,.,,-0.022600001
346253,2020-08-30,Frederick,Virginia,51069.0,763,10.0,1.0,-0.176,.,,-0.051399997999999995
346254,2020-08-31,Frederick,Virginia,51069.0,764,10.0,1.0,-0.18,.,,-0.074199997
346255,2020-09-01,Frederick,Virginia,51069.0,766,11.0,2.0,-0.183,.,,-0.07970000099999999
346256,2020-09-02,Frederick,Virginia,51069.0,772,11.0,6.0,-0.185,.,,-0.073299997
346257,2020-09-03,Frederick,Virginia,51069.0,774,11.0,2.0,-0.186,.,,-0.07289999700000001
346258,2020-09-04,Frederick,Virginia,51069.0,775,11.0,1.0,-0.188,.,,-0.08910000300000001
346259,2020-09-05,Frederick,Virginia,51069.0,777,11.0,2.0,-0.189,.,,-0.08309999900000001
346260,2020-09-06,Frederick,Virginia,51069.0,784,11.0,7.0,-0.191,.,,-0.048900001
346261,2020-09-07,Frederick,Virginia,51069.0,787,11.0,3.0,-0.193,.,,-0.05090000099999999
346262,2020-09-08,Frederick,Virginia,51069.0,793,11.0,6.0,-0.195,.,,-0.092500001
346263,2020-09-09,Frederick,Virginia,51069.0,794,11.0,1.0,-0.198,.,,-0.040899999
346264,2020-09-10,Frederick,Virginia,51069.0,799,11.0,5.0,-0.2,.,,-0.048500000999999994
346265,2020-09-11,Frederick,Virginia,51069.0,806,11.0,7.0,-0.203,.,,-0.0385
346266,2020-09-12,Frederick,Virginia,51069.0,809,11.0,3.0,-0.206,.,,-0.070699997
346267,2020-09-13,Frederick,Virginia,51069.0,813,11.0,4.0,-0.209,.,,-0.0902
346268,2020-09-14,Frederick,Virginia,51069.0,815,11.0,2.0,-0.212,.,,-0.09229999800000001
346269,2020-09-15,Frederick,Virginia,51069.0,821,11.0,6.0,-0.215,.,,-0.0788
346270,2020-09-16,Frederick,Virginia,51069.0,823,11.0,2.0,-0.217,.,,-0.09809999900000001
346271,2020-09-17,Frederick,Virginia,51069.0,829,11.0,6.0,-0.219,.,,-0.08950000300000001
346272,2020-09-18,Frederick,Virginia,51069.0,833,11.0,4.0,-0.221,.,,-0.0502
346273,2020-09-19,Frederick,Virginia,51069.0,838,11.0,5.0,-0.222,.,,-0.0198
346274,2020-09-20,Frederick,Virginia,51069.0,845,11.0,7.0,-0.223,.,,-0.034000002
346275,2020-09-21,Frederick,Virginia,51069.0,848,11.0,3.0,-0.223,.,,-0.035599999
346276,2020-09-22,Frederick,Virginia,51069.0,859,12.0,11.0,-0.223,.,,-0.032200001
346277,2020-09-23,Frederick,Virginia,51069.0,860,13.0,1.0,-0.223,.,,-0.051199999
346278,2020-09-24,Frederick,Virginia,51069.0,865,13.0,5.0,-0.223,.,,-0.0405
346279,2020-09-25,Frederick,Virginia,51069.0,873,13.0,8.0,-0.222,.,,-0.0469
346280,2020-09-26,Frederick,Virginia,51069.0,881,13.0,8.0,-0.222,.,,-0.06610000099999999
346281,2020-09-27,Frederick,Virginia,51069.0,883,13.0,2.0,-0.223,.,,-0.049600001
346282,2020-09-28,Frederick,Virginia,51069.0,888,13.0,5.0,-0.223,.,,-0.0513
346283,2020-09-29,Frederick,Virginia,51069.0,895,13.0,7.0,-0.224,.,,-0.076499999
346284,2020-09-30,Frederick,Virginia,51069.0,899,13.0,4.0,-0.224,.,,-0.071900003
346285,2020-10-01,Frederick,Virginia,51069.0,905,13.0,6.0,,,,-0.064800002
346286,2020-10-02,Frederick,Virginia,51069.0,912,13.0,7.0,,,,-0.069899999
346287,2020-10-03,Frederick,Virginia,51069.0,931,13.0,19.0,,,,-0.070600003
346288,2020-10-04,Frederick,Virginia,51069.0,944,13.0,13.0,,,,-0.070299998
346289,2020-10-05,Frederick,Virginia,51069.0,951,13.0,7.0,,,,-0.053599997999999996
346290,2020-10-06,Frederick,Virginia,51069.0,954,13.0,3.0,,,,-0.0361
346291,2020-10-07,Frederick,Virginia,51069.0,957,13.0,3.0,,,,-0.033799998
346292,2020-10-08,Frederick,Virginia,51069.0,971,13.0,14.0,,,,-0.060899999
346293,2020-10-09,Frederick,Virginia,51069.0,979,13.0,8.0,,,,-0.052999999000000006
346294,2020-10-10,Frederick,Virginia,51069.0,995,13.0,16.0,,,,-0.0361
346295,2020-10-11,Frederick,Virginia,51069.0,1012,13.0,17.0,,,,-0.056000002
346296,2020-10-12,Frederick,Virginia,51069.0,1018,13.0,6.0,,,,-0.08519999699999999
346297,2020-10-13,Frederick,Virginia,51069.0,1034,13.0,16.0,,,,-0.069799997
346298,2020-10-14,Frederick,Virginia,51069.0,1041,13.0,7.0,,,,-0.042199999
346299,2020-10-15,Frederick,Virginia,51069.0,1051,13.0,10.0,,,,-0.046999998
346300,2020-10-16,Frederick,Virginia,51069.0,1068,13.0,17.0,,,,-0.086199999
346301,2020-10-17,Frederick,Virginia,51069.0,1078,13.0,10.0,,,,-0.096600004
346302,2020-10-18,Frederick,Virginia,51069.0,1085,13.0,7.0,,,,-0.07379999799999999
346303,2020-10-19,Frederick,Virginia,51069.0,1097,13.0,12.0,,,,-0.064300001
346304,2020-10-20,Frederick,Virginia,51069.0,1107,13.0,10.0,,,,-0.059799999000000006
346305,2020-10-21,Frederick,Virginia,51069.0,1120,13.0,13.0,,,,-0.09030000099999999
346306,2020-10-22,Frederick,Virginia,51069.0,1123,13.0,3.0,,,,-0.06319999700000001
346307,2020-10-23,Frederick,Virginia,51069.0,1137,13.0,14.0,,,,-0.04769999900000001
346308,2020-10-24,Frederick,Virginia,51069.0,1144,13.0,7.0,,,,-0.05840000099999999
346309,2020-10-25,Frederick,Virginia,51069.0,1149,13.0,5.0,,,,-0.0495
346310,2020-10-26,Frederick,Virginia,51069.0,1158,13.0,9.0,,,,-0.053399999000000004
346311,2020-10-27,Frederick,Virginia,51069.0,1169,13.0,11.0,,,,-0.0704
346312,2020-10-28,Frederick,Virginia,51069.0,1181,13.0,12.0,,,,-0.054900002
346313,2020-10-29,Frederick,Virginia,51069.0,1186,13.0,5.0,,,,-0.054499999
346314,2020-10-30,Frederick,Virginia,51069.0,1195,14.0,9.0,,,,-0.061000001
346315,2020-10-31,Frederick,Virginia,51069.0,1207,14.0,12.0,,,,-0.040600002
346316,2020-11-01,Frederick,Virginia,51069.0,1215,13.0,8.0,,,,-0.060199998
346317,2020-11-02,Frederick,Virginia,51069.0,1229,13.0,14.0,,,,-0.069499999
346318,2020-11-03,Frederick,Virginia,51069.0,1240,13.0,11.0,,,,-0.08519999699999999
346319,2020-11-04,Frederick,Virginia,51069.0,1253,13.0,13.0,,,,-0.12899999
346320,2020-11-05,Frederick,Virginia,51069.0,1275,14.0,22.0,,,,-0.127
346321,2020-11-06,Frederick,Virginia,51069.0,1289,15.0,14.0,,,,-0.09309999599999999
346322,2020-11-07,Frederick,Virginia,51069.0,1309,15.0,20.0,,,,-0.08820000300000001
346323,2020-11-08,Frederick,Virginia,51069.0,1326,15.0,17.0,,,,-0.084899999
346324,2020-11-09,Frederick,Virginia,51069.0,1342,15.0,16.0,,,,-0.098899998
346325,2020-11-10,Frederick,Virginia,51069.0,1353,15.0,11.0,,,,-0.066200003
346326,2020-11-11,Frederick,Virginia,51069.0,1377,15.0,24.0,,,,-0.0098099997
346327,2020-11-12,Frederick,Virginia,51069.0,1392,15.0,15.0,,,,-0.0374
346328,2020-11-13,Frederick,Virginia,51069.0,1427,16.0,35.0,,,,-0.046
346329,2020-11-14,Frederick,Virginia,51069.0,1462,16.0,35.0,,,,-0.0524
346330,2020-11-15,Frederick,Virginia,51069.0,1481,16.0,19.0,,,,-0.0471
346331,2020-11-16,Frederick,Virginia,51069.0,1499,16.0,18.0,,,,-0.041499997999999996
346332,2020-11-17,Frederick,Virginia,51069.0,1558,16.0,59.0,,,,-0.049400002
346333,2020-11-18,Frederick,Virginia,51069.0,1646,17.0,88.0,,,,-0.0219
346334,2020-11-19,Frederick,Virginia,51069.0,1704,17.0,58.0,,,,-0.026900001
346335,2020-11-20,Frederick,Virginia,51069.0,1741,17.0,37.0,,,,-0.0513
346336,2020-11-21,Frederick,Virginia,51069.0,1759,17.0,18.0,,,,-0.070600003
346337,2020-11-22,Frederick,Virginia,51069.0,1784,17.0,25.0,,,,-0.059799999000000006
