,date,county,state,fips,cases,deaths,new_cases,emp_combined,emp_combined_inclow,revenue_all,spend_all
351238,2020-03-26,Pittsylvania,Virginia,51143.0,1,0.0,0.0,,,,0.09719999900000001
351239,2020-03-27,Pittsylvania,Virginia,51143.0,1,0.0,0.0,,,,-0.00293
351240,2020-03-28,Pittsylvania,Virginia,51143.0,1,0.0,0.0,,,,-0.0647
351241,2020-03-29,Pittsylvania,Virginia,51143.0,1,0.0,0.0,,,,-0.047800000999999995
351242,2020-03-30,Pittsylvania,Virginia,51143.0,1,0.0,0.0,,,,-0.141
351243,2020-03-31,Pittsylvania,Virginia,51143.0,1,0.0,0.0,,,,-0.13500001
351244,2020-04-01,Pittsylvania,Virginia,51143.0,1,0.0,0.0,,,,-0.131
351245,2020-04-02,Pittsylvania,Virginia,51143.0,1,0.0,0.0,,,,-0.131
351246,2020-04-03,Pittsylvania,Virginia,51143.0,1,0.0,0.0,,,,-0.083400004
351247,2020-04-04,Pittsylvania,Virginia,51143.0,2,0.0,1.0,,,,-0.0451
351248,2020-04-05,Pittsylvania,Virginia,51143.0,2,0.0,0.0,,,,-0.079300001
351249,2020-04-06,Pittsylvania,Virginia,51143.0,3,0.0,1.0,,,,0.00071499997
351250,2020-04-07,Pittsylvania,Virginia,51143.0,3,0.0,0.0,,,,-0.0147
351251,2020-04-08,Pittsylvania,Virginia,51143.0,3,0.0,0.0,,,,-0.046700001
351252,2020-04-09,Pittsylvania,Virginia,51143.0,4,0.0,1.0,,,,-0.106
351253,2020-04-10,Pittsylvania,Virginia,51143.0,4,0.0,0.0,,,,-0.13699999
351254,2020-04-11,Pittsylvania,Virginia,51143.0,4,0.0,0.0,,,,-0.14
351255,2020-04-12,Pittsylvania,Virginia,51143.0,4,0.0,0.0,,,,-0.13
351256,2020-04-13,Pittsylvania,Virginia,51143.0,4,0.0,0.0,,,,-0.106
351257,2020-04-14,Pittsylvania,Virginia,51143.0,4,0.0,0.0,,,,-0.17600000000000002
351258,2020-04-15,Pittsylvania,Virginia,51143.0,4,0.0,0.0,,,,-0.056400001
351259,2020-04-16,Pittsylvania,Virginia,51143.0,5,0.0,1.0,,,,-0.0233
351260,2020-04-17,Pittsylvania,Virginia,51143.0,6,0.0,1.0,,,,0.062700003
351261,2020-04-18,Pittsylvania,Virginia,51143.0,6,0.0,0.0,,,,0.043699998
351262,2020-04-19,Pittsylvania,Virginia,51143.0,6,0.0,0.0,,,,0.041999999
351263,2020-04-20,Pittsylvania,Virginia,51143.0,6,0.0,0.0,,,,0.090400003
351264,2020-04-21,Pittsylvania,Virginia,51143.0,7,1.0,1.0,,,,0.069499999
351265,2020-04-22,Pittsylvania,Virginia,51143.0,9,1.0,2.0,,,,0.040399998
351266,2020-04-23,Pittsylvania,Virginia,51143.0,11,1.0,2.0,,,,0.040800001
351267,2020-04-24,Pittsylvania,Virginia,51143.0,11,1.0,0.0,,,,0.005379999999999999
351268,2020-04-25,Pittsylvania,Virginia,51143.0,11,1.0,0.0,,,,0.0037100001000000002
351269,2020-04-26,Pittsylvania,Virginia,51143.0,11,1.0,0.0,,,,0.041499997999999996
351270,2020-04-27,Pittsylvania,Virginia,51143.0,11,1.0,0.0,,,,0.066799998
351271,2020-04-28,Pittsylvania,Virginia,51143.0,11,1.0,0.0,,,,0.033399999
351272,2020-04-29,Pittsylvania,Virginia,51143.0,12,1.0,1.0,,,,-0.033100002
351273,2020-04-30,Pittsylvania,Virginia,51143.0,13,1.0,1.0,,,,-0.0034700001
351274,2020-05-01,Pittsylvania,Virginia,51143.0,13,1.0,0.0,,,,0.0079300003
351275,2020-05-02,Pittsylvania,Virginia,51143.0,14,1.0,1.0,,,,0.041999999
351276,2020-05-03,Pittsylvania,Virginia,51143.0,14,1.0,0.0,,,,0.063699998
351277,2020-05-04,Pittsylvania,Virginia,51143.0,15,1.0,1.0,,,,0.071900003
351278,2020-05-05,Pittsylvania,Virginia,51143.0,16,1.0,1.0,,,,0.09669999800000001
351279,2020-05-06,Pittsylvania,Virginia,51143.0,16,1.0,0.0,,,,0.175
351280,2020-05-07,Pittsylvania,Virginia,51143.0,17,1.0,1.0,,,,0.15899999
351281,2020-05-08,Pittsylvania,Virginia,51143.0,17,1.0,0.0,,,,0.146
351282,2020-05-09,Pittsylvania,Virginia,51143.0,17,1.0,0.0,,,,0.12800001
351283,2020-05-10,Pittsylvania,Virginia,51143.0,17,1.0,0.0,,,,0.11
351284,2020-05-11,Pittsylvania,Virginia,51143.0,17,1.0,0.0,,,,0.040100001
351285,2020-05-12,Pittsylvania,Virginia,51143.0,17,1.0,0.0,,,,-0.0127
351286,2020-05-13,Pittsylvania,Virginia,51143.0,17,1.0,0.0,,,,-0.037900001
351287,2020-05-14,Pittsylvania,Virginia,51143.0,17,1.0,0.0,,,,-0.038899999
351288,2020-05-15,Pittsylvania,Virginia,51143.0,18,1.0,1.0,,,,-0.032299998999999996
351289,2020-05-16,Pittsylvania,Virginia,51143.0,23,1.0,5.0,,,,-0.015699999
351290,2020-05-17,Pittsylvania,Virginia,51143.0,24,1.0,1.0,,,,-0.0285
351291,2020-05-18,Pittsylvania,Virginia,51143.0,24,1.0,0.0,,,,-0.0087400004
351292,2020-05-19,Pittsylvania,Virginia,51143.0,26,1.0,2.0,,,,0.012
351293,2020-05-20,Pittsylvania,Virginia,51143.0,26,1.0,0.0,,,,-0.047200002000000005
351294,2020-05-21,Pittsylvania,Virginia,51143.0,26,1.0,0.0,,,,-0.036699999
351295,2020-05-22,Pittsylvania,Virginia,51143.0,27,1.0,1.0,,,,-0.032400001
351296,2020-05-23,Pittsylvania,Virginia,51143.0,28,1.0,1.0,,,,-0.0149
351297,2020-05-24,Pittsylvania,Virginia,51143.0,32,1.0,4.0,,,,0.015900001
351298,2020-05-25,Pittsylvania,Virginia,51143.0,35,1.0,3.0,,,,0.114
351299,2020-05-26,Pittsylvania,Virginia,51143.0,35,1.0,0.0,,,,0.0788
351300,2020-05-27,Pittsylvania,Virginia,51143.0,35,1.0,0.0,,,,0.107
351301,2020-05-28,Pittsylvania,Virginia,51143.0,38,1.0,3.0,,,,0.11199999999999999
351302,2020-05-29,Pittsylvania,Virginia,51143.0,39,1.0,1.0,,,,0.182
351303,2020-05-30,Pittsylvania,Virginia,51143.0,40,1.0,1.0,,,,0.161
351304,2020-05-31,Pittsylvania,Virginia,51143.0,44,1.0,4.0,,,,0.17200001
351305,2020-06-01,Pittsylvania,Virginia,51143.0,44,1.0,0.0,,,,0.198
351306,2020-06-02,Pittsylvania,Virginia,51143.0,45,1.0,1.0,,,,0.19
351307,2020-06-03,Pittsylvania,Virginia,51143.0,45,1.0,0.0,,,,0.16899999999999998
351308,2020-06-04,Pittsylvania,Virginia,51143.0,45,1.0,0.0,,,,0.16599999
351309,2020-06-05,Pittsylvania,Virginia,51143.0,47,1.0,2.0,,,,0.111
351310,2020-06-06,Pittsylvania,Virginia,51143.0,47,1.0,0.0,,,,0.105
351311,2020-06-07,Pittsylvania,Virginia,51143.0,50,1.0,3.0,,,,0.111
351312,2020-06-08,Pittsylvania,Virginia,51143.0,50,1.0,0.0,,,,0.07620000099999999
351313,2020-06-09,Pittsylvania,Virginia,51143.0,50,1.0,0.0,,,,0.024499998999999998
351314,2020-06-10,Pittsylvania,Virginia,51143.0,54,1.0,4.0,,,,0.10800000000000001
351315,2020-06-11,Pittsylvania,Virginia,51143.0,56,1.0,2.0,,,,0.113
351316,2020-06-12,Pittsylvania,Virginia,51143.0,59,1.0,3.0,,,,0.12300000000000001
351317,2020-06-13,Pittsylvania,Virginia,51143.0,60,1.0,1.0,,,,0.142
351318,2020-06-14,Pittsylvania,Virginia,51143.0,69,1.0,9.0,,,,0.105
351319,2020-06-15,Pittsylvania,Virginia,51143.0,70,1.0,1.0,,,,0.14300001
351320,2020-06-16,Pittsylvania,Virginia,51143.0,70,1.0,0.0,,,,0.183
351321,2020-06-17,Pittsylvania,Virginia,51143.0,73,1.0,3.0,,,,0.10400000000000001
351322,2020-06-18,Pittsylvania,Virginia,51143.0,76,1.0,3.0,,,,0.07010000200000001
351323,2020-06-19,Pittsylvania,Virginia,51143.0,76,1.0,0.0,,,,0.0601
351324,2020-06-20,Pittsylvania,Virginia,51143.0,82,1.0,6.0,,,,0.11699999999999999
351325,2020-06-21,Pittsylvania,Virginia,51143.0,85,1.0,3.0,,,,0.14800000000000002
351326,2020-06-22,Pittsylvania,Virginia,51143.0,87,1.0,2.0,,,,0.13600001
351327,2020-06-23,Pittsylvania,Virginia,51143.0,88,1.0,1.0,,,,0.0823
351328,2020-06-24,Pittsylvania,Virginia,51143.0,88,1.0,0.0,,,,0.079599999
351329,2020-06-25,Pittsylvania,Virginia,51143.0,95,1.0,7.0,,,,0.161
351330,2020-06-26,Pittsylvania,Virginia,51143.0,102,1.0,7.0,,,,0.11699999999999999
351331,2020-06-27,Pittsylvania,Virginia,51143.0,107,1.0,5.0,,,,0.0138
351332,2020-06-28,Pittsylvania,Virginia,51143.0,108,1.0,1.0,,,,0.005419999799999999
351333,2020-06-29,Pittsylvania,Virginia,51143.0,117,1.0,9.0,,,,0.042800002000000004
351334,2020-06-30,Pittsylvania,Virginia,51143.0,122,1.0,5.0,,,,0.0603
351335,2020-07-01,Pittsylvania,Virginia,51143.0,122,1.0,0.0,,,,0.10800000000000001
351336,2020-07-02,Pittsylvania,Virginia,51143.0,123,1.0,1.0,,,,0.073299997
351337,2020-07-03,Pittsylvania,Virginia,51143.0,132,1.0,9.0,,,,0.076399997
351338,2020-07-04,Pittsylvania,Virginia,51143.0,134,1.0,2.0,,,,0.153
351339,2020-07-05,Pittsylvania,Virginia,51143.0,137,1.0,3.0,,,,0.111
351340,2020-07-06,Pittsylvania,Virginia,51143.0,137,1.0,0.0,,,,0.107
351341,2020-07-07,Pittsylvania,Virginia,51143.0,139,1.0,2.0,,,,0.12899999
351342,2020-07-08,Pittsylvania,Virginia,51143.0,146,1.0,7.0,,,,0.068400003
351343,2020-07-09,Pittsylvania,Virginia,51143.0,146,1.0,0.0,,,,0.0634
351344,2020-07-10,Pittsylvania,Virginia,51143.0,148,2.0,2.0,,,,0.0162
351345,2020-07-11,Pittsylvania,Virginia,51143.0,159,2.0,11.0,,,,0.0062799998999999995
351346,2020-07-12,Pittsylvania,Virginia,51143.0,171,2.0,12.0,,,,-0.0069700000000000005
351347,2020-07-13,Pittsylvania,Virginia,51143.0,173,2.0,2.0,,,,-0.0722
351348,2020-07-14,Pittsylvania,Virginia,51143.0,175,2.0,2.0,,,,-0.12300000000000001
351349,2020-07-15,Pittsylvania,Virginia,51143.0,187,2.0,12.0,,,,-0.0526
351350,2020-07-16,Pittsylvania,Virginia,51143.0,190,2.0,3.0,,,,-0.020400001
351351,2020-07-17,Pittsylvania,Virginia,51143.0,197,2.0,7.0,,,,0.058899999
351352,2020-07-18,Pittsylvania,Virginia,51143.0,204,2.0,7.0,,,,0.032400001
351353,2020-07-19,Pittsylvania,Virginia,51143.0,217,2.0,13.0,,,,0.00031999999
351354,2020-07-20,Pittsylvania,Virginia,51143.0,232,2.0,15.0,,,,0.0052200002
351355,2020-07-21,Pittsylvania,Virginia,51143.0,232,2.0,0.0,,,,0.0167
351356,2020-07-22,Pittsylvania,Virginia,51143.0,248,2.0,16.0,,,,-0.0418
351357,2020-07-23,Pittsylvania,Virginia,51143.0,253,2.0,5.0,,,,-0.0134
351358,2020-07-24,Pittsylvania,Virginia,51143.0,254,2.0,1.0,,,,-0.0262
351359,2020-07-25,Pittsylvania,Virginia,51143.0,263,2.0,9.0,,,,0.046399999000000004
351360,2020-07-26,Pittsylvania,Virginia,51143.0,270,2.0,7.0,,,,0.0526
351361,2020-07-27,Pittsylvania,Virginia,51143.0,291,2.0,21.0,,,,0.12
351362,2020-07-28,Pittsylvania,Virginia,51143.0,292,2.0,1.0,,,,0.132
351363,2020-07-29,Pittsylvania,Virginia,51143.0,296,2.0,4.0,,,,0.132
351364,2020-07-30,Pittsylvania,Virginia,51143.0,309,2.0,13.0,,,,0.088100001
351365,2020-07-31,Pittsylvania,Virginia,51143.0,316,2.0,7.0,,,,0.09000000400000001
351366,2020-08-01,Pittsylvania,Virginia,51143.0,329,2.0,13.0,,,,0.09309999599999999
351367,2020-08-02,Pittsylvania,Virginia,51143.0,354,2.0,25.0,,,,0.06459999799999999
351368,2020-08-03,Pittsylvania,Virginia,51143.0,375,2.0,21.0,,,,0.053300001
351369,2020-08-04,Pittsylvania,Virginia,51143.0,380,2.0,5.0,,,,0.06459999799999999
351370,2020-08-05,Pittsylvania,Virginia,51143.0,383,2.0,3.0,,,,0.078500003
351371,2020-08-06,Pittsylvania,Virginia,51143.0,392,2.0,9.0,,,,0.080899999
351372,2020-08-07,Pittsylvania,Virginia,51143.0,418,2.0,26.0,,,,0.087099999
351373,2020-08-08,Pittsylvania,Virginia,51143.0,424,2.0,6.0,,,,0.042100001
351374,2020-08-09,Pittsylvania,Virginia,51143.0,487,2.0,63.0,,,,0.105
351375,2020-08-10,Pittsylvania,Virginia,51143.0,493,2.0,6.0,,,,0.070299998
351376,2020-08-11,Pittsylvania,Virginia,51143.0,507,2.0,14.0,,,,0.0722
351377,2020-08-12,Pittsylvania,Virginia,51143.0,516,2.0,9.0,,,,0.147
351378,2020-08-13,Pittsylvania,Virginia,51143.0,530,2.0,14.0,,,,0.19599999
351379,2020-08-14,Pittsylvania,Virginia,51143.0,553,2.0,23.0,,,,0.171
351380,2020-08-15,Pittsylvania,Virginia,51143.0,560,2.0,7.0,,,,0.17900001
351381,2020-08-16,Pittsylvania,Virginia,51143.0,567,2.0,7.0,,,,0.192
351382,2020-08-17,Pittsylvania,Virginia,51143.0,571,2.0,4.0,,,,0.21100000000000002
351383,2020-08-18,Pittsylvania,Virginia,51143.0,581,2.0,10.0,,,,0.22699999999999998
351384,2020-08-19,Pittsylvania,Virginia,51143.0,588,2.0,7.0,,,,0.13500001
351385,2020-08-20,Pittsylvania,Virginia,51143.0,603,2.0,15.0,,,,0.077299997
351386,2020-08-21,Pittsylvania,Virginia,51143.0,611,4.0,8.0,,,,0.11199999999999999
351387,2020-08-22,Pittsylvania,Virginia,51143.0,625,4.0,14.0,,,,0.114
351388,2020-08-23,Pittsylvania,Virginia,51143.0,641,4.0,16.0,,,,0.111
351389,2020-08-24,Pittsylvania,Virginia,51143.0,644,4.0,3.0,,,,0.12899999
351390,2020-08-25,Pittsylvania,Virginia,51143.0,663,4.0,19.0,,,,0.22899999999999998
351391,2020-08-26,Pittsylvania,Virginia,51143.0,678,4.0,15.0,,,,0.31
351392,2020-08-27,Pittsylvania,Virginia,51143.0,695,4.0,17.0,,,,0.37799999
351393,2020-08-28,Pittsylvania,Virginia,51143.0,714,4.0,19.0,,,,0.361
351394,2020-08-29,Pittsylvania,Virginia,51143.0,723,4.0,9.0,,,,0.354
351395,2020-08-30,Pittsylvania,Virginia,51143.0,768,4.0,45.0,,,,0.23199999
351396,2020-08-31,Pittsylvania,Virginia,51143.0,770,4.0,2.0,,,,0.20800000000000002
351397,2020-09-01,Pittsylvania,Virginia,51143.0,780,4.0,10.0,,,,0.125
351398,2020-09-02,Pittsylvania,Virginia,51143.0,791,4.0,11.0,,,,0.0623
351399,2020-09-03,Pittsylvania,Virginia,51143.0,807,4.0,16.0,,,,0.048900001
351400,2020-09-04,Pittsylvania,Virginia,51143.0,827,4.0,20.0,,,,0.0297
351401,2020-09-05,Pittsylvania,Virginia,51143.0,833,5.0,6.0,,,,0.022600001
351402,2020-09-06,Pittsylvania,Virginia,51143.0,855,5.0,22.0,,,,0.061000001
351403,2020-09-07,Pittsylvania,Virginia,51143.0,856,6.0,1.0,,,,0.0229
351404,2020-09-08,Pittsylvania,Virginia,51143.0,867,6.0,11.0,,,,0.076399997
351405,2020-09-09,Pittsylvania,Virginia,51143.0,869,6.0,2.0,,,,0.0114
351406,2020-09-10,Pittsylvania,Virginia,51143.0,880,6.0,11.0,,,,0.039299997999999996
351407,2020-09-11,Pittsylvania,Virginia,51143.0,891,6.0,11.0,,,,0.0308
351408,2020-09-12,Pittsylvania,Virginia,51143.0,901,6.0,10.0,,,,0.09229999800000001
351409,2020-09-13,Pittsylvania,Virginia,51143.0,906,6.0,5.0,,,,0.115
351410,2020-09-14,Pittsylvania,Virginia,51143.0,906,7.0,0.0,,,,0.175
351411,2020-09-15,Pittsylvania,Virginia,51143.0,914,7.0,8.0,,,,0.23
351412,2020-09-16,Pittsylvania,Virginia,51143.0,921,7.0,7.0,,,,0.19699999999999998
351413,2020-09-17,Pittsylvania,Virginia,51143.0,928,8.0,7.0,,,,0.20800000000000002
351414,2020-09-18,Pittsylvania,Virginia,51143.0,938,8.0,10.0,,,,0.264
351415,2020-09-19,Pittsylvania,Virginia,51143.0,941,9.0,3.0,,,,0.233
351416,2020-09-20,Pittsylvania,Virginia,51143.0,954,9.0,13.0,,,,0.21699999
351417,2020-09-21,Pittsylvania,Virginia,51143.0,959,9.0,5.0,,,,0.163
351418,2020-09-22,Pittsylvania,Virginia,51143.0,964,9.0,5.0,,,,0.105
351419,2020-09-23,Pittsylvania,Virginia,51143.0,969,9.0,5.0,,,,0.191
351420,2020-09-24,Pittsylvania,Virginia,51143.0,976,9.0,7.0,,,,0.17900001
351421,2020-09-25,Pittsylvania,Virginia,51143.0,985,9.0,9.0,,,,0.19699999999999998
351422,2020-09-26,Pittsylvania,Virginia,51143.0,994,9.0,9.0,,,,0.16599999
351423,2020-09-27,Pittsylvania,Virginia,51143.0,998,9.0,4.0,,,,0.19
351424,2020-09-28,Pittsylvania,Virginia,51143.0,1002,9.0,4.0,,,,0.18099999
351425,2020-09-29,Pittsylvania,Virginia,51143.0,1008,10.0,6.0,,,,0.26300001
351426,2020-09-30,Pittsylvania,Virginia,51143.0,1022,10.0,14.0,,,,0.182
351427,2020-10-01,Pittsylvania,Virginia,51143.0,1025,10.0,3.0,,,,0.198
351428,2020-10-02,Pittsylvania,Virginia,51143.0,1052,10.0,27.0,,,,0.121
351429,2020-10-03,Pittsylvania,Virginia,51143.0,1063,10.0,11.0,,,,0.11900000000000001
351430,2020-10-04,Pittsylvania,Virginia,51143.0,1071,10.0,8.0,,,,0.149
351431,2020-10-05,Pittsylvania,Virginia,51143.0,1080,10.0,9.0,,,,0.20200001
351432,2020-10-06,Pittsylvania,Virginia,51143.0,1087,10.0,7.0,,,,0.20200001
351433,2020-10-07,Pittsylvania,Virginia,51143.0,1100,11.0,13.0,,,,0.215
351434,2020-10-08,Pittsylvania,Virginia,51143.0,1116,11.0,16.0,,,,0.18899999999999997
351435,2020-10-09,Pittsylvania,Virginia,51143.0,1128,11.0,12.0,,,,0.17200001
351436,2020-10-10,Pittsylvania,Virginia,51143.0,1142,11.0,14.0,,,,0.16399999999999998
351437,2020-10-11,Pittsylvania,Virginia,51143.0,1150,11.0,8.0,,,,0.0858
351438,2020-10-12,Pittsylvania,Virginia,51143.0,1155,11.0,5.0,,,,0.028000001
351439,2020-10-13,Pittsylvania,Virginia,51143.0,1163,11.0,8.0,,,,0.036600001
351440,2020-10-14,Pittsylvania,Virginia,51143.0,1171,11.0,8.0,,,,0.073100001
351441,2020-10-15,Pittsylvania,Virginia,51143.0,1185,11.0,14.0,,,,0.072400004
351442,2020-10-16,Pittsylvania,Virginia,51143.0,1183,11.0,-2.0,,,,0.024
351443,2020-10-17,Pittsylvania,Virginia,51143.0,1195,12.0,12.0,,,,0.052499998
351444,2020-10-18,Pittsylvania,Virginia,51143.0,1218,15.0,23.0,,,,0.0407
351445,2020-10-19,Pittsylvania,Virginia,51143.0,1220,16.0,2.0,,,,0.0155
351446,2020-10-20,Pittsylvania,Virginia,51143.0,1227,17.0,7.0,,,,0.021299999
351447,2020-10-21,Pittsylvania,Virginia,51143.0,1237,17.0,10.0,,,,0.045000002000000004
351448,2020-10-22,Pittsylvania,Virginia,51143.0,1242,17.0,5.0,,,,-0.053399999000000004
351449,2020-10-23,Pittsylvania,Virginia,51143.0,1248,17.0,6.0,,,,0.0117
351450,2020-10-24,Pittsylvania,Virginia,51143.0,1255,17.0,7.0,,,,0.0102
351451,2020-10-25,Pittsylvania,Virginia,51143.0,1271,17.0,16.0,,,,0.050799999000000005
351452,2020-10-26,Pittsylvania,Virginia,51143.0,1275,17.0,4.0,,,,0.0385
351453,2020-10-27,Pittsylvania,Virginia,51143.0,1284,17.0,9.0,,,,0.064800002
351454,2020-10-28,Pittsylvania,Virginia,51143.0,1307,17.0,23.0,,,,0.0359
351455,2020-10-29,Pittsylvania,Virginia,51143.0,1323,17.0,16.0,,,,0.058899999
351456,2020-10-30,Pittsylvania,Virginia,51143.0,1339,17.0,16.0,,,,0.0766
351457,2020-10-31,Pittsylvania,Virginia,51143.0,1358,17.0,19.0,,,,0.080399998
351458,2020-11-01,Pittsylvania,Virginia,51143.0,1373,17.0,15.0,,,,0.035999998
351459,2020-11-02,Pittsylvania,Virginia,51143.0,1382,17.0,9.0,,,,0.041700002
351460,2020-11-03,Pittsylvania,Virginia,51143.0,1388,17.0,6.0,,,,0.0070099998
351461,2020-11-04,Pittsylvania,Virginia,51143.0,1399,17.0,11.0,,,,0.048799999000000004
351462,2020-11-05,Pittsylvania,Virginia,51143.0,1402,17.0,3.0,,,,0.032299998999999996
351463,2020-11-06,Pittsylvania,Virginia,51143.0,1416,17.0,14.0,,,,0.037900001
351464,2020-11-07,Pittsylvania,Virginia,51143.0,1431,17.0,15.0,,,,0.043499999000000004
351465,2020-11-08,Pittsylvania,Virginia,51143.0,1441,17.0,10.0,,,,0.10800000000000001
351466,2020-11-09,Pittsylvania,Virginia,51143.0,1445,17.0,4.0,,,,0.075099997
351467,2020-11-10,Pittsylvania,Virginia,51143.0,1448,17.0,3.0,,,,0.09309999599999999
351468,2020-11-11,Pittsylvania,Virginia,51143.0,1464,17.0,16.0,,,,0.184
351469,2020-11-12,Pittsylvania,Virginia,51143.0,1471,17.0,7.0,,,,0.133
351470,2020-11-13,Pittsylvania,Virginia,51143.0,1481,18.0,10.0,,,,0.11699999999999999
351471,2020-11-14,Pittsylvania,Virginia,51143.0,1495,18.0,14.0,,,,0.198
351472,2020-11-15,Pittsylvania,Virginia,51143.0,1497,18.0,2.0,,,,0.207
351473,2020-11-16,Pittsylvania,Virginia,51143.0,1515,18.0,18.0,,,,0.20299999
351474,2020-11-17,Pittsylvania,Virginia,51143.0,1539,18.0,24.0,,,,0.228
351475,2020-11-18,Pittsylvania,Virginia,51143.0,1548,18.0,9.0,,,,0.25
351476,2020-11-19,Pittsylvania,Virginia,51143.0,1554,21.0,6.0,,,,0.223
351477,2020-11-20,Pittsylvania,Virginia,51143.0,1565,21.0,11.0,,,,0.30500001
351478,2020-11-21,Pittsylvania,Virginia,51143.0,1586,22.0,21.0,,,,0.22
351479,2020-11-22,Pittsylvania,Virginia,51143.0,1589,22.0,3.0,,,,0.192
