,date,county,state,fips,cases,deaths,new_cases,emp_combined,emp_combined_inclow,revenue_all,spend_all
355094,2020-03-26,Washington,Virginia,51191.0,1,0.0,0.0,,,,-0.16
355095,2020-03-27,Washington,Virginia,51191.0,1,0.0,0.0,,,,-0.15099999
355096,2020-03-28,Washington,Virginia,51191.0,1,0.0,0.0,,,,-0.145
355097,2020-03-29,Washington,Virginia,51191.0,2,0.0,1.0,,,,-0.213
355098,2020-03-30,Washington,Virginia,51191.0,2,0.0,0.0,,,,-0.27900001
355099,2020-03-31,Washington,Virginia,51191.0,2,0.0,0.0,,,,-0.27700001
355100,2020-04-01,Washington,Virginia,51191.0,2,0.0,0.0,,,,-0.233
355101,2020-04-02,Washington,Virginia,51191.0,2,0.0,0.0,,,,-0.21100000000000002
355102,2020-04-03,Washington,Virginia,51191.0,3,0.0,1.0,,,,-0.20600000000000002
355103,2020-04-04,Washington,Virginia,51191.0,3,0.0,0.0,,,,-0.2
355104,2020-04-05,Washington,Virginia,51191.0,5,0.0,2.0,,,,-0.19400001
355105,2020-04-06,Washington,Virginia,51191.0,5,0.0,0.0,,,,-0.168
355106,2020-04-07,Washington,Virginia,51191.0,10,0.0,5.0,,,,-0.17200001
355107,2020-04-08,Washington,Virginia,51191.0,12,0.0,2.0,,,,-0.15899999
355108,2020-04-09,Washington,Virginia,51191.0,15,0.0,3.0,,,,-0.16399999999999998
355109,2020-04-10,Washington,Virginia,51191.0,17,0.0,2.0,,,,-0.163
355110,2020-04-11,Washington,Virginia,51191.0,24,0.0,7.0,,,,-0.19599999
355111,2020-04-12,Washington,Virginia,51191.0,24,0.0,0.0,,,,-0.24600001
355112,2020-04-13,Washington,Virginia,51191.0,28,0.0,4.0,,,,-0.25999999
355113,2020-04-14,Washington,Virginia,51191.0,27,0.0,-1.0,,,,-0.17200001
355114,2020-04-15,Washington,Virginia,51191.0,27,0.0,0.0,,,,0.0103
355115,2020-04-16,Washington,Virginia,51191.0,27,0.0,0.0,,,,0.00954
355116,2020-04-17,Washington,Virginia,51191.0,28,0.0,1.0,,,,-0.053100000999999994
355117,2020-04-18,Washington,Virginia,51191.0,27,0.0,-1.0,,,,-0.0504
355118,2020-04-19,Washington,Virginia,51191.0,29,0.0,2.0,,,,0.0141
355119,2020-04-20,Washington,Virginia,51191.0,29,0.0,0.0,,,,0.064900003
355120,2020-04-21,Washington,Virginia,51191.0,29,3.0,0.0,,,,-0.022700001
355121,2020-04-22,Washington,Virginia,51191.0,29,3.0,0.0,,,,-0.171
355122,2020-04-23,Washington,Virginia,51191.0,30,3.0,1.0,,,,-0.25999999
355123,2020-04-24,Washington,Virginia,51191.0,30,3.0,0.0,,,,-0.17299999
355124,2020-04-25,Washington,Virginia,51191.0,30,3.0,0.0,,,,-0.122
355125,2020-04-26,Washington,Virginia,51191.0,34,3.0,4.0,,,,-0.115
355126,2020-04-27,Washington,Virginia,51191.0,34,3.0,0.0,,,,-0.13500001
355127,2020-04-28,Washington,Virginia,51191.0,34,3.0,0.0,,,,-0.14
355128,2020-04-29,Washington,Virginia,51191.0,36,3.0,2.0,,,,-0.11800000000000001
355129,2020-04-30,Washington,Virginia,51191.0,36,3.0,0.0,,,,-0.037599999
355130,2020-05-01,Washington,Virginia,51191.0,38,3.0,2.0,,,,-0.067699999
355131,2020-05-02,Washington,Virginia,51191.0,39,3.0,1.0,,,,-0.107
355132,2020-05-03,Washington,Virginia,51191.0,39,3.0,0.0,,,,-0.083999999
355133,2020-05-04,Washington,Virginia,51191.0,39,3.0,0.0,,,,-0.0195
355134,2020-05-05,Washington,Virginia,51191.0,40,3.0,1.0,,,,-0.054000001
355135,2020-05-06,Washington,Virginia,51191.0,40,3.0,0.0,,,,-0.075099997
355136,2020-05-07,Washington,Virginia,51191.0,41,3.0,1.0,,,,-0.0173
355137,2020-05-08,Washington,Virginia,51191.0,42,3.0,1.0,,,,-0.0117
355138,2020-05-09,Washington,Virginia,51191.0,42,3.0,0.0,,,,0.0163
355139,2020-05-10,Washington,Virginia,51191.0,49,3.0,7.0,,,,-0.0072699999
355140,2020-05-11,Washington,Virginia,51191.0,49,3.0,0.0,,,,-0.0669
355141,2020-05-12,Washington,Virginia,51191.0,48,3.0,-1.0,,,,-0.059799999000000006
355142,2020-05-13,Washington,Virginia,51191.0,49,3.0,1.0,,,,-0.0195
355143,2020-05-14,Washington,Virginia,51191.0,49,3.0,0.0,,,,-0.0513
355144,2020-05-15,Washington,Virginia,51191.0,49,3.0,0.0,,,,-0.09260000300000001
355145,2020-05-16,Washington,Virginia,51191.0,49,3.0,0.0,,,,-0.086000003
355146,2020-05-17,Washington,Virginia,51191.0,49,3.0,0.0,,,,-0.025800001
355147,2020-05-18,Washington,Virginia,51191.0,49,3.0,0.0,,,,-0.0066
355148,2020-05-19,Washington,Virginia,51191.0,50,4.0,1.0,,,,-0.0341
355149,2020-05-20,Washington,Virginia,51191.0,50,4.0,0.0,,,,-0.11199999999999999
355150,2020-05-21,Washington,Virginia,51191.0,51,4.0,1.0,,,,-0.134
355151,2020-05-22,Washington,Virginia,51191.0,51,4.0,0.0,,,,-0.0726
355152,2020-05-23,Washington,Virginia,51191.0,51,4.0,0.0,,,,-0.06419999900000001
355153,2020-05-24,Washington,Virginia,51191.0,51,4.0,0.0,,,,-0.09279999900000001
355154,2020-05-25,Washington,Virginia,51191.0,51,4.0,0.0,,,,-0.00173
355155,2020-05-26,Washington,Virginia,51191.0,51,4.0,0.0,,,,-0.043900002
355156,2020-05-27,Washington,Virginia,51191.0,51,4.0,0.0,,,,0.039999999
355157,2020-05-28,Washington,Virginia,51191.0,51,4.0,0.0,,,,0.07050000099999999
355158,2020-05-29,Washington,Virginia,51191.0,51,4.0,0.0,,,,-0.022000000000000002
355159,2020-05-30,Washington,Virginia,51191.0,51,4.0,0.0,,,,-0.059099998
355160,2020-05-31,Washington,Virginia,51191.0,51,4.0,0.0,,,,-0.056000002
355161,2020-06-01,Washington,Virginia,51191.0,51,4.0,0.0,,,,-0.023600001000000002
355162,2020-06-02,Washington,Virginia,51191.0,52,4.0,1.0,,,,-0.0020800000000000003
355163,2020-06-03,Washington,Virginia,51191.0,53,4.0,1.0,,,,0.0060200002
355164,2020-06-04,Washington,Virginia,51191.0,53,4.0,0.0,,,,-0.066699997
355165,2020-06-05,Washington,Virginia,51191.0,53,4.0,0.0,,,,0.047400001
355166,2020-06-06,Washington,Virginia,51191.0,53,4.0,0.0,,,,0.080300003
355167,2020-06-07,Washington,Virginia,51191.0,57,4.0,4.0,,,,0.088699996
355168,2020-06-08,Washington,Virginia,51191.0,57,4.0,0.0,,,,0.073299997
355169,2020-06-09,Washington,Virginia,51191.0,57,4.0,0.0,,,,0.007890000000000001
355170,2020-06-10,Washington,Virginia,51191.0,58,4.0,1.0,,,,0.053399999000000004
355171,2020-06-11,Washington,Virginia,51191.0,58,4.0,0.0,,,,-0.024
355172,2020-06-12,Washington,Virginia,51191.0,58,4.0,0.0,,,,-0.031199999
355173,2020-06-13,Washington,Virginia,51191.0,58,4.0,0.0,,,,-0.0042699999
355174,2020-06-14,Washington,Virginia,51191.0,58,4.0,0.0,,,,-0.0195
355175,2020-06-15,Washington,Virginia,51191.0,58,4.0,0.0,,,,0.008070000400000001
355176,2020-06-16,Washington,Virginia,51191.0,58,4.0,0.0,,,,-0.0137
355177,2020-06-17,Washington,Virginia,51191.0,58,4.0,0.0,,,,-0.027899998999999998
355178,2020-06-18,Washington,Virginia,51191.0,58,4.0,0.0,,,,0.043699998
355179,2020-06-19,Washington,Virginia,51191.0,58,4.0,0.0,,,,0.092500001
355180,2020-06-20,Washington,Virginia,51191.0,59,4.0,1.0,,,,0.06580000400000001
355181,2020-06-21,Washington,Virginia,51191.0,60,4.0,1.0,,,,0.0911
355182,2020-06-22,Washington,Virginia,51191.0,60,4.0,0.0,,,,0.06580000400000001
355183,2020-06-23,Washington,Virginia,51191.0,60,4.0,0.0,,,,0.105
355184,2020-06-24,Washington,Virginia,51191.0,60,4.0,0.0,,,,0.08910000300000001
355185,2020-06-25,Washington,Virginia,51191.0,60,4.0,0.0,,,,0.023
355186,2020-06-26,Washington,Virginia,51191.0,62,4.0,2.0,,,,0.0129
355187,2020-06-27,Washington,Virginia,51191.0,63,4.0,1.0,,,,-0.00045299999000000005
355188,2020-06-28,Washington,Virginia,51191.0,63,4.0,0.0,,,,-0.028200001000000002
355189,2020-06-29,Washington,Virginia,51191.0,63,4.0,0.0,,,,-0.0253
355190,2020-06-30,Washington,Virginia,51191.0,64,4.0,1.0,,,,-0.013999999999999999
355191,2020-07-01,Washington,Virginia,51191.0,64,4.0,0.0,,,,0.0206
355192,2020-07-02,Washington,Virginia,51191.0,65,4.0,1.0,,,,0.023700001000000002
355193,2020-07-03,Washington,Virginia,51191.0,65,4.0,0.0,,,,-0.0414
355194,2020-07-04,Washington,Virginia,51191.0,66,4.0,1.0,,,,0.034499998999999996
355195,2020-07-05,Washington,Virginia,51191.0,67,4.0,1.0,,,,0.0691
355196,2020-07-06,Washington,Virginia,51191.0,67,4.0,0.0,,,,0.045600000999999994
355197,2020-07-07,Washington,Virginia,51191.0,68,4.0,1.0,,,,0.081699997
355198,2020-07-08,Washington,Virginia,51191.0,70,4.0,2.0,,,,0.043200000999999995
355199,2020-07-09,Washington,Virginia,51191.0,74,4.0,4.0,,,,0.019300001
355200,2020-07-10,Washington,Virginia,51191.0,76,4.0,2.0,,,,0.0146
355201,2020-07-11,Washington,Virginia,51191.0,80,4.0,4.0,,,,0.037900001
355202,2020-07-12,Washington,Virginia,51191.0,87,4.0,7.0,,,,0.059999999000000005
355203,2020-07-13,Washington,Virginia,51191.0,88,4.0,1.0,,,,0.0427
355204,2020-07-14,Washington,Virginia,51191.0,89,4.0,1.0,,,,0.0252
355205,2020-07-15,Washington,Virginia,51191.0,90,4.0,1.0,,,,0.072099999
355206,2020-07-16,Washington,Virginia,51191.0,95,4.0,5.0,,,,0.11699999999999999
355207,2020-07-17,Washington,Virginia,51191.0,100,4.0,5.0,,,,0.163
355208,2020-07-18,Washington,Virginia,51191.0,104,4.0,4.0,,,,0.17
355209,2020-07-19,Washington,Virginia,51191.0,111,4.0,7.0,,,,0.10800000000000001
355210,2020-07-20,Washington,Virginia,51191.0,112,4.0,1.0,,,,0.127
355211,2020-07-21,Washington,Virginia,51191.0,114,4.0,2.0,,,,0.133
355212,2020-07-22,Washington,Virginia,51191.0,118,4.0,4.0,,,,0.115
355213,2020-07-23,Washington,Virginia,51191.0,119,4.0,1.0,,,,0.106
355214,2020-07-24,Washington,Virginia,51191.0,131,4.0,12.0,,,,0.018100001
355215,2020-07-25,Washington,Virginia,51191.0,136,4.0,5.0,,,,-0.0074
355216,2020-07-26,Washington,Virginia,51191.0,142,4.0,6.0,,,,0.069300003
355217,2020-07-27,Washington,Virginia,51191.0,146,4.0,4.0,,,,0.065200001
355218,2020-07-28,Washington,Virginia,51191.0,146,4.0,0.0,,,,0.039999999
355219,2020-07-29,Washington,Virginia,51191.0,157,4.0,11.0,,,,0.019200001
355220,2020-07-30,Washington,Virginia,51191.0,164,4.0,7.0,,,,-0.026900001
355221,2020-07-31,Washington,Virginia,51191.0,170,4.0,6.0,,,,0.0272
355222,2020-08-01,Washington,Virginia,51191.0,172,4.0,2.0,,,,0.10400000000000001
355223,2020-08-02,Washington,Virginia,51191.0,181,4.0,9.0,,,,0.0104
355224,2020-08-03,Washington,Virginia,51191.0,181,4.0,0.0,,,,0.0274
355225,2020-08-04,Washington,Virginia,51191.0,184,4.0,3.0,,,,0.0163
355226,2020-08-05,Washington,Virginia,51191.0,191,5.0,7.0,,,,0.035399999
355227,2020-08-06,Washington,Virginia,51191.0,203,5.0,12.0,,,,0.094599999
355228,2020-08-07,Washington,Virginia,51191.0,211,5.0,8.0,,,,0.0166
355229,2020-08-08,Washington,Virginia,51191.0,217,5.0,6.0,,,,0.025699998999999998
355230,2020-08-09,Washington,Virginia,51191.0,229,5.0,12.0,,,,0.10400000000000001
355231,2020-08-10,Washington,Virginia,51191.0,233,5.0,4.0,,,,0.0836
355232,2020-08-11,Washington,Virginia,51191.0,231,6.0,-2.0,,,,0.099100001
355233,2020-08-12,Washington,Virginia,51191.0,237,6.0,6.0,,,,0.074699998
355234,2020-08-13,Washington,Virginia,51191.0,242,6.0,5.0,,,,0.0288
355235,2020-08-14,Washington,Virginia,51191.0,250,6.0,8.0,,,,0.0612
355236,2020-08-15,Washington,Virginia,51191.0,261,6.0,11.0,,,,0.094499998
355237,2020-08-16,Washington,Virginia,51191.0,283,6.0,22.0,,,,0.073700003
355238,2020-08-17,Washington,Virginia,51191.0,288,6.0,5.0,,,,0.076800004
355239,2020-08-18,Washington,Virginia,51191.0,290,7.0,2.0,,,,0.068099998
355240,2020-08-19,Washington,Virginia,51191.0,295,7.0,5.0,,,,0.106
355241,2020-08-20,Washington,Virginia,51191.0,297,7.0,2.0,,,,0.15000001
355242,2020-08-21,Washington,Virginia,51191.0,301,7.0,4.0,,,,0.131
355243,2020-08-22,Washington,Virginia,51191.0,306,7.0,5.0,,,,0.115
355244,2020-08-23,Washington,Virginia,51191.0,311,7.0,5.0,,,,0.11800000000000001
355245,2020-08-24,Washington,Virginia,51191.0,311,7.0,0.0,,,,0.113
355246,2020-08-25,Washington,Virginia,51191.0,321,7.0,10.0,,,,0.11
355247,2020-08-26,Washington,Virginia,51191.0,326,8.0,5.0,,,,0.091499999
355248,2020-08-27,Washington,Virginia,51191.0,339,8.0,13.0,,,,0.13500001
355249,2020-08-28,Washington,Virginia,51191.0,345,9.0,6.0,,,,0.13699999
355250,2020-08-29,Washington,Virginia,51191.0,357,9.0,12.0,,,,0.10300000000000001
355251,2020-08-30,Washington,Virginia,51191.0,362,9.0,5.0,,,,0.10800000000000001
355252,2020-08-31,Washington,Virginia,51191.0,368,9.0,6.0,,,,0.058800001
355253,2020-09-01,Washington,Virginia,51191.0,375,9.0,7.0,,,,0.0052499999
355254,2020-09-02,Washington,Virginia,51191.0,381,9.0,6.0,,,,0.034200002
355255,2020-09-03,Washington,Virginia,51191.0,395,9.0,14.0,,,,0.057100002000000004
355256,2020-09-04,Washington,Virginia,51191.0,402,9.0,7.0,,,,0.0089199999
355257,2020-09-05,Washington,Virginia,51191.0,404,9.0,2.0,,,,0.0084300004
355258,2020-09-06,Washington,Virginia,51191.0,416,9.0,12.0,,,,0.082800001
355259,2020-09-07,Washington,Virginia,51191.0,426,9.0,10.0,,,,0.084600002
355260,2020-09-08,Washington,Virginia,51191.0,432,9.0,6.0,,,,0.053100000999999994
355261,2020-09-09,Washington,Virginia,51191.0,432,9.0,0.0,,,,-0.0082
355262,2020-09-10,Washington,Virginia,51191.0,433,10.0,1.0,,,,0.017000001
355263,2020-09-11,Washington,Virginia,51191.0,442,10.0,9.0,,,,0.0612
355264,2020-09-12,Washington,Virginia,51191.0,462,12.0,20.0,,,,0.0167
355265,2020-09-13,Washington,Virginia,51191.0,470,14.0,8.0,,,,-0.0211
355266,2020-09-14,Washington,Virginia,51191.0,475,14.0,5.0,,,,-0.016799999
355267,2020-09-15,Washington,Virginia,51191.0,489,14.0,14.0,,,,0.0359
355268,2020-09-16,Washington,Virginia,51191.0,492,14.0,3.0,,,,0.032499999
355269,2020-09-17,Washington,Virginia,51191.0,499,14.0,7.0,,,,-0.033199999
355270,2020-09-18,Washington,Virginia,51191.0,519,14.0,20.0,,,,-0.0594
355271,2020-09-19,Washington,Virginia,51191.0,533,16.0,14.0,,,,0.0083400002
355272,2020-09-20,Washington,Virginia,51191.0,536,16.0,3.0,,,,0.016799999
355273,2020-09-21,Washington,Virginia,51191.0,539,16.0,3.0,,,,0.00040399998999999994
355274,2020-09-22,Washington,Virginia,51191.0,544,17.0,5.0,,,,-0.0244
355275,2020-09-23,Washington,Virginia,51191.0,544,17.0,0.0,,,,-0.027899998999999998
355276,2020-09-24,Washington,Virginia,51191.0,550,17.0,6.0,,,,0.0058900001
355277,2020-09-25,Washington,Virginia,51191.0,553,20.0,3.0,,,,0.0020999999
355278,2020-09-26,Washington,Virginia,51191.0,563,20.0,10.0,,,,-0.0528
355279,2020-09-27,Washington,Virginia,51191.0,572,20.0,9.0,,,,-0.025699998999999998
355280,2020-09-28,Washington,Virginia,51191.0,581,20.0,9.0,,,,-0.016899999
355281,2020-09-29,Washington,Virginia,51191.0,585,20.0,4.0,,,,-0.0222
355282,2020-09-30,Washington,Virginia,51191.0,593,21.0,8.0,,,,0.043499999000000004
355283,2020-10-01,Washington,Virginia,51191.0,598,21.0,5.0,,,,0.021500001
355284,2020-10-02,Washington,Virginia,51191.0,603,21.0,5.0,,,,0.044000000000000004
355285,2020-10-03,Washington,Virginia,51191.0,620,21.0,17.0,,,,0.11
355286,2020-10-04,Washington,Virginia,51191.0,634,21.0,14.0,,,,0.073299997
355287,2020-10-05,Washington,Virginia,51191.0,643,21.0,9.0,,,,0.075099997
355288,2020-10-06,Washington,Virginia,51191.0,651,21.0,8.0,,,,0.0726
355289,2020-10-07,Washington,Virginia,51191.0,660,21.0,9.0,,,,0.0052299998
355290,2020-10-08,Washington,Virginia,51191.0,685,21.0,25.0,,,,-0.0125
355291,2020-10-09,Washington,Virginia,51191.0,699,21.0,14.0,,,,-0.00868
355292,2020-10-10,Washington,Virginia,51191.0,714,21.0,15.0,,,,-0.0119
355293,2020-10-11,Washington,Virginia,51191.0,725,21.0,11.0,,,,0.0086000003
355294,2020-10-12,Washington,Virginia,51191.0,735,21.0,10.0,,,,-0.0040099998
355295,2020-10-13,Washington,Virginia,51191.0,742,21.0,7.0,,,,0.0042300001
355296,2020-10-14,Washington,Virginia,51191.0,758,21.0,16.0,,,,0.0416
355297,2020-10-15,Washington,Virginia,51191.0,778,21.0,20.0,,,,0.107
355298,2020-10-16,Washington,Virginia,51191.0,800,21.0,22.0,,,,0.131
355299,2020-10-17,Washington,Virginia,51191.0,823,22.0,23.0,,,,0.121
355300,2020-10-18,Washington,Virginia,51191.0,833,22.0,10.0,,,,0.098899998
355301,2020-10-19,Washington,Virginia,51191.0,841,23.0,8.0,,,,0.10300000000000001
355302,2020-10-20,Washington,Virginia,51191.0,845,25.0,4.0,,,,0.13699999
355303,2020-10-21,Washington,Virginia,51191.0,850,26.0,5.0,,,,0.06419999900000001
355304,2020-10-22,Washington,Virginia,51191.0,867,26.0,17.0,,,,0.028100001
355305,2020-10-23,Washington,Virginia,51191.0,899,26.0,32.0,,,,0.0254
355306,2020-10-24,Washington,Virginia,51191.0,934,26.0,35.0,,,,0.06610000099999999
355307,2020-10-25,Washington,Virginia,51191.0,962,26.0,28.0,,,,0.062700003
355308,2020-10-26,Washington,Virginia,51191.0,979,26.0,17.0,,,,0.0133
355309,2020-10-27,Washington,Virginia,51191.0,980,26.0,1.0,,,,-0.0155
355310,2020-10-28,Washington,Virginia,51191.0,994,26.0,14.0,,,,0.0372
355311,2020-10-29,Washington,Virginia,51191.0,1010,26.0,16.0,,,,0.114
355312,2020-10-30,Washington,Virginia,51191.0,1019,26.0,9.0,,,,0.10400000000000001
355313,2020-10-31,Washington,Virginia,51191.0,1055,26.0,36.0,,,,0.0517
355314,2020-11-01,Washington,Virginia,51191.0,1078,26.0,23.0,,,,0.060899999
355315,2020-11-02,Washington,Virginia,51191.0,1105,26.0,27.0,,,,0.11199999999999999
355316,2020-11-03,Washington,Virginia,51191.0,1122,28.0,17.0,,,,0.111
355317,2020-11-04,Washington,Virginia,51191.0,1144,28.0,22.0,,,,0.0436
355318,2020-11-05,Washington,Virginia,51191.0,1158,28.0,14.0,,,,-0.015900001
355319,2020-11-06,Washington,Virginia,51191.0,1188,28.0,30.0,,,,0.0165
355320,2020-11-07,Washington,Virginia,51191.0,1225,28.0,37.0,,,,0.051800001
355321,2020-11-08,Washington,Virginia,51191.0,1233,28.0,8.0,,,,0.0297
355322,2020-11-09,Washington,Virginia,51191.0,1285,28.0,52.0,,,,0.0104
355323,2020-11-10,Washington,Virginia,51191.0,1304,28.0,19.0,,,,0.056000002
355324,2020-11-11,Washington,Virginia,51191.0,1342,28.0,38.0,,,,0.05519999900000001
355325,2020-11-12,Washington,Virginia,51191.0,1361,28.0,19.0,,,,0.063699998
355326,2020-11-13,Washington,Virginia,51191.0,1374,28.0,13.0,,,,0.052900000999999995
355327,2020-11-14,Washington,Virginia,51191.0,1416,28.0,42.0,,,,0.066600002
355328,2020-11-15,Washington,Virginia,51191.0,1439,28.0,23.0,,,,0.08919999699999999
355329,2020-11-16,Washington,Virginia,51191.0,1471,29.0,32.0,,,,0.098499998
355330,2020-11-17,Washington,Virginia,51191.0,1478,29.0,7.0,,,,0.073100001
355331,2020-11-18,Washington,Virginia,51191.0,1499,29.0,21.0,,,,0.1
355332,2020-11-19,Washington,Virginia,51191.0,1521,29.0,22.0,,,,0.0713
355333,2020-11-20,Washington,Virginia,51191.0,1544,29.0,23.0,,,,0.0616
355334,2020-11-21,Washington,Virginia,51191.0,1558,29.0,14.0,,,,0.042599998
355335,2020-11-22,Washington,Virginia,51191.0,1592,29.0,34.0,,,,0.059300002000000004
