,date,county,state,fips,cases,deaths,new_cases,emp_combined,emp_combined_inclow,revenue_all,spend_all
355822,2020-03-12,Alexandria city,Virginia,51510.0,1,0.0,0.0,,,,-0.0275
355823,2020-03-13,Alexandria city,Virginia,51510.0,1,0.0,0.0,,,,-0.0062000002
355824,2020-03-14,Alexandria city,Virginia,51510.0,1,0.0,0.0,,,,0.013999999999999999
355825,2020-03-15,Alexandria city,Virginia,51510.0,1,0.0,0.0,,,,-0.067299999
355826,2020-03-16,Alexandria city,Virginia,51510.0,2,0.0,1.0,,,,-0.11
355827,2020-03-17,Alexandria city,Virginia,51510.0,2,0.0,0.0,,,,-0.107
355828,2020-03-18,Alexandria city,Virginia,51510.0,2,0.0,0.0,,,,-0.15800001
355829,2020-03-19,Alexandria city,Virginia,51510.0,3,0.0,1.0,,,,-0.23
355830,2020-03-20,Alexandria city,Virginia,51510.0,3,0.0,0.0,,,,-0.28999999
355831,2020-03-21,Alexandria city,Virginia,51510.0,5,0.0,2.0,,,,-0.29899999
355832,2020-03-22,Alexandria city,Virginia,51510.0,5,0.0,0.0,,,,-0.25999999
355833,2020-03-23,Alexandria city,Virginia,51510.0,6,0.0,1.0,,,,-0.25
355834,2020-03-24,Alexandria city,Virginia,51510.0,8,0.0,2.0,,,,-0.25099999
355835,2020-03-25,Alexandria city,Virginia,51510.0,9,0.0,1.0,,,,-0.31299999
355836,2020-03-26,Alexandria city,Virginia,51510.0,14,0.0,5.0,,,,-0.32100001
355837,2020-03-27,Alexandria city,Virginia,51510.0,18,0.0,4.0,,,,-0.27000001
355838,2020-03-28,Alexandria city,Virginia,51510.0,20,0.0,2.0,,,,-0.29699999
355839,2020-03-29,Alexandria city,Virginia,51510.0,25,0.0,5.0,,,,-0.35499999
355840,2020-03-30,Alexandria city,Virginia,51510.0,26,0.0,1.0,,,,-0.37
355841,2020-03-31,Alexandria city,Virginia,51510.0,30,0.0,4.0,,,,-0.35699999
355842,2020-04-01,Alexandria city,Virginia,51510.0,32,0.0,2.0,,,,-0.32800001
355843,2020-04-02,Alexandria city,Virginia,51510.0,33,0.0,1.0,,,,-0.32699999
355844,2020-04-03,Alexandria city,Virginia,51510.0,56,0.0,23.0,,,,-0.368
355845,2020-04-04,Alexandria city,Virginia,51510.0,68,0.0,12.0,,,,-0.40400001
355846,2020-04-05,Alexandria city,Virginia,51510.0,74,0.0,6.0,,,,-0.37099999
355847,2020-04-06,Alexandria city,Virginia,51510.0,93,0.0,19.0,,,,-0.391
355848,2020-04-07,Alexandria city,Virginia,51510.0,126,1.0,33.0,,,,-0.41700000000000004
355849,2020-04-08,Alexandria city,Virginia,51510.0,143,1.0,17.0,,,,-0.36000001
355850,2020-04-09,Alexandria city,Virginia,51510.0,149,1.0,6.0,,,,-0.37099999
355851,2020-04-10,Alexandria city,Virginia,51510.0,174,1.0,25.0,,,,-0.38499999
355852,2020-04-11,Alexandria city,Virginia,51510.0,188,1.0,14.0,,,,-0.38999999
355853,2020-04-12,Alexandria city,Virginia,51510.0,198,1.0,10.0,,,,-0.42500001
355854,2020-04-13,Alexandria city,Virginia,51510.0,235,1.0,37.0,,,,-0.41800001
355855,2020-04-14,Alexandria city,Virginia,51510.0,247,1.0,12.0,,,,-0.384
355856,2020-04-15,Alexandria city,Virginia,51510.0,254,6.0,7.0,,,,-0.40799999
355857,2020-04-16,Alexandria city,Virginia,51510.0,275,6.0,21.0,,,,-0.389
355858,2020-04-17,Alexandria city,Virginia,51510.0,321,6.0,46.0,,,,-0.42699999
355859,2020-04-18,Alexandria city,Virginia,51510.0,354,6.0,33.0,,,,-0.44100001
355860,2020-04-19,Alexandria city,Virginia,51510.0,383,6.0,29.0,,,,-0.41700000000000004
355861,2020-04-20,Alexandria city,Virginia,51510.0,421,6.0,38.0,,,,-0.382
355862,2020-04-21,Alexandria city,Virginia,51510.0,462,9.0,41.0,,,,-0.359
355863,2020-04-22,Alexandria city,Virginia,51510.0,474,12.0,12.0,,,,-0.35100001
355864,2020-04-23,Alexandria city,Virginia,51510.0,512,14.0,38.0,,,,-0.41800001
355865,2020-04-24,Alexandria city,Virginia,51510.0,547,15.0,35.0,,,,-0.40400001
355866,2020-04-25,Alexandria city,Virginia,51510.0,575,18.0,28.0,,,,-0.38699999
355867,2020-04-26,Alexandria city,Virginia,51510.0,591,19.0,16.0,,,,-0.39799999999999996
355868,2020-04-27,Alexandria city,Virginia,51510.0,627,18.0,36.0,,,,-0.42199999
355869,2020-04-28,Alexandria city,Virginia,51510.0,653,20.0,26.0,,,,-0.48699999
355870,2020-04-29,Alexandria city,Virginia,51510.0,700,21.0,47.0,,,,-0.52999997
355871,2020-04-30,Alexandria city,Virginia,51510.0,754,21.0,54.0,,,,-0.377
355872,2020-05-01,Alexandria city,Virginia,51510.0,802,24.0,48.0,,,,-0.37200001
355873,2020-05-02,Alexandria city,Virginia,51510.0,848,26.0,46.0,,,,-0.377
355874,2020-05-03,Alexandria city,Virginia,51510.0,899,26.0,51.0,,,,-0.361
355875,2020-05-04,Alexandria city,Virginia,51510.0,940,26.0,41.0,,,,-0.29499999
355876,2020-05-05,Alexandria city,Virginia,51510.0,983,26.0,43.0,,,,-0.28299999
355877,2020-05-06,Alexandria city,Virginia,51510.0,983,26.0,0.0,,,,-0.27399999
355878,2020-05-07,Alexandria city,Virginia,51510.0,1060,29.0,77.0,,,,-0.336
355879,2020-05-08,Alexandria city,Virginia,51510.0,1110,29.0,50.0,,,,-0.384
355880,2020-05-09,Alexandria city,Virginia,51510.0,1142,30.0,32.0,,,,-0.31200001
355881,2020-05-10,Alexandria city,Virginia,51510.0,1193,30.0,51.0,,,,-0.30199999
355882,2020-05-11,Alexandria city,Virginia,51510.0,1224,30.0,31.0,,,,-0.30399999
355883,2020-05-12,Alexandria city,Virginia,51510.0,1240,30.0,16.0,,,,-0.38100001
355884,2020-05-13,Alexandria city,Virginia,51510.0,1305,31.0,65.0,,,,-0.32499999
355885,2020-05-14,Alexandria city,Virginia,51510.0,1349,32.0,44.0,,,,-0.255
355886,2020-05-15,Alexandria city,Virginia,51510.0,1396,32.0,47.0,,,,-0.257
355887,2020-05-16,Alexandria city,Virginia,51510.0,1460,34.0,64.0,,,,-0.317
355888,2020-05-17,Alexandria city,Virginia,51510.0,1476,34.0,16.0,,,,-0.31900001
355889,2020-05-18,Alexandria city,Virginia,51510.0,1510,34.0,34.0,,,,-0.287
355890,2020-05-19,Alexandria city,Virginia,51510.0,1544,34.0,34.0,,,,-0.28099999
355891,2020-05-20,Alexandria city,Virginia,51510.0,1577,34.0,33.0,,,,-0.28799999
355892,2020-05-21,Alexandria city,Virginia,51510.0,1627,37.0,50.0,,,,-0.308
355893,2020-05-22,Alexandria city,Virginia,51510.0,1657,37.0,30.0,,,,-0.34700000000000003
355894,2020-05-23,Alexandria city,Virginia,51510.0,1703,38.0,46.0,,,,-0.31799999
355895,2020-05-24,Alexandria city,Virginia,51510.0,1733,38.0,30.0,,,,-0.30000001
355896,2020-05-25,Alexandria city,Virginia,51510.0,1754,38.0,21.0,,,,-0.31600001
355897,2020-05-26,Alexandria city,Virginia,51510.0,1785,41.0,31.0,,,,-0.28799999
355898,2020-05-27,Alexandria city,Virginia,51510.0,1824,42.0,39.0,,,,-0.23800001
355899,2020-05-28,Alexandria city,Virginia,51510.0,1887,44.0,63.0,,,,-0.25400001
355900,2020-05-29,Alexandria city,Virginia,51510.0,1941,44.0,54.0,,,,-0.27900001
355901,2020-05-30,Alexandria city,Virginia,51510.0,1960,44.0,19.0,,,,-0.28600001
355902,2020-05-31,Alexandria city,Virginia,51510.0,1974,44.0,14.0,,,,-0.30500001
355903,2020-06-01,Alexandria city,Virginia,51510.0,1981,45.0,7.0,,,,-0.23
355904,2020-06-02,Alexandria city,Virginia,51510.0,2000,44.0,19.0,,,,-0.23800001
355905,2020-06-03,Alexandria city,Virginia,51510.0,2016,46.0,16.0,,,,-0.31900001
355906,2020-06-04,Alexandria city,Virginia,51510.0,2031,46.0,15.0,,,,-0.28099999
355907,2020-06-05,Alexandria city,Virginia,51510.0,2045,45.0,14.0,,,,-0.264
355908,2020-06-06,Alexandria city,Virginia,51510.0,2070,45.0,25.0,,,,-0.26199999
355909,2020-06-07,Alexandria city,Virginia,51510.0,2095,45.0,25.0,,,,-0.214
355910,2020-06-08,Alexandria city,Virginia,51510.0,2102,45.0,7.0,,,,-0.28099999
355911,2020-06-09,Alexandria city,Virginia,51510.0,2115,47.0,13.0,,,,-0.31900001
355912,2020-06-10,Alexandria city,Virginia,51510.0,2125,47.0,10.0,,,,-0.29300001
355913,2020-06-11,Alexandria city,Virginia,51510.0,2127,48.0,2.0,,,,-0.285
355914,2020-06-12,Alexandria city,Virginia,51510.0,2128,48.0,1.0,,,,-0.22400001
355915,2020-06-13,Alexandria city,Virginia,51510.0,2134,48.0,6.0,,,,-0.23100001
355916,2020-06-14,Alexandria city,Virginia,51510.0,2151,48.0,17.0,,,,-0.28
355917,2020-06-15,Alexandria city,Virginia,51510.0,2160,48.0,9.0,,,,-0.266
355918,2020-06-16,Alexandria city,Virginia,51510.0,2168,47.0,8.0,,,,-0.248
355919,2020-06-17,Alexandria city,Virginia,51510.0,2175,48.0,7.0,,,,-0.257
355920,2020-06-18,Alexandria city,Virginia,51510.0,2186,48.0,11.0,,,,-0.243
355921,2020-06-19,Alexandria city,Virginia,51510.0,2198,48.0,12.0,,,,-0.23999999
355922,2020-06-20,Alexandria city,Virginia,51510.0,2217,49.0,19.0,,,,-0.221
355923,2020-06-21,Alexandria city,Virginia,51510.0,2227,49.0,10.0,,,,-0.20900001
355924,2020-06-22,Alexandria city,Virginia,51510.0,2236,49.0,9.0,,,,-0.221
355925,2020-06-23,Alexandria city,Virginia,51510.0,2248,49.0,12.0,,,,-0.175
355926,2020-06-24,Alexandria city,Virginia,51510.0,2258,50.0,10.0,,,,-0.155
355927,2020-06-25,Alexandria city,Virginia,51510.0,2271,50.0,13.0,,,,-0.183
355928,2020-06-26,Alexandria city,Virginia,51510.0,2287,56.0,16.0,,,,-0.182
355929,2020-06-27,Alexandria city,Virginia,51510.0,2303,57.0,16.0,,,,-0.163
355930,2020-06-28,Alexandria city,Virginia,51510.0,2312,57.0,9.0,,,,-0.184
355931,2020-06-29,Alexandria city,Virginia,51510.0,2317,57.0,5.0,,,,-0.20200001
355932,2020-06-30,Alexandria city,Virginia,51510.0,2325,57.0,8.0,,,,-0.20200001
355933,2020-07-01,Alexandria city,Virginia,51510.0,2325,57.0,0.0,,,,-0.19
355934,2020-07-02,Alexandria city,Virginia,51510.0,2327,57.0,2.0,,,,-0.20800000000000002
355935,2020-07-03,Alexandria city,Virginia,51510.0,2338,57.0,11.0,,,,-0.23899999
355936,2020-07-04,Alexandria city,Virginia,51510.0,2357,57.0,19.0,,,,-0.22899999999999998
355937,2020-07-05,Alexandria city,Virginia,51510.0,2376,57.0,19.0,,,,-0.18799999
355938,2020-07-06,Alexandria city,Virginia,51510.0,2380,57.0,4.0,,,,-0.214
355939,2020-07-07,Alexandria city,Virginia,51510.0,2399,57.0,19.0,,,,-0.20999999
355940,2020-07-08,Alexandria city,Virginia,51510.0,2408,57.0,9.0,,,,-0.20299999
355941,2020-07-09,Alexandria city,Virginia,51510.0,2419,57.0,11.0,,,,-0.171
355942,2020-07-10,Alexandria city,Virginia,51510.0,2439,57.0,20.0,,,,-0.19699999999999998
355943,2020-07-11,Alexandria city,Virginia,51510.0,2453,57.0,14.0,,,,-0.205
355944,2020-07-12,Alexandria city,Virginia,51510.0,2455,57.0,2.0,,,,-0.16899999999999998
355945,2020-07-13,Alexandria city,Virginia,51510.0,2456,57.0,1.0,,,,-0.146
355946,2020-07-14,Alexandria city,Virginia,51510.0,2465,57.0,9.0,,,,-0.14300001
355947,2020-07-15,Alexandria city,Virginia,51510.0,2486,57.0,21.0,,,,-0.162
355948,2020-07-16,Alexandria city,Virginia,51510.0,2507,56.0,21.0,,,,-0.171
355949,2020-07-17,Alexandria city,Virginia,51510.0,2523,56.0,16.0,,,,-0.152
355950,2020-07-18,Alexandria city,Virginia,51510.0,2540,56.0,17.0,,,,-0.145
355951,2020-07-19,Alexandria city,Virginia,51510.0,2547,56.0,7.0,,,,-0.14
355952,2020-07-20,Alexandria city,Virginia,51510.0,2559,56.0,12.0,,,,-0.147
355953,2020-07-21,Alexandria city,Virginia,51510.0,2582,56.0,23.0,,,,-0.191
355954,2020-07-22,Alexandria city,Virginia,51510.0,2618,56.0,36.0,,,,-0.19899999999999998
355955,2020-07-23,Alexandria city,Virginia,51510.0,2639,56.0,21.0,,,,-0.19699999999999998
355956,2020-07-24,Alexandria city,Virginia,51510.0,2662,56.0,23.0,,,,-0.21799999
355957,2020-07-25,Alexandria city,Virginia,51510.0,2687,57.0,25.0,,,,-0.21600001
355958,2020-07-26,Alexandria city,Virginia,51510.0,2695,57.0,8.0,,,,-0.18000001
355959,2020-07-27,Alexandria city,Virginia,51510.0,2735,57.0,40.0,,,,-0.153
355960,2020-07-28,Alexandria city,Virginia,51510.0,2749,57.0,14.0,,,,-0.15899999
355961,2020-07-29,Alexandria city,Virginia,51510.0,2759,57.0,10.0,,,,-0.145
355962,2020-07-30,Alexandria city,Virginia,51510.0,2779,57.0,20.0,,,,-0.10800000000000001
355963,2020-07-31,Alexandria city,Virginia,51510.0,2798,58.0,19.0,,,,-0.0647
355964,2020-08-01,Alexandria city,Virginia,51510.0,2811,59.0,13.0,,,,-0.087200001
355965,2020-08-02,Alexandria city,Virginia,51510.0,2820,59.0,9.0,,,,-0.124
355966,2020-08-03,Alexandria city,Virginia,51510.0,2844,59.0,24.0,,,,-0.156
355967,2020-08-04,Alexandria city,Virginia,51510.0,2867,60.0,23.0,,,,-0.14800000000000002
355968,2020-08-05,Alexandria city,Virginia,51510.0,2872,60.0,5.0,,,,-0.146
355969,2020-08-06,Alexandria city,Virginia,51510.0,2887,60.0,15.0,,,,-0.17299999
355970,2020-08-07,Alexandria city,Virginia,51510.0,2917,60.0,30.0,,,,-0.20999999
355971,2020-08-08,Alexandria city,Virginia,51510.0,2949,60.0,32.0,,,,-0.215
355972,2020-08-09,Alexandria city,Virginia,51510.0,2964,60.0,15.0,,,,-0.18899999999999997
355973,2020-08-10,Alexandria city,Virginia,51510.0,2976,60.0,12.0,,,,-0.127
355974,2020-08-11,Alexandria city,Virginia,51510.0,2995,60.0,19.0,,,,-0.109
355975,2020-08-12,Alexandria city,Virginia,51510.0,3014,60.0,19.0,,,,-0.152
355976,2020-08-13,Alexandria city,Virginia,51510.0,3020,60.0,6.0,,,,-0.154
355977,2020-08-14,Alexandria city,Virginia,51510.0,3050,61.0,30.0,,,,-0.111
355978,2020-08-15,Alexandria city,Virginia,51510.0,3082,61.0,32.0,,,,-0.102
355979,2020-08-16,Alexandria city,Virginia,51510.0,3104,61.0,22.0,,,,-0.11800000000000001
355980,2020-08-17,Alexandria city,Virginia,51510.0,3130,61.0,26.0,,,,-0.16500001
355981,2020-08-18,Alexandria city,Virginia,51510.0,3146,61.0,16.0,,,,-0.20100001
355982,2020-08-19,Alexandria city,Virginia,51510.0,3165,61.0,19.0,,,,-0.16699999999999998
355983,2020-08-20,Alexandria city,Virginia,51510.0,3186,61.0,21.0,,,,-0.14399999
355984,2020-08-21,Alexandria city,Virginia,51510.0,3203,61.0,17.0,,,,-0.152
355985,2020-08-22,Alexandria city,Virginia,51510.0,3238,61.0,35.0,,,,-0.139
355986,2020-08-23,Alexandria city,Virginia,51510.0,3257,61.0,19.0,,,,-0.145
355987,2020-08-24,Alexandria city,Virginia,51510.0,3270,61.0,13.0,,,,-0.11800000000000001
355988,2020-08-25,Alexandria city,Virginia,51510.0,3309,61.0,39.0,,,,-0.086000003
355989,2020-08-26,Alexandria city,Virginia,51510.0,3324,61.0,15.0,,,,-0.0902
355990,2020-08-27,Alexandria city,Virginia,51510.0,3333,61.0,9.0,,,,-0.09809999900000001
355991,2020-08-28,Alexandria city,Virginia,51510.0,3352,64.0,19.0,,,,-0.059099998
355992,2020-08-29,Alexandria city,Virginia,51510.0,3358,62.0,6.0,,,,-0.05739999900000001
355993,2020-08-30,Alexandria city,Virginia,51510.0,3369,62.0,11.0,,,,-0.10099999999999999
355994,2020-08-31,Alexandria city,Virginia,51510.0,3378,62.0,9.0,,,,-0.067699999
355995,2020-09-01,Alexandria city,Virginia,51510.0,3395,62.0,17.0,,,,-0.0027300001000000003
355996,2020-09-02,Alexandria city,Virginia,51510.0,3415,62.0,20.0,,,,-0.0222
355997,2020-09-03,Alexandria city,Virginia,51510.0,3436,62.0,21.0,,,,-0.040600002
355998,2020-09-04,Alexandria city,Virginia,51510.0,3459,62.0,23.0,,,,-0.068499997
355999,2020-09-05,Alexandria city,Virginia,51510.0,3476,62.0,17.0,,,,-0.049600001
356000,2020-09-06,Alexandria city,Virginia,51510.0,3500,62.0,24.0,,,,-0.034200002
356001,2020-09-07,Alexandria city,Virginia,51510.0,3511,62.0,11.0,,,,-0.05840000099999999
356002,2020-09-08,Alexandria city,Virginia,51510.0,3527,62.0,16.0,,,,-0.16599999
356003,2020-09-09,Alexandria city,Virginia,51510.0,3546,62.0,19.0,,,,-0.092900001
356004,2020-09-10,Alexandria city,Virginia,51510.0,3558,62.0,12.0,,,,-0.16899999999999998
356005,2020-09-11,Alexandria city,Virginia,51510.0,3577,62.0,19.0,,,,-0.19499999
356006,2020-09-12,Alexandria city,Virginia,51510.0,3594,62.0,17.0,,,,-0.192
356007,2020-09-13,Alexandria city,Virginia,51510.0,3602,62.0,8.0,,,,-0.204
356008,2020-09-14,Alexandria city,Virginia,51510.0,3613,62.0,11.0,,,,-0.215
356009,2020-09-15,Alexandria city,Virginia,51510.0,3615,65.0,2.0,,,,-0.21600001
356010,2020-09-16,Alexandria city,Virginia,51510.0,3628,66.0,13.0,,,,-0.25
356011,2020-09-17,Alexandria city,Virginia,51510.0,3649,66.0,21.0,,,,-0.15099999
356012,2020-09-18,Alexandria city,Virginia,51510.0,3671,67.0,22.0,,,,-0.131
356013,2020-09-19,Alexandria city,Virginia,51510.0,3684,68.0,13.0,,,,-0.132
356014,2020-09-20,Alexandria city,Virginia,51510.0,3696,68.0,12.0,,,,-0.111
356015,2020-09-21,Alexandria city,Virginia,51510.0,3716,68.0,20.0,,,,-0.15800001
356016,2020-09-22,Alexandria city,Virginia,51510.0,3727,68.0,11.0,,,,-0.162
356017,2020-09-23,Alexandria city,Virginia,51510.0,3741,68.0,14.0,,,,-0.099699996
356018,2020-09-24,Alexandria city,Virginia,51510.0,3761,69.0,20.0,,,,-0.083300002
356019,2020-09-25,Alexandria city,Virginia,51510.0,3780,69.0,19.0,,,,-0.094999999
356020,2020-09-26,Alexandria city,Virginia,51510.0,3804,69.0,24.0,,,,-0.082199998
356021,2020-09-27,Alexandria city,Virginia,51510.0,3814,69.0,10.0,,,,-0.11800000000000001
356022,2020-09-28,Alexandria city,Virginia,51510.0,3825,69.0,11.0,,,,-0.11
356023,2020-09-29,Alexandria city,Virginia,51510.0,3841,69.0,16.0,,,,-0.10300000000000001
356024,2020-09-30,Alexandria city,Virginia,51510.0,3852,69.0,11.0,,,,-0.11900000000000001
356025,2020-10-01,Alexandria city,Virginia,51510.0,3859,69.0,7.0,,,,-0.14800000000000002
356026,2020-10-02,Alexandria city,Virginia,51510.0,3873,69.0,14.0,,,,-0.15000001
356027,2020-10-03,Alexandria city,Virginia,51510.0,3893,70.0,20.0,,,,-0.17299999
356028,2020-10-04,Alexandria city,Virginia,51510.0,3912,70.0,19.0,,,,-0.14800000000000002
356029,2020-10-05,Alexandria city,Virginia,51510.0,3927,70.0,15.0,,,,-0.10400000000000001
356030,2020-10-06,Alexandria city,Virginia,51510.0,3932,71.0,5.0,,,,-0.102
356031,2020-10-07,Alexandria city,Virginia,51510.0,3938,71.0,6.0,,,,-0.132
356032,2020-10-08,Alexandria city,Virginia,51510.0,3961,73.0,23.0,,,,-0.070799999
356033,2020-10-09,Alexandria city,Virginia,51510.0,3977,73.0,16.0,,,,-0.0284
356034,2020-10-10,Alexandria city,Virginia,51510.0,4009,73.0,32.0,,,,-0.0669
356035,2020-10-11,Alexandria city,Virginia,51510.0,4027,73.0,18.0,,,,-0.066
356036,2020-10-12,Alexandria city,Virginia,51510.0,4032,73.0,5.0,,,,-0.082199998
356037,2020-10-13,Alexandria city,Virginia,51510.0,4045,73.0,13.0,,,,-0.095799997
356038,2020-10-14,Alexandria city,Virginia,51510.0,4057,73.0,12.0,,,,-0.09260000300000001
356039,2020-10-15,Alexandria city,Virginia,51510.0,4077,73.0,20.0,,,,-0.10400000000000001
356040,2020-10-16,Alexandria city,Virginia,51510.0,4086,74.0,9.0,,,,-0.161
356041,2020-10-17,Alexandria city,Virginia,51510.0,4104,74.0,18.0,,,,-0.152
356042,2020-10-18,Alexandria city,Virginia,51510.0,4117,74.0,13.0,,,,-0.14800000000000002
356043,2020-10-19,Alexandria city,Virginia,51510.0,4123,75.0,6.0,,,,-0.15800001
356044,2020-10-20,Alexandria city,Virginia,51510.0,4133,75.0,10.0,,,,-0.13500001
356045,2020-10-21,Alexandria city,Virginia,51510.0,4144,75.0,11.0,,,,-0.127
356046,2020-10-22,Alexandria city,Virginia,51510.0,4162,75.0,18.0,,,,-0.15700001
356047,2020-10-23,Alexandria city,Virginia,51510.0,4179,75.0,17.0,,,,-0.14399999
356048,2020-10-24,Alexandria city,Virginia,51510.0,4200,74.0,21.0,,,,-0.0832
356049,2020-10-25,Alexandria city,Virginia,51510.0,4216,74.0,16.0,,,,-0.081600003
356050,2020-10-26,Alexandria city,Virginia,51510.0,4230,74.0,14.0,,,,-0.11
356051,2020-10-27,Alexandria city,Virginia,51510.0,4248,74.0,18.0,,,,-0.142
356052,2020-10-28,Alexandria city,Virginia,51510.0,4269,74.0,21.0,,,,-0.156
356053,2020-10-29,Alexandria city,Virginia,51510.0,4285,74.0,16.0,,,,-0.111
356054,2020-10-30,Alexandria city,Virginia,51510.0,4303,74.0,18.0,,,,-0.093699999
356055,2020-10-31,Alexandria city,Virginia,51510.0,4337,74.0,34.0,,,,-0.122
356056,2020-11-01,Alexandria city,Virginia,51510.0,4349,74.0,12.0,,,,-0.131
356057,2020-11-02,Alexandria city,Virginia,51510.0,4363,74.0,14.0,,,,-0.09440000400000001
356058,2020-11-03,Alexandria city,Virginia,51510.0,4377,74.0,14.0,,,,-0.0583
356059,2020-11-04,Alexandria city,Virginia,51510.0,4391,74.0,14.0,,,,-0.0823
356060,2020-11-05,Alexandria city,Virginia,51510.0,4413,76.0,22.0,,,,-0.131
356061,2020-11-06,Alexandria city,Virginia,51510.0,4444,76.0,31.0,,,,-0.13600001
356062,2020-11-07,Alexandria city,Virginia,51510.0,4481,76.0,37.0,,,,-0.142
356063,2020-11-08,Alexandria city,Virginia,51510.0,4499,76.0,18.0,,,,-0.17
356064,2020-11-09,Alexandria city,Virginia,51510.0,4517,76.0,18.0,,,,-0.18799999
356065,2020-11-10,Alexandria city,Virginia,51510.0,4533,76.0,16.0,,,,-0.18799999
356066,2020-11-11,Alexandria city,Virginia,51510.0,4559,76.0,26.0,,,,-0.12899999
356067,2020-11-12,Alexandria city,Virginia,51510.0,4578,76.0,19.0,,,,-0.114
356068,2020-11-13,Alexandria city,Virginia,51510.0,4602,76.0,24.0,,,,-0.11599999999999999
356069,2020-11-14,Alexandria city,Virginia,51510.0,4619,76.0,17.0,,,,-0.12300000000000001
356070,2020-11-15,Alexandria city,Virginia,51510.0,4635,76.0,16.0,,,,-0.09920000300000001
356071,2020-11-16,Alexandria city,Virginia,51510.0,4698,76.0,63.0,,,,-0.054499999
356072,2020-11-17,Alexandria city,Virginia,51510.0,4726,76.0,28.0,,,,-0.07150000299999999
356073,2020-11-18,Alexandria city,Virginia,51510.0,4768,76.0,42.0,,,,-0.066399999
356074,2020-11-19,Alexandria city,Virginia,51510.0,4797,77.0,29.0,,,,-0.075000003
356075,2020-11-20,Alexandria city,Virginia,51510.0,4831,77.0,34.0,,,,-0.070699997
356076,2020-11-21,Alexandria city,Virginia,51510.0,4882,77.0,51.0,,,,-0.0612
356077,2020-11-22,Alexandria city,Virginia,51510.0,4935,77.0,53.0,,,,-0.040800001
