,date,county,state,fips,cases,deaths,new_cases,emp_combined,emp_combined_inclow,revenue_all,spend_all
357262,2020-03-26,Hampton city,Virginia,51650.0,1,0.0,0.0,,,,-0.27000001
357263,2020-03-27,Hampton city,Virginia,51650.0,5,0.0,4.0,,,,-0.31799999
357264,2020-03-28,Hampton city,Virginia,51650.0,7,0.0,2.0,,,,-0.32100001
357265,2020-03-29,Hampton city,Virginia,51650.0,7,0.0,0.0,,,,-0.34
357266,2020-03-30,Hampton city,Virginia,51650.0,9,0.0,2.0,,,,-0.35200000000000004
357267,2020-03-31,Hampton city,Virginia,51650.0,13,0.0,4.0,,,,-0.35100001
357268,2020-04-01,Hampton city,Virginia,51650.0,14,0.0,1.0,,,,-0.30000001
357269,2020-04-02,Hampton city,Virginia,51650.0,16,0.0,2.0,,,,-0.26899999
357270,2020-04-03,Hampton city,Virginia,51650.0,29,0.0,13.0,,,,-0.24100000000000002
357271,2020-04-04,Hampton city,Virginia,51650.0,39,0.0,10.0,,,,-0.266
357272,2020-04-05,Hampton city,Virginia,51650.0,40,0.0,1.0,,,,-0.24600001
357273,2020-04-06,Hampton city,Virginia,51650.0,41,0.0,1.0,,,,-0.23800001
357274,2020-04-07,Hampton city,Virginia,51650.0,43,1.0,2.0,,,,-0.21699999
357275,2020-04-08,Hampton city,Virginia,51650.0,53,1.0,10.0,,,,-0.226
357276,2020-04-09,Hampton city,Virginia,51650.0,53,1.0,0.0,,,,-0.237
357277,2020-04-10,Hampton city,Virginia,51650.0,62,1.0,9.0,,,,-0.244
357278,2020-04-11,Hampton city,Virginia,51650.0,64,1.0,2.0,,,,-0.193
357279,2020-04-12,Hampton city,Virginia,51650.0,65,1.0,1.0,,,,-0.23100001
357280,2020-04-13,Hampton city,Virginia,51650.0,72,1.0,7.0,,,,-0.213
357281,2020-04-14,Hampton city,Virginia,51650.0,73,1.0,1.0,,,,-0.23
357282,2020-04-15,Hampton city,Virginia,51650.0,75,1.0,2.0,,,,-0.26899999
357283,2020-04-16,Hampton city,Virginia,51650.0,77,1.0,2.0,,,,-0.19899999999999998
357284,2020-04-17,Hampton city,Virginia,51650.0,78,1.0,1.0,,,,-0.163
357285,2020-04-18,Hampton city,Virginia,51650.0,79,1.0,1.0,,,,-0.2
357286,2020-04-19,Hampton city,Virginia,51650.0,83,1.0,4.0,,,,-0.14800000000000002
357287,2020-04-20,Hampton city,Virginia,51650.0,90,1.0,7.0,,,,-0.13
357288,2020-04-21,Hampton city,Virginia,51650.0,92,1.0,2.0,,,,-0.107
357289,2020-04-22,Hampton city,Virginia,51650.0,97,1.0,5.0,,,,-0.068899997
357290,2020-04-23,Hampton city,Virginia,51650.0,99,1.0,2.0,,,,-0.059000000000000004
357291,2020-04-24,Hampton city,Virginia,51650.0,99,1.0,0.0,,,,-0.08550000199999999
357292,2020-04-25,Hampton city,Virginia,51650.0,101,1.0,2.0,,,,-0.0845
357293,2020-04-26,Hampton city,Virginia,51650.0,104,1.0,3.0,,,,-0.094099998
357294,2020-04-27,Hampton city,Virginia,51650.0,108,1.0,4.0,,,,-0.07620000099999999
357295,2020-04-28,Hampton city,Virginia,51650.0,108,1.0,0.0,,,,-0.07829999900000001
357296,2020-04-29,Hampton city,Virginia,51650.0,109,1.0,1.0,,,,-0.102
357297,2020-04-30,Hampton city,Virginia,51650.0,115,1.0,6.0,,,,-0.156
357298,2020-05-01,Hampton city,Virginia,51650.0,119,1.0,4.0,,,,-0.127
357299,2020-05-02,Hampton city,Virginia,51650.0,122,1.0,3.0,,,,-0.11800000000000001
357300,2020-05-03,Hampton city,Virginia,51650.0,123,1.0,1.0,,,,-0.114
357301,2020-05-04,Hampton city,Virginia,51650.0,128,1.0,5.0,,,,-0.09539999800000001
357302,2020-05-05,Hampton city,Virginia,51650.0,128,3.0,0.0,,,,-0.0634
357303,2020-05-06,Hampton city,Virginia,51650.0,128,3.0,0.0,,,,-0.06570000200000001
357304,2020-05-07,Hampton city,Virginia,51650.0,131,3.0,3.0,,,,-0.067699999
357305,2020-05-08,Hampton city,Virginia,51650.0,135,3.0,4.0,,,,-0.073600002
357306,2020-05-09,Hampton city,Virginia,51650.0,138,3.0,3.0,,,,-0.067500003
357307,2020-05-10,Hampton city,Virginia,51650.0,144,3.0,6.0,,,,-0.07819999799999999
357308,2020-05-11,Hampton city,Virginia,51650.0,146,3.0,2.0,,,,-0.114
357309,2020-05-12,Hampton city,Virginia,51650.0,147,3.0,1.0,,,,-0.134
357310,2020-05-13,Hampton city,Virginia,51650.0,148,3.0,1.0,,,,-0.115
357311,2020-05-14,Hampton city,Virginia,51650.0,156,3.0,8.0,,,,-0.078599997
357312,2020-05-15,Hampton city,Virginia,51650.0,158,3.0,2.0,,,,-0.043499999000000004
357313,2020-05-16,Hampton city,Virginia,51650.0,158,3.0,0.0,,,,-0.0537
357314,2020-05-17,Hampton city,Virginia,51650.0,161,3.0,3.0,,,,-0.0277
357315,2020-05-18,Hampton city,Virginia,51650.0,163,3.0,2.0,,,,-0.0052499999
357316,2020-05-19,Hampton city,Virginia,51650.0,164,3.0,1.0,,,,-0.0196
357317,2020-05-20,Hampton city,Virginia,51650.0,165,3.0,1.0,,,,-0.05739999900000001
357318,2020-05-21,Hampton city,Virginia,51650.0,167,3.0,2.0,,,,-0.066399999
357319,2020-05-22,Hampton city,Virginia,51650.0,169,3.0,2.0,,,,-0.11699999999999999
357320,2020-05-23,Hampton city,Virginia,51650.0,172,3.0,3.0,,,,-0.107
357321,2020-05-24,Hampton city,Virginia,51650.0,174,3.0,2.0,,,,-0.11199999999999999
357322,2020-05-25,Hampton city,Virginia,51650.0,181,3.0,7.0,,,,-0.0735
357323,2020-05-26,Hampton city,Virginia,51650.0,183,3.0,2.0,,,,-0.12800001
357324,2020-05-27,Hampton city,Virginia,51650.0,183,3.0,0.0,,,,-0.11800000000000001
357325,2020-05-28,Hampton city,Virginia,51650.0,190,3.0,7.0,,,,-0.10800000000000001
357326,2020-05-29,Hampton city,Virginia,51650.0,192,3.0,2.0,,,,-0.048599999000000005
357327,2020-05-30,Hampton city,Virginia,51650.0,197,3.0,5.0,,,,-0.034000002
357328,2020-05-31,Hampton city,Virginia,51650.0,207,3.0,10.0,,,,-0.040199999
357329,2020-06-01,Hampton city,Virginia,51650.0,210,3.0,3.0,,,,-0.030999999
357330,2020-06-02,Hampton city,Virginia,51650.0,212,3.0,2.0,,,,0.00125
357331,2020-06-03,Hampton city,Virginia,51650.0,212,3.0,0.0,,,,0.0614
357332,2020-06-04,Hampton city,Virginia,51650.0,214,4.0,2.0,,,,0.056899998
357333,2020-06-05,Hampton city,Virginia,51650.0,215,4.0,1.0,,,,0.016799999
357334,2020-06-06,Hampton city,Virginia,51650.0,215,4.0,0.0,,,,-0.0111
357335,2020-06-07,Hampton city,Virginia,51650.0,226,4.0,11.0,,,,0.0079500005
357336,2020-06-08,Hampton city,Virginia,51650.0,227,4.0,1.0,,,,0.0009650000099999999
357337,2020-06-09,Hampton city,Virginia,51650.0,228,4.0,1.0,,,,-0.0087000001
357338,2020-06-10,Hampton city,Virginia,51650.0,231,5.0,3.0,,,,-0.0043199998
357339,2020-06-11,Hampton city,Virginia,51650.0,233,5.0,2.0,,,,0.0189
357340,2020-06-12,Hampton city,Virginia,51650.0,234,5.0,1.0,,,,0.0199
357341,2020-06-13,Hampton city,Virginia,51650.0,234,5.0,0.0,,,,0.0309
357342,2020-06-14,Hampton city,Virginia,51650.0,238,5.0,4.0,,,,0.016799999
357343,2020-06-15,Hampton city,Virginia,51650.0,241,5.0,3.0,,,,0.022299998999999997
357344,2020-06-16,Hampton city,Virginia,51650.0,246,5.0,5.0,,,,0.0112
357345,2020-06-17,Hampton city,Virginia,51650.0,248,5.0,2.0,,,,-0.0298
357346,2020-06-18,Hampton city,Virginia,51650.0,251,5.0,3.0,,,,-0.042100001
357347,2020-06-19,Hampton city,Virginia,51650.0,252,5.0,1.0,,,,-0.050299998
357348,2020-06-20,Hampton city,Virginia,51650.0,258,5.0,6.0,,,,-0.029300001000000003
357349,2020-06-21,Hampton city,Virginia,51650.0,264,5.0,6.0,,,,-0.0134
357350,2020-06-22,Hampton city,Virginia,51650.0,271,5.0,7.0,,,,-0.0253
357351,2020-06-23,Hampton city,Virginia,51650.0,271,5.0,0.0,,,,-0.034499998999999996
357352,2020-06-24,Hampton city,Virginia,51650.0,276,5.0,5.0,,,,-0.0126
357353,2020-06-25,Hampton city,Virginia,51650.0,281,5.0,5.0,,,,-0.035300002000000004
357354,2020-06-26,Hampton city,Virginia,51650.0,296,5.0,15.0,,,,-0.0020800000000000003
357355,2020-06-27,Hampton city,Virginia,51650.0,305,5.0,9.0,,,,-0.030200001
357356,2020-06-28,Hampton city,Virginia,51650.0,310,5.0,5.0,,,,-0.067400001
357357,2020-06-29,Hampton city,Virginia,51650.0,316,5.0,6.0,,,,-0.0572
357358,2020-06-30,Hampton city,Virginia,51650.0,328,5.0,12.0,,,,-0.058699999
357359,2020-07-01,Hampton city,Virginia,51650.0,336,5.0,8.0,,,,-0.035700001
357360,2020-07-02,Hampton city,Virginia,51650.0,339,5.0,3.0,,,,-0.0091399997
357361,2020-07-03,Hampton city,Virginia,51650.0,354,5.0,15.0,,,,-0.0115
357362,2020-07-04,Hampton city,Virginia,51650.0,360,5.0,6.0,,,,-0.0037700001
357363,2020-07-05,Hampton city,Virginia,51650.0,369,5.0,9.0,,,,0.0143
357364,2020-07-06,Hampton city,Virginia,51650.0,376,5.0,7.0,,,,-0.0081099998
357365,2020-07-07,Hampton city,Virginia,51650.0,390,5.0,14.0,,,,0.00025000001
357366,2020-07-08,Hampton city,Virginia,51650.0,409,5.0,19.0,,,,0.0164
357367,2020-07-09,Hampton city,Virginia,51650.0,424,4.0,15.0,,,,0.0064900001
357368,2020-07-10,Hampton city,Virginia,51650.0,454,4.0,30.0,,,,-0.005650000200000001
357369,2020-07-11,Hampton city,Virginia,51650.0,469,4.0,15.0,,,,-0.0119
357370,2020-07-12,Hampton city,Virginia,51650.0,488,4.0,19.0,,,,0.0116
357371,2020-07-13,Hampton city,Virginia,51650.0,544,4.0,56.0,,,,0.0129
357372,2020-07-14,Hampton city,Virginia,51650.0,568,4.0,24.0,,,,-0.00012500001
357373,2020-07-15,Hampton city,Virginia,51650.0,592,4.0,24.0,,,,-0.0038799999999999998
357374,2020-07-16,Hampton city,Virginia,51650.0,607,4.0,15.0,,,,-0.0024300001
357375,2020-07-17,Hampton city,Virginia,51650.0,625,4.0,18.0,,,,-0.009379999699999999
357376,2020-07-18,Hampton city,Virginia,51650.0,645,4.0,20.0,,,,0.0098900003
357377,2020-07-19,Hampton city,Virginia,51650.0,701,4.0,56.0,,,,0.0207
357378,2020-07-20,Hampton city,Virginia,51650.0,723,4.0,22.0,,,,0.0232
357379,2020-07-21,Hampton city,Virginia,51650.0,751,4.0,28.0,,,,0.037900001
357380,2020-07-22,Hampton city,Virginia,51650.0,772,4.0,21.0,,,,0.0115
357381,2020-07-23,Hampton city,Virginia,51650.0,786,4.0,14.0,,,,0.013000000000000001
357382,2020-07-24,Hampton city,Virginia,51650.0,822,4.0,36.0,,,,0.0124
357383,2020-07-25,Hampton city,Virginia,51650.0,848,4.0,26.0,,,,0.028200001000000002
357384,2020-07-26,Hampton city,Virginia,51650.0,873,4.0,25.0,,,,0.013999999999999999
357385,2020-07-27,Hampton city,Virginia,51650.0,916,4.0,43.0,,,,0.040100001
357386,2020-07-28,Hampton city,Virginia,51650.0,938,4.0,22.0,,,,0.028200001000000002
357387,2020-07-29,Hampton city,Virginia,51650.0,963,4.0,25.0,,,,0.0112
357388,2020-07-30,Hampton city,Virginia,51650.0,973,5.0,10.0,,,,0.0146
357389,2020-07-31,Hampton city,Virginia,51650.0,1007,5.0,34.0,,,,-0.016000001
357390,2020-08-01,Hampton city,Virginia,51650.0,1009,5.0,2.0,,,,-0.034499998999999996
357391,2020-08-02,Hampton city,Virginia,51650.0,1048,5.0,39.0,,,,-0.045600000999999994
357392,2020-08-03,Hampton city,Virginia,51650.0,1070,5.0,22.0,,,,-0.0425
357393,2020-08-04,Hampton city,Virginia,51650.0,1103,7.0,33.0,,,,-0.0163
357394,2020-08-05,Hampton city,Virginia,51650.0,1129,7.0,26.0,,,,-0.0403
357395,2020-08-06,Hampton city,Virginia,51650.0,1131,7.0,2.0,,,,-0.0352
357396,2020-08-07,Hampton city,Virginia,51650.0,1173,7.0,42.0,,,,-0.0101
357397,2020-08-08,Hampton city,Virginia,51650.0,1210,7.0,37.0,,,,-0.023499999
357398,2020-08-09,Hampton city,Virginia,51650.0,1228,7.0,18.0,,,,-0.0052
357399,2020-08-10,Hampton city,Virginia,51650.0,1245,7.0,17.0,,,,-0.050500002
357400,2020-08-11,Hampton city,Virginia,51650.0,1257,7.0,12.0,,,,-0.081500001
357401,2020-08-12,Hampton city,Virginia,51650.0,1273,7.0,16.0,,,,-0.037300002
357402,2020-08-13,Hampton city,Virginia,51650.0,1291,7.0,18.0,,,,-0.067699999
357403,2020-08-14,Hampton city,Virginia,51650.0,1309,7.0,18.0,,,,-0.095899999
357404,2020-08-15,Hampton city,Virginia,51650.0,1321,9.0,12.0,,,,-0.045899998
357405,2020-08-16,Hampton city,Virginia,51650.0,1337,9.0,16.0,,,,-0.11599999999999999
357406,2020-08-17,Hampton city,Virginia,51650.0,1349,9.0,12.0,,,,-0.121
357407,2020-08-18,Hampton city,Virginia,51650.0,1362,9.0,13.0,,,,-0.063699998
357408,2020-08-19,Hampton city,Virginia,51650.0,1377,9.0,15.0,,,,-0.00758
357409,2020-08-20,Hampton city,Virginia,51650.0,1388,9.0,11.0,,,,-0.0188
357410,2020-08-21,Hampton city,Virginia,51650.0,1417,10.0,29.0,,,,-0.0076100002000000005
357411,2020-08-22,Hampton city,Virginia,51650.0,1437,10.0,20.0,,,,0.0295
357412,2020-08-23,Hampton city,Virginia,51650.0,1454,11.0,17.0,,,,0.066399999
357413,2020-08-24,Hampton city,Virginia,51650.0,1463,11.0,9.0,,,,0.038800001
357414,2020-08-25,Hampton city,Virginia,51650.0,1474,15.0,11.0,,,,-0.0059299999999999995
357415,2020-08-26,Hampton city,Virginia,51650.0,1483,15.0,9.0,,,,-0.0128
357416,2020-08-27,Hampton city,Virginia,51650.0,1505,15.0,22.0,,,,-0.0022100001
357417,2020-08-28,Hampton city,Virginia,51650.0,1519,16.0,14.0,,,,0.0076299999
357418,2020-08-29,Hampton city,Virginia,51650.0,1529,16.0,10.0,,,,-0.032000002
357419,2020-08-30,Hampton city,Virginia,51650.0,1542,16.0,13.0,,,,-0.062600002
357420,2020-08-31,Hampton city,Virginia,51650.0,1554,16.0,12.0,,,,-0.0228
357421,2020-09-01,Hampton city,Virginia,51650.0,1562,16.0,8.0,,,,-0.0682
357422,2020-09-02,Hampton city,Virginia,51650.0,1570,16.0,8.0,,,,-0.031099999
357423,2020-09-03,Hampton city,Virginia,51650.0,1589,16.0,19.0,,,,0.0156
357424,2020-09-04,Hampton city,Virginia,51650.0,1603,16.0,14.0,,,,0.026799998999999998
357425,2020-09-05,Hampton city,Virginia,51650.0,1614,16.0,11.0,,,,0.032499999
357426,2020-09-06,Hampton city,Virginia,51650.0,1628,16.0,14.0,,,,0.102
357427,2020-09-07,Hampton city,Virginia,51650.0,1629,16.0,1.0,,,,0.086000003
357428,2020-09-08,Hampton city,Virginia,51650.0,1651,16.0,22.0,,,,0.07
357429,2020-09-09,Hampton city,Virginia,51650.0,1661,16.0,10.0,,,,0.127
357430,2020-09-10,Hampton city,Virginia,51650.0,1687,16.0,26.0,,,,0.091499999
357431,2020-09-11,Hampton city,Virginia,51650.0,1690,16.0,3.0,,,,0.060699999000000004
357432,2020-09-12,Hampton city,Virginia,51650.0,1706,17.0,16.0,,,,0.050700000999999995
357433,2020-09-13,Hampton city,Virginia,51650.0,1714,17.0,8.0,,,,-0.0095899999
357434,2020-09-14,Hampton city,Virginia,51650.0,1723,17.0,9.0,,,,0.00036400001
357435,2020-09-15,Hampton city,Virginia,51650.0,1730,19.0,7.0,,,,-0.0535
357436,2020-09-16,Hampton city,Virginia,51650.0,1736,20.0,6.0,,,,-0.063600004
357437,2020-09-17,Hampton city,Virginia,51650.0,1748,20.0,12.0,,,,-0.0031099999
357438,2020-09-18,Hampton city,Virginia,51650.0,1761,21.0,13.0,,,,0.052999999000000006
357439,2020-09-19,Hampton city,Virginia,51650.0,1768,21.0,7.0,,,,0.046500001
357440,2020-09-20,Hampton city,Virginia,51650.0,1780,21.0,12.0,,,,0.0601
357441,2020-09-21,Hampton city,Virginia,51650.0,1782,21.0,2.0,,,,0.052900000999999995
357442,2020-09-22,Hampton city,Virginia,51650.0,1789,21.0,7.0,,,,0.0447
357443,2020-09-23,Hampton city,Virginia,51650.0,1793,24.0,4.0,,,,0.0447
357444,2020-09-24,Hampton city,Virginia,51650.0,1800,24.0,7.0,,,,0.047800000999999995
357445,2020-09-25,Hampton city,Virginia,51650.0,1803,24.0,3.0,,,,0.0151
357446,2020-09-26,Hampton city,Virginia,51650.0,1809,24.0,6.0,,,,0.040199999
357447,2020-09-27,Hampton city,Virginia,51650.0,1819,24.0,10.0,,,,0.051100001
357448,2020-09-28,Hampton city,Virginia,51650.0,1827,26.0,8.0,,,,0.046599999
357449,2020-09-29,Hampton city,Virginia,51650.0,1837,26.0,10.0,,,,0.037900001
357450,2020-09-30,Hampton city,Virginia,51650.0,1846,27.0,9.0,,,,0.046599999
357451,2020-10-01,Hampton city,Virginia,51650.0,1851,27.0,5.0,,,,0.0134
357452,2020-10-02,Hampton city,Virginia,51650.0,1859,27.0,8.0,,,,0.0124
357453,2020-10-03,Hampton city,Virginia,51650.0,1871,27.0,12.0,,,,-0.00126
357454,2020-10-04,Hampton city,Virginia,51650.0,1883,27.0,12.0,,,,-0.0232
357455,2020-10-05,Hampton city,Virginia,51650.0,1889,27.0,6.0,,,,0.0087400004
357456,2020-10-06,Hampton city,Virginia,51650.0,1896,27.0,7.0,,,,0.00278
357457,2020-10-07,Hampton city,Virginia,51650.0,1899,27.0,3.0,,,,-0.0296
357458,2020-10-08,Hampton city,Virginia,51650.0,1923,27.0,24.0,,,,-0.035999998
357459,2020-10-09,Hampton city,Virginia,51650.0,1940,27.0,17.0,,,,-0.04410000099999999
357460,2020-10-10,Hampton city,Virginia,51650.0,1952,27.0,12.0,,,,-0.0438
357461,2020-10-11,Hampton city,Virginia,51650.0,1959,27.0,7.0,,,,-0.0265
357462,2020-10-12,Hampton city,Virginia,51650.0,1962,27.0,3.0,,,,0.0106
357463,2020-10-13,Hampton city,Virginia,51650.0,1972,28.0,10.0,,,,-0.024900001
357464,2020-10-14,Hampton city,Virginia,51650.0,1983,28.0,11.0,,,,-0.0594
357465,2020-10-15,Hampton city,Virginia,51650.0,2004,28.0,21.0,,,,-0.0263
357466,2020-10-16,Hampton city,Virginia,51650.0,2018,29.0,14.0,,,,-0.0261
357467,2020-10-17,Hampton city,Virginia,51650.0,2025,29.0,7.0,,,,0.0038399999
357468,2020-10-18,Hampton city,Virginia,51650.0,2033,29.0,8.0,,,,0.000455
357469,2020-10-19,Hampton city,Virginia,51650.0,2039,31.0,6.0,,,,-0.0142
357470,2020-10-20,Hampton city,Virginia,51650.0,2058,32.0,19.0,,,,-0.0121
357471,2020-10-21,Hampton city,Virginia,51650.0,2064,32.0,6.0,,,,0.0166
357472,2020-10-22,Hampton city,Virginia,51650.0,2071,32.0,7.0,,,,0.0317
357473,2020-10-23,Hampton city,Virginia,51650.0,2079,32.0,8.0,,,,0.068700001
357474,2020-10-24,Hampton city,Virginia,51650.0,2090,32.0,11.0,,,,0.059999999000000005
357475,2020-10-25,Hampton city,Virginia,51650.0,2100,32.0,10.0,,,,0.08519999699999999
357476,2020-10-26,Hampton city,Virginia,51650.0,2102,32.0,2.0,,,,0.04309999900000001
357477,2020-10-27,Hampton city,Virginia,51650.0,2109,32.0,7.0,,,,0.095299996
357478,2020-10-28,Hampton city,Virginia,51650.0,2125,32.0,16.0,,,,0.0625
357479,2020-10-29,Hampton city,Virginia,51650.0,2138,32.0,13.0,,,,-0.0085100001
357480,2020-10-30,Hampton city,Virginia,51650.0,2147,32.0,9.0,,,,-0.0319
357481,2020-10-31,Hampton city,Virginia,51650.0,2163,33.0,16.0,,,,-0.053399999000000004
357482,2020-11-01,Hampton city,Virginia,51650.0,2199,33.0,36.0,,,,-0.0788
357483,2020-11-02,Hampton city,Virginia,51650.0,2202,33.0,3.0,,,,-0.094499998
357484,2020-11-03,Hampton city,Virginia,51650.0,2215,33.0,13.0,,,,-0.146
357485,2020-11-04,Hampton city,Virginia,51650.0,2223,33.0,8.0,,,,-0.11199999999999999
357486,2020-11-05,Hampton city,Virginia,51650.0,2226,33.0,3.0,,,,-0.066699997
357487,2020-11-06,Hampton city,Virginia,51650.0,2233,33.0,7.0,,,,-0.02
357488,2020-11-07,Hampton city,Virginia,51650.0,2263,34.0,30.0,,,,-0.046799999
357489,2020-11-08,Hampton city,Virginia,51650.0,2270,34.0,7.0,,,,-0.046799999
357490,2020-11-09,Hampton city,Virginia,51650.0,2278,34.0,8.0,,,,-0.0121
357491,2020-11-10,Hampton city,Virginia,51650.0,2289,34.0,11.0,,,,-0.0154
357492,2020-11-11,Hampton city,Virginia,51650.0,2313,34.0,24.0,,,,0.0084699998
357493,2020-11-12,Hampton city,Virginia,51650.0,2328,34.0,15.0,,,,-0.019300001
357494,2020-11-13,Hampton city,Virginia,51650.0,2344,34.0,16.0,,,,-0.0004980000099999999
357495,2020-11-14,Hampton city,Virginia,51650.0,2356,34.0,12.0,,,,-0.0068100002
357496,2020-11-15,Hampton city,Virginia,51650.0,2376,34.0,20.0,,,,0.0075300001
357497,2020-11-16,Hampton city,Virginia,51650.0,2432,34.0,56.0,,,,-0.0088299997
357498,2020-11-17,Hampton city,Virginia,51650.0,2442,34.0,10.0,,,,0.0039400002
357499,2020-11-18,Hampton city,Virginia,51650.0,2449,34.0,7.0,,,,0.00728
357500,2020-11-19,Hampton city,Virginia,51650.0,2481,34.0,32.0,,,,0.0153
357501,2020-11-20,Hampton city,Virginia,51650.0,2506,34.0,25.0,,,,-0.0085100001
357502,2020-11-21,Hampton city,Virginia,51650.0,2534,34.0,28.0,,,,-0.0055800001
357503,2020-11-22,Hampton city,Virginia,51650.0,2575,34.0,41.0,,,,-0.0125
