,date,county,state,fips,cases,deaths,new_cases,emp_combined,emp_combined_inclow,revenue_all,spend_all
358930,2020-03-20,Portsmouth city,Virginia,51740.0,1,0.0,0.0,,,,-0.13600001
358931,2020-03-21,Portsmouth city,Virginia,51740.0,1,0.0,0.0,,,,-0.15700001
358932,2020-03-22,Portsmouth city,Virginia,51740.0,1,0.0,0.0,,,,-0.16
358933,2020-03-23,Portsmouth city,Virginia,51740.0,1,0.0,0.0,,,,-0.152
358934,2020-03-24,Portsmouth city,Virginia,51740.0,3,0.0,2.0,,,,-0.214
358935,2020-03-25,Portsmouth city,Virginia,51740.0,3,0.0,0.0,,,,-0.222
358936,2020-03-26,Portsmouth city,Virginia,51740.0,3,0.0,0.0,,,,-0.278
358937,2020-03-27,Portsmouth city,Virginia,51740.0,3,0.0,0.0,,,,-0.322
358938,2020-03-28,Portsmouth city,Virginia,51740.0,4,0.0,1.0,,,,-0.366
358939,2020-03-29,Portsmouth city,Virginia,51740.0,4,0.0,0.0,,,,-0.38499999
358940,2020-03-30,Portsmouth city,Virginia,51740.0,4,0.0,0.0,,,,-0.40599999
358941,2020-03-31,Portsmouth city,Virginia,51740.0,12,0.0,8.0,,,,-0.36899999
358942,2020-04-01,Portsmouth city,Virginia,51740.0,13,0.0,1.0,,,,-0.34
358943,2020-04-02,Portsmouth city,Virginia,51740.0,16,0.0,3.0,,,,-0.16500001
358944,2020-04-03,Portsmouth city,Virginia,51740.0,17,1.0,1.0,,,,-0.226
358945,2020-04-04,Portsmouth city,Virginia,51740.0,26,1.0,9.0,,,,-0.244
358946,2020-04-05,Portsmouth city,Virginia,51740.0,26,1.0,0.0,,,,-0.27900001
358947,2020-04-06,Portsmouth city,Virginia,51740.0,27,1.0,1.0,,,,-0.226
358948,2020-04-07,Portsmouth city,Virginia,51740.0,36,1.0,9.0,,,,-0.255
358949,2020-04-08,Portsmouth city,Virginia,51740.0,41,1.0,5.0,,,,-0.278
358950,2020-04-09,Portsmouth city,Virginia,51740.0,44,1.0,3.0,,,,-0.31600001
358951,2020-04-10,Portsmouth city,Virginia,51740.0,48,1.0,4.0,,,,-0.33500001
358952,2020-04-11,Portsmouth city,Virginia,51740.0,49,1.0,1.0,,,,-0.32100001
358953,2020-04-12,Portsmouth city,Virginia,51740.0,51,1.0,2.0,,,,-0.322
358954,2020-04-13,Portsmouth city,Virginia,51740.0,54,1.0,3.0,,,,-0.391
358955,2020-04-14,Portsmouth city,Virginia,51740.0,59,4.0,5.0,,,,-0.36399999
358956,2020-04-15,Portsmouth city,Virginia,51740.0,59,4.0,0.0,,,,-0.40299999999999997
358957,2020-04-16,Portsmouth city,Virginia,51740.0,62,4.0,3.0,,,,-0.26199999
358958,2020-04-17,Portsmouth city,Virginia,51740.0,63,4.0,1.0,,,,-0.192
358959,2020-04-18,Portsmouth city,Virginia,51740.0,65,4.0,2.0,,,,-0.249
358960,2020-04-19,Portsmouth city,Virginia,51740.0,65,4.0,0.0,,,,-0.21600001
358961,2020-04-20,Portsmouth city,Virginia,51740.0,65,4.0,0.0,,,,-0.106
358962,2020-04-21,Portsmouth city,Virginia,51740.0,82,4.0,17.0,,,,-0.155
358963,2020-04-22,Portsmouth city,Virginia,51740.0,93,4.0,11.0,,,,-0.138
358964,2020-04-23,Portsmouth city,Virginia,51740.0,98,4.0,5.0,,,,-0.20800000000000002
358965,2020-04-24,Portsmouth city,Virginia,51740.0,100,4.0,2.0,,,,-0.192
358966,2020-04-25,Portsmouth city,Virginia,51740.0,103,5.0,3.0,,,,-0.192
358967,2020-04-26,Portsmouth city,Virginia,51740.0,108,5.0,5.0,,,,-0.214
358968,2020-04-27,Portsmouth city,Virginia,51740.0,114,5.0,6.0,,,,-0.21100000000000002
358969,2020-04-28,Portsmouth city,Virginia,51740.0,149,5.0,35.0,,,,-0.182
358970,2020-04-29,Portsmouth city,Virginia,51740.0,150,5.0,1.0,,,,-0.153
358971,2020-04-30,Portsmouth city,Virginia,51740.0,158,5.0,8.0,,,,-0.19699999999999998
358972,2020-05-01,Portsmouth city,Virginia,51740.0,170,7.0,12.0,,,,-0.257
358973,2020-05-02,Portsmouth city,Virginia,51740.0,173,8.0,3.0,,,,-0.20600000000000002
358974,2020-05-03,Portsmouth city,Virginia,51740.0,183,8.0,10.0,,,,-0.17
358975,2020-05-04,Portsmouth city,Virginia,51740.0,183,8.0,0.0,,,,-0.126
358976,2020-05-05,Portsmouth city,Virginia,51740.0,187,8.0,4.0,,,,-0.113
358977,2020-05-06,Portsmouth city,Virginia,51740.0,187,8.0,0.0,,,,-0.171
358978,2020-05-07,Portsmouth city,Virginia,51740.0,193,8.0,6.0,,,,-0.13600001
358979,2020-05-08,Portsmouth city,Virginia,51740.0,194,8.0,1.0,,,,-0.08789999800000001
358980,2020-05-09,Portsmouth city,Virginia,51740.0,202,8.0,8.0,,,,-0.102
358981,2020-05-10,Portsmouth city,Virginia,51740.0,202,8.0,0.0,,,,-0.138
358982,2020-05-11,Portsmouth city,Virginia,51740.0,208,8.0,6.0,,,,-0.153
358983,2020-05-12,Portsmouth city,Virginia,51740.0,210,9.0,2.0,,,,-0.156
358984,2020-05-13,Portsmouth city,Virginia,51740.0,213,9.0,3.0,,,,-0.145
358985,2020-05-14,Portsmouth city,Virginia,51740.0,217,9.0,4.0,,,,-0.18899999999999997
358986,2020-05-15,Portsmouth city,Virginia,51740.0,219,10.0,2.0,,,,-0.24600001
358987,2020-05-16,Portsmouth city,Virginia,51740.0,222,10.0,3.0,,,,-0.25400001
358988,2020-05-17,Portsmouth city,Virginia,51740.0,225,10.0,3.0,,,,-0.193
358989,2020-05-18,Portsmouth city,Virginia,51740.0,228,10.0,3.0,,,,-0.192
358990,2020-05-19,Portsmouth city,Virginia,51740.0,237,10.0,9.0,,,,-0.25999999
358991,2020-05-20,Portsmouth city,Virginia,51740.0,241,11.0,4.0,,,,-0.28
358992,2020-05-21,Portsmouth city,Virginia,51740.0,245,11.0,4.0,,,,-0.244
358993,2020-05-22,Portsmouth city,Virginia,51740.0,251,11.0,6.0,,,,-0.15700001
358994,2020-05-23,Portsmouth city,Virginia,51740.0,253,11.0,2.0,,,,-0.15899999
358995,2020-05-24,Portsmouth city,Virginia,51740.0,262,11.0,9.0,,,,-0.23899999
358996,2020-05-25,Portsmouth city,Virginia,51740.0,272,11.0,10.0,,,,-0.29600000000000004
358997,2020-05-26,Portsmouth city,Virginia,51740.0,281,11.0,9.0,,,,-0.20600000000000002
358998,2020-05-27,Portsmouth city,Virginia,51740.0,282,11.0,1.0,,,,-0.12899999
358999,2020-05-28,Portsmouth city,Virginia,51740.0,284,11.0,2.0,,,,-0.077299997
359000,2020-05-29,Portsmouth city,Virginia,51740.0,294,11.0,10.0,,,,-0.147
359001,2020-05-30,Portsmouth city,Virginia,51740.0,307,11.0,13.0,,,,-0.192
359002,2020-05-31,Portsmouth city,Virginia,51740.0,308,11.0,1.0,,,,-0.16
359003,2020-06-01,Portsmouth city,Virginia,51740.0,313,11.0,5.0,,,,-0.16399999999999998
359004,2020-06-02,Portsmouth city,Virginia,51740.0,325,11.0,12.0,,,,-0.177
359005,2020-06-03,Portsmouth city,Virginia,51740.0,322,11.0,-3.0,,,,-0.19400001
359006,2020-06-04,Portsmouth city,Virginia,51740.0,325,11.0,3.0,,,,-0.237
359007,2020-06-05,Portsmouth city,Virginia,51740.0,325,11.0,0.0,,,,-0.18700001
359008,2020-06-06,Portsmouth city,Virginia,51740.0,335,11.0,10.0,,,,-0.113
359009,2020-06-07,Portsmouth city,Virginia,51740.0,343,11.0,8.0,,,,-0.098499998
359010,2020-06-08,Portsmouth city,Virginia,51740.0,343,11.0,0.0,,,,-0.17299999
359011,2020-06-09,Portsmouth city,Virginia,51740.0,351,11.0,8.0,,,,-0.142
359012,2020-06-10,Portsmouth city,Virginia,51740.0,354,11.0,3.0,,,,-0.134
359013,2020-06-11,Portsmouth city,Virginia,51740.0,364,11.0,10.0,,,,-0.149
359014,2020-06-12,Portsmouth city,Virginia,51740.0,370,11.0,6.0,,,,-0.23600000000000002
359015,2020-06-13,Portsmouth city,Virginia,51740.0,375,12.0,5.0,,,,-0.301
359016,2020-06-14,Portsmouth city,Virginia,51740.0,375,12.0,0.0,,,,-0.26100001
359017,2020-06-15,Portsmouth city,Virginia,51740.0,386,12.0,11.0,,,,-0.191
359018,2020-06-16,Portsmouth city,Virginia,51740.0,387,12.0,1.0,,,,-0.214
359019,2020-06-17,Portsmouth city,Virginia,51740.0,395,13.0,8.0,,,,-0.20200001
359020,2020-06-18,Portsmouth city,Virginia,51740.0,402,13.0,7.0,,,,-0.16500001
359021,2020-06-19,Portsmouth city,Virginia,51740.0,405,13.0,3.0,,,,-0.11800000000000001
359022,2020-06-20,Portsmouth city,Virginia,51740.0,405,13.0,0.0,,,,-0.125
359023,2020-06-21,Portsmouth city,Virginia,51740.0,406,13.0,1.0,,,,-0.20600000000000002
359024,2020-06-22,Portsmouth city,Virginia,51740.0,419,13.0,13.0,,,,-0.27000001
359025,2020-06-23,Portsmouth city,Virginia,51740.0,421,16.0,2.0,,,,-0.257
359026,2020-06-24,Portsmouth city,Virginia,51740.0,426,16.0,5.0,,,,-0.28400001
359027,2020-06-25,Portsmouth city,Virginia,51740.0,442,16.0,16.0,,,,-0.287
359028,2020-06-26,Portsmouth city,Virginia,51740.0,449,16.0,7.0,,,,-0.237
359029,2020-06-27,Portsmouth city,Virginia,51740.0,455,16.0,6.0,,,,-0.16899999999999998
359030,2020-06-28,Portsmouth city,Virginia,51740.0,459,16.0,4.0,,,,-0.16899999999999998
359031,2020-06-29,Portsmouth city,Virginia,51740.0,471,16.0,12.0,,,,-0.154
359032,2020-06-30,Portsmouth city,Virginia,51740.0,482,16.0,11.0,,,,-0.20999999
359033,2020-07-01,Portsmouth city,Virginia,51740.0,497,16.0,15.0,,,,-0.20900001
359034,2020-07-02,Portsmouth city,Virginia,51740.0,513,18.0,16.0,,,,-0.10400000000000001
359035,2020-07-03,Portsmouth city,Virginia,51740.0,526,18.0,13.0,,,,-0.13600001
359036,2020-07-04,Portsmouth city,Virginia,51740.0,539,18.0,13.0,,,,-0.11
359037,2020-07-05,Portsmouth city,Virginia,51740.0,549,18.0,10.0,,,,-0.08789999800000001
359038,2020-07-06,Portsmouth city,Virginia,51740.0,549,18.0,0.0,,,,-0.0096699996
359039,2020-07-07,Portsmouth city,Virginia,51740.0,572,18.0,23.0,,,,0.098499998
359040,2020-07-08,Portsmouth city,Virginia,51740.0,593,18.0,21.0,,,,0.053300001
359041,2020-07-09,Portsmouth city,Virginia,51740.0,605,18.0,12.0,,,,-0.041999999
359042,2020-07-10,Portsmouth city,Virginia,51740.0,627,18.0,22.0,,,,-0.05519999900000001
359043,2020-07-11,Portsmouth city,Virginia,51740.0,662,19.0,35.0,,,,-0.066
359044,2020-07-12,Portsmouth city,Virginia,51740.0,686,19.0,24.0,,,,-0.04769999900000001
359045,2020-07-13,Portsmouth city,Virginia,51740.0,714,19.0,28.0,,,,-0.063000001
359046,2020-07-14,Portsmouth city,Virginia,51740.0,761,19.0,47.0,,,,-0.24100000000000002
359047,2020-07-15,Portsmouth city,Virginia,51740.0,794,19.0,33.0,,,,-0.15899999
359048,2020-07-16,Portsmouth city,Virginia,51740.0,827,19.0,33.0,,,,-0.155
359049,2020-07-17,Portsmouth city,Virginia,51740.0,872,20.0,45.0,,,,-0.161
359050,2020-07-18,Portsmouth city,Virginia,51740.0,925,20.0,53.0,,,,-0.16699999999999998
359051,2020-07-19,Portsmouth city,Virginia,51740.0,966,20.0,41.0,,,,-0.154
359052,2020-07-20,Portsmouth city,Virginia,51740.0,1009,20.0,43.0,,,,-0.139
359053,2020-07-21,Portsmouth city,Virginia,51740.0,1046,21.0,37.0,,,,-0.17200001
359054,2020-07-22,Portsmouth city,Virginia,51740.0,1085,21.0,39.0,,,,-0.19400001
359055,2020-07-23,Portsmouth city,Virginia,51740.0,1115,21.0,30.0,,,,-0.16699999999999998
359056,2020-07-24,Portsmouth city,Virginia,51740.0,1165,21.0,50.0,,,,-0.16899999999999998
359057,2020-07-25,Portsmouth city,Virginia,51740.0,1225,21.0,60.0,,,,-0.16599999
359058,2020-07-26,Portsmouth city,Virginia,51740.0,1267,21.0,42.0,,,,-0.182
359059,2020-07-27,Portsmouth city,Virginia,51740.0,1291,21.0,24.0,,,,-0.191
359060,2020-07-28,Portsmouth city,Virginia,51740.0,1367,21.0,76.0,,,,-0.192
359061,2020-07-29,Portsmouth city,Virginia,51740.0,1390,21.0,23.0,,,,-0.20999999
359062,2020-07-30,Portsmouth city,Virginia,51740.0,1417,22.0,27.0,,,,-0.23399999999999999
359063,2020-07-31,Portsmouth city,Virginia,51740.0,1462,22.0,45.0,,,,-0.21100000000000002
359064,2020-08-01,Portsmouth city,Virginia,51740.0,1492,24.0,30.0,,,,-0.21799999
359065,2020-08-02,Portsmouth city,Virginia,51740.0,1539,24.0,47.0,,,,-0.18899999999999997
359066,2020-08-03,Portsmouth city,Virginia,51740.0,1540,24.0,1.0,,,,-0.07389999900000001
359067,2020-08-04,Portsmouth city,Virginia,51740.0,1631,24.0,91.0,,,,-0.074199997
359068,2020-08-05,Portsmouth city,Virginia,51740.0,1663,25.0,32.0,,,,-0.096900001
359069,2020-08-06,Portsmouth city,Virginia,51740.0,1676,25.0,13.0,,,,-0.15800001
359070,2020-08-07,Portsmouth city,Virginia,51740.0,1726,25.0,50.0,,,,-0.17900001
359071,2020-08-08,Portsmouth city,Virginia,51740.0,1758,25.0,32.0,,,,-0.18799999
359072,2020-08-09,Portsmouth city,Virginia,51740.0,1759,25.0,1.0,,,,-0.17299999
359073,2020-08-10,Portsmouth city,Virginia,51740.0,1788,25.0,29.0,,,,-0.16399999999999998
359074,2020-08-11,Portsmouth city,Virginia,51740.0,1833,25.0,45.0,,,,-0.183
359075,2020-08-12,Portsmouth city,Virginia,51740.0,1855,25.0,22.0,,,,-0.13600001
359076,2020-08-13,Portsmouth city,Virginia,51740.0,1907,25.0,52.0,,,,-0.057100002000000004
359077,2020-08-14,Portsmouth city,Virginia,51740.0,1952,25.0,45.0,,,,-0.13
359078,2020-08-15,Portsmouth city,Virginia,51740.0,1964,25.0,12.0,,,,-0.134
359079,2020-08-16,Portsmouth city,Virginia,51740.0,1965,25.0,1.0,,,,-0.175
359080,2020-08-17,Portsmouth city,Virginia,51740.0,1995,25.0,30.0,,,,-0.23999999
359081,2020-08-18,Portsmouth city,Virginia,51740.0,2022,25.0,27.0,,,,-0.126
359082,2020-08-19,Portsmouth city,Virginia,51740.0,2024,25.0,2.0,,,,0.048799999000000004
359083,2020-08-20,Portsmouth city,Virginia,51740.0,2045,28.0,21.0,,,,-0.07819999799999999
359084,2020-08-21,Portsmouth city,Virginia,51740.0,2057,30.0,12.0,,,,-0.066299997
359085,2020-08-22,Portsmouth city,Virginia,51740.0,2085,30.0,28.0,,,,-0.017999999
359086,2020-08-23,Portsmouth city,Virginia,51740.0,2086,30.0,1.0,,,,-0.0058200001
359087,2020-08-24,Portsmouth city,Virginia,51740.0,2086,31.0,0.0,,,,-0.0634
359088,2020-08-25,Portsmouth city,Virginia,51740.0,2135,31.0,49.0,,,,0.00168
359089,2020-08-26,Portsmouth city,Virginia,51740.0,2142,34.0,7.0,,,,-0.093699999
359090,2020-08-27,Portsmouth city,Virginia,51740.0,2161,34.0,19.0,,,,0.0091000004
359091,2020-08-28,Portsmouth city,Virginia,51740.0,2186,34.0,25.0,,,,0.028999999
359092,2020-08-29,Portsmouth city,Virginia,51740.0,2198,34.0,12.0,,,,0.048700001
359093,2020-08-30,Portsmouth city,Virginia,51740.0,2213,34.0,15.0,,,,0.020400001
359094,2020-08-31,Portsmouth city,Virginia,51740.0,2213,34.0,0.0,,,,0.0102
359095,2020-09-01,Portsmouth city,Virginia,51740.0,2234,36.0,21.0,,,,-0.10400000000000001
359096,2020-09-02,Portsmouth city,Virginia,51740.0,2242,41.0,8.0,,,,-0.14800000000000002
359097,2020-09-03,Portsmouth city,Virginia,51740.0,2258,42.0,16.0,,,,-0.12300000000000001
359098,2020-09-04,Portsmouth city,Virginia,51740.0,2269,42.0,11.0,,,,-0.15800001
359099,2020-09-05,Portsmouth city,Virginia,51740.0,2277,43.0,8.0,,,,-0.154
359100,2020-09-06,Portsmouth city,Virginia,51740.0,2283,43.0,6.0,,,,0.0048199999
359101,2020-09-07,Portsmouth city,Virginia,51740.0,2286,43.0,3.0,,,,0.018300001
359102,2020-09-08,Portsmouth city,Virginia,51740.0,2309,43.0,23.0,,,,-0.06710000299999999
359103,2020-09-09,Portsmouth city,Virginia,51740.0,2324,43.0,15.0,,,,-0.084200002
359104,2020-09-10,Portsmouth city,Virginia,51740.0,2337,45.0,13.0,,,,-0.083800003
359105,2020-09-11,Portsmouth city,Virginia,51740.0,2343,45.0,6.0,,,,-0.0174
359106,2020-09-12,Portsmouth city,Virginia,51740.0,2373,45.0,30.0,,,,-0.0288
359107,2020-09-13,Portsmouth city,Virginia,51740.0,2391,45.0,18.0,,,,-0.09120000199999999
359108,2020-09-14,Portsmouth city,Virginia,51740.0,2391,45.0,0.0,,,,-0.161
359109,2020-09-15,Portsmouth city,Virginia,51740.0,2424,46.0,33.0,,,,-0.146
359110,2020-09-16,Portsmouth city,Virginia,51740.0,2427,47.0,3.0,,,,-0.13
359111,2020-09-17,Portsmouth city,Virginia,51740.0,2439,48.0,12.0,,,,-0.138
359112,2020-09-18,Portsmouth city,Virginia,51740.0,2500,49.0,61.0,,,,-0.09749999599999999
359113,2020-09-19,Portsmouth city,Virginia,51740.0,2518,51.0,18.0,,,,-0.07289999700000001
359114,2020-09-20,Portsmouth city,Virginia,51740.0,2522,53.0,4.0,,,,-0.0175
359115,2020-09-21,Portsmouth city,Virginia,51740.0,2525,53.0,3.0,,,,0.047899999000000006
359116,2020-09-22,Portsmouth city,Virginia,51740.0,2529,58.0,4.0,,,,-0.0032599999
359117,2020-09-23,Portsmouth city,Virginia,51740.0,2534,58.0,5.0,,,,0.007899999599999999
359118,2020-09-24,Portsmouth city,Virginia,51740.0,2539,58.0,5.0,,,,0.08060000099999999
359119,2020-09-25,Portsmouth city,Virginia,51740.0,2547,58.0,8.0,,,,0.0625
359120,2020-09-26,Portsmouth city,Virginia,51740.0,2555,59.0,8.0,,,,0.0025599998999999997
359121,2020-09-27,Portsmouth city,Virginia,51740.0,2559,59.0,4.0,,,,-0.0392
359122,2020-09-28,Portsmouth city,Virginia,51740.0,2561,59.0,2.0,,,,-0.07050000099999999
359123,2020-09-29,Portsmouth city,Virginia,51740.0,2567,59.0,6.0,,,,-0.069600001
359124,2020-09-30,Portsmouth city,Virginia,51740.0,2594,59.0,27.0,,,,-0.037000000000000005
359125,2020-10-01,Portsmouth city,Virginia,51740.0,2599,59.0,5.0,,,,-0.13500001
359126,2020-10-02,Portsmouth city,Virginia,51740.0,2604,59.0,5.0,,,,-0.163
359127,2020-10-03,Portsmouth city,Virginia,51740.0,2614,61.0,10.0,,,,-0.105
359128,2020-10-04,Portsmouth city,Virginia,51740.0,2619,61.0,5.0,,,,-0.0973
359129,2020-10-05,Portsmouth city,Virginia,51740.0,2627,61.0,8.0,,,,-0.09560000199999999
359130,2020-10-06,Portsmouth city,Virginia,51740.0,2633,62.0,6.0,,,,-0.028999999
359131,2020-10-07,Portsmouth city,Virginia,51740.0,2634,63.0,1.0,,,,-0.077200003
359132,2020-10-08,Portsmouth city,Virginia,51740.0,2652,63.0,18.0,,,,-0.031500001
359133,2020-10-09,Portsmouth city,Virginia,51740.0,2658,63.0,6.0,,,,-0.07090000099999999
359134,2020-10-10,Portsmouth city,Virginia,51740.0,2664,63.0,6.0,,,,-0.046500001
359135,2020-10-11,Portsmouth city,Virginia,51740.0,2667,63.0,3.0,,,,-0.056000002
359136,2020-10-12,Portsmouth city,Virginia,51740.0,2681,63.0,14.0,,,,-0.050000000999999995
359137,2020-10-13,Portsmouth city,Virginia,51740.0,2684,63.0,3.0,,,,-0.043699998
359138,2020-10-14,Portsmouth city,Virginia,51740.0,2699,63.0,15.0,,,,-0.0163
359139,2020-10-15,Portsmouth city,Virginia,51740.0,2706,63.0,7.0,,,,0.049199997999999995
359140,2020-10-16,Portsmouth city,Virginia,51740.0,2713,64.0,7.0,,,,0.050500002
359141,2020-10-17,Portsmouth city,Virginia,51740.0,2715,64.0,2.0,,,,-0.029200001
359142,2020-10-18,Portsmouth city,Virginia,51740.0,2719,64.0,4.0,,,,-0.0062500001
359143,2020-10-19,Portsmouth city,Virginia,51740.0,2724,65.0,5.0,,,,-0.0178
359144,2020-10-20,Portsmouth city,Virginia,51740.0,2730,65.0,6.0,,,,-0.00058400002
359145,2020-10-21,Portsmouth city,Virginia,51740.0,2741,67.0,11.0,,,,0.0019700001
359146,2020-10-22,Portsmouth city,Virginia,51740.0,2762,67.0,21.0,,,,0.0185
359147,2020-10-23,Portsmouth city,Virginia,51740.0,2793,69.0,31.0,,,,0.139
359148,2020-10-24,Portsmouth city,Virginia,51740.0,2798,69.0,5.0,,,,0.14
359149,2020-10-25,Portsmouth city,Virginia,51740.0,2810,69.0,12.0,,,,0.12899999
359150,2020-10-26,Portsmouth city,Virginia,51740.0,2819,69.0,9.0,,,,0.142
359151,2020-10-27,Portsmouth city,Virginia,51740.0,2824,69.0,5.0,,,,0.17800000000000002
359152,2020-10-28,Portsmouth city,Virginia,51740.0,2838,70.0,14.0,,,,0.10800000000000001
359153,2020-10-29,Portsmouth city,Virginia,51740.0,2852,69.0,14.0,,,,-0.0036500001
359154,2020-10-30,Portsmouth city,Virginia,51740.0,2858,69.0,6.0,,,,-0.182
359155,2020-10-31,Portsmouth city,Virginia,51740.0,2863,69.0,5.0,,,,-0.122
359156,2020-11-01,Portsmouth city,Virginia,51740.0,2865,69.0,2.0,,,,-0.10300000000000001
359157,2020-11-02,Portsmouth city,Virginia,51740.0,2871,69.0,6.0,,,,-0.198
359158,2020-11-03,Portsmouth city,Virginia,51740.0,2875,69.0,4.0,,,,-0.08519999699999999
359159,2020-11-04,Portsmouth city,Virginia,51740.0,2876,69.0,1.0,,,,-0.266
359160,2020-11-05,Portsmouth city,Virginia,51740.0,2888,69.0,12.0,,,,-0.067000002
359161,2020-11-06,Portsmouth city,Virginia,51740.0,2902,69.0,14.0,,,,-0.0084899999
359162,2020-11-07,Portsmouth city,Virginia,51740.0,2918,70.0,16.0,,,,-0.0471
359163,2020-11-08,Portsmouth city,Virginia,51740.0,2926,70.0,8.0,,,,-0.039700001
359164,2020-11-09,Portsmouth city,Virginia,51740.0,2930,70.0,4.0,,,,-0.0207
359165,2020-11-10,Portsmouth city,Virginia,51740.0,2943,70.0,13.0,,,,0.0427
359166,2020-11-11,Portsmouth city,Virginia,51740.0,2952,70.0,9.0,,,,0.09929999699999999
359167,2020-11-12,Portsmouth city,Virginia,51740.0,2965,70.0,13.0,,,,0.028200001000000002
359168,2020-11-13,Portsmouth city,Virginia,51740.0,2967,70.0,2.0,,,,0.043499999000000004
359169,2020-11-14,Portsmouth city,Virginia,51740.0,2977,70.0,10.0,,,,0.07150000299999999
359170,2020-11-15,Portsmouth city,Virginia,51740.0,2997,70.0,20.0,,,,0.07379999799999999
359171,2020-11-16,Portsmouth city,Virginia,51740.0,3021,70.0,24.0,,,,0.11900000000000001
359172,2020-11-17,Portsmouth city,Virginia,51740.0,3027,70.0,6.0,,,,0.18899999999999997
359173,2020-11-18,Portsmouth city,Virginia,51740.0,3031,70.0,4.0,,,,0.0077800001
359174,2020-11-19,Portsmouth city,Virginia,51740.0,3039,70.0,8.0,,,,-0.111
359175,2020-11-20,Portsmouth city,Virginia,51740.0,3053,70.0,14.0,,,,-0.121
359176,2020-11-21,Portsmouth city,Virginia,51740.0,3067,70.0,14.0,,,,-0.0986
359177,2020-11-22,Portsmouth city,Virginia,51740.0,3091,70.0,24.0,,,,-0.080200002
