,date,county,state,fips,cases,deaths,new_cases,emp_combined,emp_combined_inclow,revenue_all,spend_all
363951,2020-03-14,Klickitat,Washington,53039.0,1,0.0,0.0,,,,-0.023700001000000002
363952,2020-03-15,Klickitat,Washington,53039.0,1,0.0,0.0,,,,0.057
363953,2020-03-16,Klickitat,Washington,53039.0,1,0.0,0.0,,,,0.0199
363954,2020-03-17,Klickitat,Washington,53039.0,1,0.0,0.0,,,,-0.0156
363955,2020-03-18,Klickitat,Washington,53039.0,1,0.0,0.0,,,,0.022000000000000002
363956,2020-03-19,Klickitat,Washington,53039.0,2,0.0,1.0,,,,-0.0139
363957,2020-03-20,Klickitat,Washington,53039.0,2,0.0,0.0,,,,0.052499998
363958,2020-03-21,Klickitat,Washington,53039.0,4,0.0,2.0,,,,0.0385
363959,2020-03-22,Klickitat,Washington,53039.0,4,0.0,0.0,,,,-0.0023699999
363960,2020-03-23,Klickitat,Washington,53039.0,4,0.0,0.0,,,,-0.00257
363961,2020-03-24,Klickitat,Washington,53039.0,6,0.0,2.0,,,,0.124
363962,2020-03-25,Klickitat,Washington,53039.0,6,0.0,0.0,,,,0.00642
363963,2020-03-26,Klickitat,Washington,53039.0,7,0.0,1.0,,,,0.0135
363964,2020-03-27,Klickitat,Washington,53039.0,7,0.0,0.0,,,,-0.073399998
363965,2020-03-28,Klickitat,Washington,53039.0,7,0.0,0.0,,,,-0.102
363966,2020-03-29,Klickitat,Washington,53039.0,7,1.0,0.0,,,,-0.163
363967,2020-03-30,Klickitat,Washington,53039.0,7,1.0,0.0,,,,-0.161
363968,2020-03-31,Klickitat,Washington,53039.0,7,1.0,0.0,,,,-0.23600000000000002
363969,2020-04-01,Klickitat,Washington,53039.0,9,1.0,2.0,,,,-0.17600000000000002
363970,2020-04-02,Klickitat,Washington,53039.0,9,1.0,0.0,,,,-0.171
363971,2020-04-03,Klickitat,Washington,53039.0,9,1.0,0.0,,,,-0.16399999999999998
363972,2020-04-04,Klickitat,Washington,53039.0,9,1.0,0.0,,,,-0.175
363973,2020-04-05,Klickitat,Washington,53039.0,9,1.0,0.0,,,,-0.192
363974,2020-04-06,Klickitat,Washington,53039.0,11,1.0,2.0,,,,-0.19699999999999998
363975,2020-04-07,Klickitat,Washington,53039.0,11,1.0,0.0,,,,-0.19599999
363976,2020-04-08,Klickitat,Washington,53039.0,11,1.0,0.0,,,,-0.16699999999999998
363977,2020-04-09,Klickitat,Washington,53039.0,11,1.0,0.0,,,,-0.2
363978,2020-04-10,Klickitat,Washington,53039.0,12,1.0,1.0,,,,-0.214
363979,2020-04-11,Klickitat,Washington,53039.0,12,1.0,0.0,,,,-0.205
363980,2020-04-12,Klickitat,Washington,53039.0,14,1.0,2.0,,,,-0.156
363981,2020-04-13,Klickitat,Washington,53039.0,14,1.0,0.0,,,,-0.11800000000000001
363982,2020-04-14,Klickitat,Washington,53039.0,14,2.0,0.0,,,,-0.13600001
363983,2020-04-15,Klickitat,Washington,53039.0,16,2.0,2.0,,,,-0.18700001
363984,2020-04-16,Klickitat,Washington,53039.0,16,2.0,0.0,,,,-0.26100001
363985,2020-04-17,Klickitat,Washington,53039.0,16,3.0,0.0,,,,-0.26300001
363986,2020-04-18,Klickitat,Washington,53039.0,16,3.0,0.0,,,,-0.213
363987,2020-04-19,Klickitat,Washington,53039.0,16,3.0,0.0,,,,-0.222
363988,2020-04-20,Klickitat,Washington,53039.0,16,3.0,0.0,,,,-0.26300001
363989,2020-04-21,Klickitat,Washington,53039.0,16,3.0,0.0,,,,-0.27000001
363990,2020-04-22,Klickitat,Washington,53039.0,16,3.0,0.0,,,,-0.23600000000000002
363991,2020-04-23,Klickitat,Washington,53039.0,16,3.0,0.0,,,,-0.081600003
363992,2020-04-24,Klickitat,Washington,53039.0,16,3.0,0.0,,,,-0.0502
363993,2020-04-25,Klickitat,Washington,53039.0,16,3.0,0.0,,,,-0.15700001
363994,2020-04-26,Klickitat,Washington,53039.0,16,3.0,0.0,,,,-0.15899999
363995,2020-04-27,Klickitat,Washington,53039.0,16,3.0,0.0,,,,-0.081900001
363996,2020-04-28,Klickitat,Washington,53039.0,16,3.0,0.0,,,,-0.088699996
363997,2020-04-29,Klickitat,Washington,53039.0,16,3.0,0.0,,,,-0.107
363998,2020-04-30,Klickitat,Washington,53039.0,17,3.0,1.0,,,,-0.184
363999,2020-05-01,Klickitat,Washington,53039.0,17,3.0,0.0,,,,-0.154
364000,2020-05-02,Klickitat,Washington,53039.0,17,3.0,0.0,,,,-0.074900001
364001,2020-05-03,Klickitat,Washington,53039.0,18,3.0,1.0,,,,-0.020300001
364002,2020-05-04,Klickitat,Washington,53039.0,18,3.0,0.0,,,,-0.092500001
364003,2020-05-05,Klickitat,Washington,53039.0,17,3.0,-1.0,,,,0.0294
364004,2020-05-06,Klickitat,Washington,53039.0,18,3.0,1.0,,,,0.041999999
364005,2020-05-07,Klickitat,Washington,53039.0,19,3.0,1.0,,,,0.022600001
364006,2020-05-08,Klickitat,Washington,53039.0,19,3.0,0.0,,,,-0.080399998
364007,2020-05-09,Klickitat,Washington,53039.0,19,3.0,0.0,,,,-0.12800001
364008,2020-05-10,Klickitat,Washington,53039.0,19,3.0,0.0,,,,-0.113
364009,2020-05-11,Klickitat,Washington,53039.0,20,3.0,1.0,,,,-0.0942
364010,2020-05-12,Klickitat,Washington,53039.0,21,3.0,1.0,,,,-0.20900001
364011,2020-05-13,Klickitat,Washington,53039.0,22,3.0,1.0,,,,-0.28799999
364012,2020-05-14,Klickitat,Washington,53039.0,22,3.0,0.0,,,,-0.28099999
364013,2020-05-15,Klickitat,Washington,53039.0,22,3.0,0.0,,,,-0.25799999
364014,2020-05-16,Klickitat,Washington,53039.0,22,3.0,0.0,,,,-0.21100000000000002
364015,2020-05-17,Klickitat,Washington,53039.0,22,3.0,0.0,,,,-0.20800000000000002
364016,2020-05-18,Klickitat,Washington,53039.0,24,3.0,2.0,,,,-0.242
364017,2020-05-19,Klickitat,Washington,53039.0,25,3.0,1.0,,,,-0.24699999
364018,2020-05-20,Klickitat,Washington,53039.0,25,3.0,0.0,,,,-0.149
364019,2020-05-21,Klickitat,Washington,53039.0,25,3.0,0.0,,,,-0.212
364020,2020-05-22,Klickitat,Washington,53039.0,24,3.0,-1.0,,,,-0.175
364021,2020-05-23,Klickitat,Washington,53039.0,24,3.0,0.0,,,,-0.161
364022,2020-05-24,Klickitat,Washington,53039.0,24,3.0,0.0,,,,-0.25600001
364023,2020-05-25,Klickitat,Washington,53039.0,24,3.0,0.0,,,,-0.31
364024,2020-05-26,Klickitat,Washington,53039.0,24,3.0,0.0,,,,-0.22699999999999998
364025,2020-05-27,Klickitat,Washington,53039.0,24,3.0,0.0,,,,-0.25
364026,2020-05-28,Klickitat,Washington,53039.0,24,3.0,0.0,,,,-0.221
364027,2020-05-29,Klickitat,Washington,53039.0,24,3.0,0.0,,,,-0.20299999
364028,2020-05-30,Klickitat,Washington,53039.0,24,3.0,0.0,,,,-0.20600000000000002
364029,2020-05-31,Klickitat,Washington,53039.0,25,3.0,1.0,,,,-0.086499996
364030,2020-06-01,Klickitat,Washington,53039.0,25,3.0,0.0,,,,-0.0105
364031,2020-06-02,Klickitat,Washington,53039.0,28,3.0,3.0,,,,0.0025500001000000002
364032,2020-06-03,Klickitat,Washington,53039.0,28,3.0,0.0,,,,0.021199999
364033,2020-06-04,Klickitat,Washington,53039.0,29,3.0,1.0,,,,0.0328
364034,2020-06-05,Klickitat,Washington,53039.0,30,3.0,1.0,,,,-0.019300001
364035,2020-06-06,Klickitat,Washington,53039.0,33,3.0,3.0,,,,-0.0111
364036,2020-06-07,Klickitat,Washington,53039.0,33,3.0,0.0,,,,0.0099600004
364037,2020-06-08,Klickitat,Washington,53039.0,35,3.0,2.0,,,,-0.0141
364038,2020-06-09,Klickitat,Washington,53039.0,37,3.0,2.0,,,,-0.0275
364039,2020-06-10,Klickitat,Washington,53039.0,44,3.0,7.0,,,,0.054099999
364040,2020-06-11,Klickitat,Washington,53039.0,44,3.0,0.0,,,,0.0199
364041,2020-06-12,Klickitat,Washington,53039.0,44,3.0,0.0,,,,0.0744
364042,2020-06-13,Klickitat,Washington,53039.0,45,3.0,1.0,,,,0.0568
364043,2020-06-14,Klickitat,Washington,53039.0,45,3.0,0.0,,,,0.0055999998
364044,2020-06-15,Klickitat,Washington,53039.0,46,3.0,1.0,,,,-0.0124
364045,2020-06-16,Klickitat,Washington,53039.0,49,3.0,3.0,,,,-0.0251
364046,2020-06-17,Klickitat,Washington,53039.0,49,3.0,0.0,,,,-0.14800000000000002
364047,2020-06-18,Klickitat,Washington,53039.0,52,3.0,3.0,,,,-0.049600001
364048,2020-06-19,Klickitat,Washington,53039.0,51,3.0,-1.0,,,,-0.031500001
364049,2020-06-20,Klickitat,Washington,53039.0,51,3.0,0.0,,,,-0.031199999
364050,2020-06-21,Klickitat,Washington,53039.0,51,3.0,0.0,,,,0.07289999700000001
364051,2020-06-22,Klickitat,Washington,53039.0,52,3.0,1.0,,,,0.094099998
364052,2020-06-23,Klickitat,Washington,53039.0,53,3.0,1.0,,,,0.067000002
364053,2020-06-24,Klickitat,Washington,53039.0,55,3.0,2.0,,,,0.14399999
364054,2020-06-25,Klickitat,Washington,53039.0,55,3.0,0.0,,,,0.21600001
364055,2020-06-26,Klickitat,Washington,53039.0,56,3.0,1.0,,,,0.11900000000000001
364056,2020-06-27,Klickitat,Washington,53039.0,57,3.0,1.0,,,,0.183
364057,2020-06-28,Klickitat,Washington,53039.0,59,3.0,2.0,,,,-0.0097200004
364058,2020-06-29,Klickitat,Washington,53039.0,60,3.0,1.0,,,,0.0073199999
364059,2020-06-30,Klickitat,Washington,53039.0,59,3.0,-1.0,,,,-0.0612
364060,2020-07-01,Klickitat,Washington,53039.0,59,3.0,0.0,,,,-0.0142
364061,2020-07-02,Klickitat,Washington,53039.0,66,3.0,7.0,,,,-0.043400000999999994
364062,2020-07-03,Klickitat,Washington,53039.0,66,3.0,0.0,,,,-0.039999999
364063,2020-07-04,Klickitat,Washington,53039.0,67,3.0,1.0,,,,0.000138
364064,2020-07-05,Klickitat,Washington,53039.0,67,3.0,0.0,,,,0.11
364065,2020-07-06,Klickitat,Washington,53039.0,67,3.0,0.0,,,,0.25299999
364066,2020-07-07,Klickitat,Washington,53039.0,70,3.0,3.0,,,,0.20900001
364067,2020-07-08,Klickitat,Washington,53039.0,73,3.0,3.0,,,,0.1
364068,2020-07-09,Klickitat,Washington,53039.0,76,3.0,3.0,,,,-0.0381
364069,2020-07-10,Klickitat,Washington,53039.0,76,3.0,0.0,,,,-0.138
364070,2020-07-11,Klickitat,Washington,53039.0,76,3.0,0.0,,,,-0.204
364071,2020-07-12,Klickitat,Washington,53039.0,78,3.0,2.0,,,,-0.14399999
364072,2020-07-13,Klickitat,Washington,53039.0,79,3.0,1.0,,,,-0.12
364073,2020-07-14,Klickitat,Washington,53039.0,79,3.0,0.0,,,,-0.086999997
364074,2020-07-15,Klickitat,Washington,53039.0,79,3.0,0.0,,,,-0.107
364075,2020-07-16,Klickitat,Washington,53039.0,80,3.0,1.0,,,,-0.0616
364076,2020-07-17,Klickitat,Washington,53039.0,80,3.0,0.0,,,,0.059500001
364077,2020-07-18,Klickitat,Washington,53039.0,81,3.0,1.0,,,,0.0255
364078,2020-07-19,Klickitat,Washington,53039.0,82,3.0,1.0,,,,-0.0164
364079,2020-07-20,Klickitat,Washington,53039.0,83,3.0,1.0,,,,-0.042599998
364080,2020-07-21,Klickitat,Washington,53039.0,83,3.0,0.0,,,,-0.09229999800000001
364081,2020-07-22,Klickitat,Washington,53039.0,85,3.0,2.0,,,,0.030300001
364082,2020-07-23,Klickitat,Washington,53039.0,85,3.0,0.0,,,,0.072700001
364083,2020-07-24,Klickitat,Washington,53039.0,86,3.0,1.0,,,,0.133
364084,2020-07-25,Klickitat,Washington,53039.0,88,3.0,2.0,,,,0.24100000000000002
364085,2020-07-26,Klickitat,Washington,53039.0,90,3.0,2.0,,,,0.255
364086,2020-07-27,Klickitat,Washington,53039.0,91,3.0,1.0,,,,0.285
364087,2020-07-28,Klickitat,Washington,53039.0,99,3.0,8.0,,,,0.38699999
364088,2020-07-29,Klickitat,Washington,53039.0,100,3.0,1.0,,,,0.368
364089,2020-07-30,Klickitat,Washington,53039.0,100,3.0,0.0,,,,0.331
364090,2020-07-31,Klickitat,Washington,53039.0,100,3.0,0.0,,,,0.22400001
364091,2020-08-01,Klickitat,Washington,53039.0,103,3.0,3.0,,,,0.182
364092,2020-08-02,Klickitat,Washington,53039.0,106,3.0,3.0,,,,0.109
364093,2020-08-03,Klickitat,Washington,53039.0,106,3.0,0.0,,,,0.133
364094,2020-08-04,Klickitat,Washington,53039.0,106,3.0,0.0,,,,0.0154
364095,2020-08-05,Klickitat,Washington,53039.0,106,3.0,0.0,,,,0.030999999
364096,2020-08-06,Klickitat,Washington,53039.0,106,3.0,0.0,,,,0.0691
364097,2020-08-07,Klickitat,Washington,53039.0,108,3.0,2.0,,,,0.071999997
364098,2020-08-08,Klickitat,Washington,53039.0,108,3.0,0.0,,,,0.222
364099,2020-08-09,Klickitat,Washington,53039.0,111,3.0,3.0,,,,0.207
364100,2020-08-10,Klickitat,Washington,53039.0,113,3.0,2.0,,,,0.109
364101,2020-08-11,Klickitat,Washington,53039.0,113,3.0,0.0,,,,0.152
364102,2020-08-12,Klickitat,Washington,53039.0,113,3.0,0.0,,,,0.18099999
364103,2020-08-13,Klickitat,Washington,53039.0,119,3.0,6.0,,,,0.37400001
364104,2020-08-14,Klickitat,Washington,53039.0,119,3.0,0.0,,,,0.36700001
364105,2020-08-15,Klickitat,Washington,53039.0,121,3.0,2.0,,,,0.156
364106,2020-08-16,Klickitat,Washington,53039.0,134,3.0,13.0,,,,0.147
364107,2020-08-17,Klickitat,Washington,53039.0,134,3.0,0.0,,,,0.16599999
364108,2020-08-18,Klickitat,Washington,53039.0,152,3.0,18.0,,,,0.37
364109,2020-08-19,Klickitat,Washington,53039.0,154,3.0,2.0,,,,0.204
364110,2020-08-20,Klickitat,Washington,53039.0,159,3.0,5.0,,,,0.12300000000000001
364111,2020-08-21,Klickitat,Washington,53039.0,160,3.0,1.0,,,,0.11900000000000001
364112,2020-08-22,Klickitat,Washington,53039.0,162,3.0,2.0,,,,0.243
364113,2020-08-23,Klickitat,Washington,53039.0,164,3.0,2.0,,,,0.28099999
364114,2020-08-24,Klickitat,Washington,53039.0,166,3.0,2.0,,,,0.14399999
364115,2020-08-25,Klickitat,Washington,53039.0,166,3.0,0.0,,,,0.093000002
364116,2020-08-26,Klickitat,Washington,53039.0,169,3.0,3.0,,,,0.111
364117,2020-08-27,Klickitat,Washington,53039.0,174,3.0,5.0,,,,0.09099999800000001
364118,2020-08-28,Klickitat,Washington,53039.0,174,3.0,0.0,,,,0.163
364119,2020-08-29,Klickitat,Washington,53039.0,174,3.0,0.0,,,,0.126
364120,2020-08-30,Klickitat,Washington,53039.0,175,3.0,1.0,,,,0.146
364121,2020-08-31,Klickitat,Washington,53039.0,176,3.0,1.0,,,,0.113
364122,2020-09-01,Klickitat,Washington,53039.0,177,3.0,1.0,,,,0.102
364123,2020-09-02,Klickitat,Washington,53039.0,177,3.0,0.0,,,,0.141
364124,2020-09-03,Klickitat,Washington,53039.0,177,3.0,0.0,,,,0.139
364125,2020-09-04,Klickitat,Washington,53039.0,179,3.0,2.0,,,,0.058200002
364126,2020-09-05,Klickitat,Washington,53039.0,179,3.0,0.0,,,,0.049800000999999997
364127,2020-09-06,Klickitat,Washington,53039.0,178,3.0,-1.0,,,,0.292
364128,2020-09-07,Klickitat,Washington,53039.0,178,3.0,0.0,,,,0.31799999
364129,2020-09-08,Klickitat,Washington,53039.0,178,3.0,0.0,,,,0.20999999
364130,2020-09-09,Klickitat,Washington,53039.0,181,3.0,3.0,,,,0.11199999999999999
364131,2020-09-10,Klickitat,Washington,53039.0,183,3.0,2.0,,,,0.23600000000000002
364132,2020-09-11,Klickitat,Washington,53039.0,187,3.0,4.0,,,,0.20600000000000002
364133,2020-09-12,Klickitat,Washington,53039.0,187,3.0,0.0,,,,0.21100000000000002
364134,2020-09-13,Klickitat,Washington,53039.0,187,3.0,0.0,,,,0.00379
364135,2020-09-14,Klickitat,Washington,53039.0,187,3.0,0.0,,,,0.078599997
364136,2020-09-15,Klickitat,Washington,53039.0,189,3.0,2.0,,,,0.155
364137,2020-09-16,Klickitat,Washington,53039.0,189,3.0,0.0,,,,0.00532
364138,2020-09-17,Klickitat,Washington,53039.0,190,3.0,1.0,,,,-0.0144
364139,2020-09-18,Klickitat,Washington,53039.0,190,3.0,0.0,,,,0.024599998999999997
364140,2020-09-19,Klickitat,Washington,53039.0,190,3.0,0.0,,,,0.113
364141,2020-09-20,Klickitat,Washington,53039.0,190,3.0,0.0,,,,0.14
364142,2020-09-21,Klickitat,Washington,53039.0,190,3.0,0.0,,,,0.133
364143,2020-09-22,Klickitat,Washington,53039.0,192,3.0,2.0,,,,0.043499999000000004
364144,2020-09-23,Klickitat,Washington,53039.0,191,3.0,-1.0,,,,-0.064900003
364145,2020-09-24,Klickitat,Washington,53039.0,192,3.0,1.0,,,,-0.018100001
364146,2020-09-25,Klickitat,Washington,53039.0,192,3.0,0.0,,,,0.054400000999999996
364147,2020-09-26,Klickitat,Washington,53039.0,192,3.0,0.0,,,,0.022399999
364148,2020-09-27,Klickitat,Washington,53039.0,192,3.0,0.0,,,,0.086999997
364149,2020-09-28,Klickitat,Washington,53039.0,193,3.0,1.0,,,,0.16
364150,2020-09-29,Klickitat,Washington,53039.0,193,3.0,0.0,,,,0.134
364151,2020-09-30,Klickitat,Washington,53039.0,193,3.0,0.0,,,,0.127
364152,2020-10-01,Klickitat,Washington,53039.0,195,3.0,2.0,,,,0.38100001
364153,2020-10-02,Klickitat,Washington,53039.0,197,3.0,2.0,,,,0.252
364154,2020-10-03,Klickitat,Washington,53039.0,199,3.0,2.0,,,,0.244
364155,2020-10-04,Klickitat,Washington,53039.0,199,3.0,0.0,,,,0.18000001
364156,2020-10-05,Klickitat,Washington,53039.0,199,3.0,0.0,,,,0.121
364157,2020-10-06,Klickitat,Washington,53039.0,198,3.0,-1.0,,,,0.145
364158,2020-10-07,Klickitat,Washington,53039.0,200,3.0,2.0,,,,0.0561
364159,2020-10-08,Klickitat,Washington,53039.0,201,3.0,1.0,,,,0.00238
364160,2020-10-09,Klickitat,Washington,53039.0,200,3.0,-1.0,,,,0.078500003
364161,2020-10-10,Klickitat,Washington,53039.0,202,3.0,2.0,,,,0.205
364162,2020-10-11,Klickitat,Washington,53039.0,202,3.0,0.0,,,,0.25
364163,2020-10-12,Klickitat,Washington,53039.0,202,3.0,0.0,,,,0.215
364164,2020-10-13,Klickitat,Washington,53039.0,202,3.0,0.0,,,,0.23600000000000002
364165,2020-10-14,Klickitat,Washington,53039.0,202,3.0,0.0,,,,0.21100000000000002
364166,2020-10-15,Klickitat,Washington,53039.0,202,3.0,0.0,,,,0.16
364167,2020-10-16,Klickitat,Washington,53039.0,202,3.0,0.0,,,,0.133
364168,2020-10-17,Klickitat,Washington,53039.0,203,3.0,1.0,,,,-0.0166
364169,2020-10-18,Klickitat,Washington,53039.0,204,3.0,1.0,,,,-0.061099999
364170,2020-10-19,Klickitat,Washington,53039.0,204,3.0,0.0,,,,-0.09000000400000001
364171,2020-10-20,Klickitat,Washington,53039.0,205,3.0,1.0,,,,-0.046799999
364172,2020-10-21,Klickitat,Washington,53039.0,206,3.0,1.0,,,,0.067000002
364173,2020-10-22,Klickitat,Washington,53039.0,206,3.0,0.0,,,,0.076499999
364174,2020-10-23,Klickitat,Washington,53039.0,207,3.0,1.0,,,,0.10300000000000001
364175,2020-10-24,Klickitat,Washington,53039.0,208,3.0,1.0,,,,0.257
364176,2020-10-25,Klickitat,Washington,53039.0,208,3.0,0.0,,,,0.23800001
364177,2020-10-26,Klickitat,Washington,53039.0,208,3.0,0.0,,,,0.31600001
364178,2020-10-27,Klickitat,Washington,53039.0,208,3.0,0.0,,,,0.25600001
364179,2020-10-28,Klickitat,Washington,53039.0,208,3.0,0.0,,,,0.19400001
364180,2020-10-29,Klickitat,Washington,53039.0,208,3.0,0.0,,,,0.243
364181,2020-10-30,Klickitat,Washington,53039.0,211,3.0,3.0,,,,0.156
364182,2020-10-31,Klickitat,Washington,53039.0,213,3.0,2.0,,,,0.126
364183,2020-11-01,Klickitat,Washington,53039.0,214,3.0,1.0,,,,0.18000001
364184,2020-11-02,Klickitat,Washington,53039.0,213,3.0,-1.0,,,,0.13600001
364185,2020-11-03,Klickitat,Washington,53039.0,211,3.0,-2.0,,,,0.156
364186,2020-11-04,Klickitat,Washington,53039.0,215,3.0,4.0,,,,0.133
364187,2020-11-05,Klickitat,Washington,53039.0,215,3.0,0.0,,,,0.0458
364188,2020-11-06,Klickitat,Washington,53039.0,219,3.0,4.0,,,,0.093000002
364189,2020-11-07,Klickitat,Washington,53039.0,219,3.0,0.0,,,,-0.00103
364190,2020-11-08,Klickitat,Washington,53039.0,220,3.0,1.0,,,,-0.031099999
364191,2020-11-09,Klickitat,Washington,53039.0,222,3.0,2.0,,,,-0.0337
364192,2020-11-10,Klickitat,Washington,53039.0,225,3.0,3.0,,,,0.0093099996
364193,2020-11-11,Klickitat,Washington,53039.0,225,3.0,0.0,,,,0.029300001000000003
364194,2020-11-12,Klickitat,Washington,53039.0,226,3.0,1.0,,,,0.029100001
364195,2020-11-13,Klickitat,Washington,53039.0,230,3.0,4.0,,,,0.0040600002
364196,2020-11-14,Klickitat,Washington,53039.0,234,3.0,4.0,,,,0.07090000099999999
364197,2020-11-15,Klickitat,Washington,53039.0,234,3.0,0.0,,,,0.14300001
364198,2020-11-16,Klickitat,Washington,53039.0,235,3.0,1.0,,,,0.17399999
364199,2020-11-17,Klickitat,Washington,53039.0,236,3.0,1.0,,,,0.245
364200,2020-11-18,Klickitat,Washington,53039.0,237,3.0,1.0,,,,0.38699999
364201,2020-11-19,Klickitat,Washington,53039.0,237,3.0,0.0,,,,0.38699999
364202,2020-11-20,Klickitat,Washington,53039.0,239,3.0,2.0,,,,0.38699999
364203,2020-11-21,Klickitat,Washington,53039.0,239,3.0,0.0,,,,0.368
364204,2020-11-22,Klickitat,Washington,53039.0,239,3.0,0.0,,,,0.35600001
