,date,county,state,fips,cases,deaths,new_cases,emp_combined,emp_combined_inclow,revenue_all,spend_all
369705,2020-03-24,Preston,West Virginia,54077.0,1,0.0,0.0,,,,-0.29699999
369706,2020-03-25,Preston,West Virginia,54077.0,2,0.0,1.0,,,,-0.31799999
369707,2020-03-26,Preston,West Virginia,54077.0,1,0.0,-1.0,,,,-0.35600001
369708,2020-03-27,Preston,West Virginia,54077.0,1,0.0,0.0,,,,-0.40900001
369709,2020-03-28,Preston,West Virginia,54077.0,1,0.0,0.0,,,,-0.41299999
369710,2020-03-29,Preston,West Virginia,54077.0,1,0.0,0.0,,,,-0.41299999
369711,2020-03-30,Preston,West Virginia,54077.0,2,0.0,1.0,,,,-0.419
369712,2020-03-31,Preston,West Virginia,54077.0,3,0.0,1.0,,,,-0.41299999
369713,2020-04-01,Preston,West Virginia,54077.0,3,0.0,0.0,,,,-0.38699999
369714,2020-04-02,Preston,West Virginia,54077.0,3,0.0,0.0,,,,-0.37200001
369715,2020-04-03,Preston,West Virginia,54077.0,4,0.0,1.0,,,,-0.36399999
369716,2020-04-04,Preston,West Virginia,54077.0,5,0.0,1.0,,,,-0.36500001
369717,2020-04-05,Preston,West Virginia,54077.0,5,0.0,0.0,,,,-0.37099999
369718,2020-04-06,Preston,West Virginia,54077.0,4,0.0,-1.0,,,,-0.34900001
369719,2020-04-07,Preston,West Virginia,54077.0,6,0.0,2.0,,,,-0.34200001
369720,2020-04-08,Preston,West Virginia,54077.0,6,0.0,0.0,,,,-0.35200000000000004
369721,2020-04-09,Preston,West Virginia,54077.0,6,0.0,0.0,,,,-0.359
369722,2020-04-10,Preston,West Virginia,54077.0,6,0.0,0.0,,,,-0.34400001
369723,2020-04-11,Preston,West Virginia,54077.0,6,0.0,0.0,,,,-0.32800001
369724,2020-04-12,Preston,West Virginia,54077.0,6,0.0,0.0,,,,-0.34099999
369725,2020-04-13,Preston,West Virginia,54077.0,6,0.0,0.0,,,,-0.37
369726,2020-04-14,Preston,West Virginia,54077.0,6,0.0,0.0,,,,-0.33199999
369727,2020-04-15,Preston,West Virginia,54077.0,6,0.0,0.0,,,,-0.25099999
369728,2020-04-16,Preston,West Virginia,54077.0,6,0.0,0.0,,,,-0.198
369729,2020-04-17,Preston,West Virginia,54077.0,6,0.0,0.0,,,,-0.16699999999999998
369730,2020-04-18,Preston,West Virginia,54077.0,10,0.0,4.0,,,,-0.17600000000000002
369731,2020-04-19,Preston,West Virginia,54077.0,10,0.0,0.0,,,,-0.132
369732,2020-04-20,Preston,West Virginia,54077.0,10,0.0,0.0,,,,-0.095899999
369733,2020-04-21,Preston,West Virginia,54077.0,12,0.0,2.0,,,,-0.074299999
369734,2020-04-22,Preston,West Virginia,54077.0,12,0.0,0.0,,,,-0.163
369735,2020-04-23,Preston,West Virginia,54077.0,12,0.0,0.0,,,,-0.177
369736,2020-04-24,Preston,West Virginia,54077.0,12,0.0,0.0,,,,-0.20200001
369737,2020-04-25,Preston,West Virginia,54077.0,12,0.0,0.0,,,,-0.19599999
369738,2020-04-26,Preston,West Virginia,54077.0,13,0.0,1.0,,,,-0.205
369739,2020-04-27,Preston,West Virginia,54077.0,13,0.0,0.0,,,,-0.214
369740,2020-04-28,Preston,West Virginia,54077.0,13,0.0,0.0,,,,-0.25400001
369741,2020-04-29,Preston,West Virginia,54077.0,13,0.0,0.0,,,,-0.22
369742,2020-04-30,Preston,West Virginia,54077.0,13,0.0,0.0,,,,-0.226
369743,2020-05-01,Preston,West Virginia,54077.0,13,0.0,0.0,,,,-0.19699999999999998
369744,2020-05-02,Preston,West Virginia,54077.0,13,0.0,0.0,,,,-0.21899999999999997
369745,2020-05-03,Preston,West Virginia,54077.0,13,0.0,0.0,,,,-0.20900001
369746,2020-05-04,Preston,West Virginia,54077.0,13,0.0,0.0,,,,-0.20100001
369747,2020-05-05,Preston,West Virginia,54077.0,13,0.0,0.0,,,,-0.193
369748,2020-05-06,Preston,West Virginia,54077.0,14,0.0,1.0,,,,-0.17
369749,2020-05-07,Preston,West Virginia,54077.0,14,0.0,0.0,,,,-0.153
369750,2020-05-08,Preston,West Virginia,54077.0,14,0.0,0.0,,,,-0.133
369751,2020-05-09,Preston,West Virginia,54077.0,14,0.0,0.0,,,,-0.12899999
369752,2020-05-10,Preston,West Virginia,54077.0,14,0.0,0.0,,,,-0.161
369753,2020-05-11,Preston,West Virginia,54077.0,14,0.0,0.0,,,,-0.142
369754,2020-05-12,Preston,West Virginia,54077.0,14,0.0,0.0,,,,-0.134
369755,2020-05-13,Preston,West Virginia,54077.0,14,0.0,0.0,,,,-0.154
369756,2020-05-14,Preston,West Virginia,54077.0,15,0.0,1.0,,,,-0.146
369757,2020-05-15,Preston,West Virginia,54077.0,15,0.0,0.0,,,,-0.182
369758,2020-05-16,Preston,West Virginia,54077.0,15,0.0,0.0,,,,-0.15000001
369759,2020-05-17,Preston,West Virginia,54077.0,15,0.0,0.0,,,,-0.096199997
369760,2020-05-18,Preston,West Virginia,54077.0,15,0.0,0.0,,,,-0.077299997
369761,2020-05-19,Preston,West Virginia,54077.0,15,0.0,0.0,,,,-0.078500003
369762,2020-05-20,Preston,West Virginia,54077.0,15,0.0,0.0,,,,-0.068300001
369763,2020-05-21,Preston,West Virginia,54077.0,15,0.0,0.0,,,,-0.07829999900000001
369764,2020-05-22,Preston,West Virginia,54077.0,19,0.0,4.0,,,,-0.041999999
369765,2020-05-23,Preston,West Virginia,54077.0,19,0.0,0.0,,,,-0.017999999
369766,2020-05-24,Preston,West Virginia,54077.0,20,0.0,1.0,,,,-0.045899998
369767,2020-05-25,Preston,West Virginia,54077.0,22,0.0,2.0,,,,-0.0581
369768,2020-05-26,Preston,West Virginia,54077.0,22,1.0,0.0,,,,-0.023399998999999998
369769,2020-05-27,Preston,West Virginia,54077.0,22,2.0,0.0,,,,0.00403
369770,2020-05-28,Preston,West Virginia,54077.0,22,2.0,0.0,,,,0.0339
369771,2020-05-29,Preston,West Virginia,54077.0,25,1.0,3.0,,,,0.066200003
369772,2020-05-30,Preston,West Virginia,54077.0,25,1.0,0.0,,,,0.056899998
369773,2020-05-31,Preston,West Virginia,54077.0,25,1.0,0.0,,,,0.093800001
369774,2020-06-01,Preston,West Virginia,54077.0,25,3.0,0.0,,,,0.10099999999999999
369775,2020-06-02,Preston,West Virginia,54077.0,24,2.0,-1.0,,,,0.09929999699999999
369776,2020-06-03,Preston,West Virginia,54077.0,24,2.0,0.0,,,,0.04309999900000001
369777,2020-06-04,Preston,West Virginia,54077.0,24,2.0,0.0,,,,0.0061599999
369778,2020-06-05,Preston,West Virginia,54077.0,24,2.0,0.0,,,,0.013000000000000001
369779,2020-06-06,Preston,West Virginia,54077.0,24,2.0,0.0,,,,-0.018200001
369780,2020-06-07,Preston,West Virginia,54077.0,24,2.0,0.0,,,,-0.0114
369781,2020-06-08,Preston,West Virginia,54077.0,24,2.0,0.0,,,,-0.0138
369782,2020-06-09,Preston,West Virginia,54077.0,24,2.0,0.0,,,,-0.027000001000000003
369783,2020-06-10,Preston,West Virginia,54077.0,24,2.0,0.0,,,,-0.023700001000000002
369784,2020-06-11,Preston,West Virginia,54077.0,24,2.0,0.0,,,,-0.029300001000000003
369785,2020-06-12,Preston,West Virginia,54077.0,24,2.0,0.0,,,,-0.060899999
369786,2020-06-13,Preston,West Virginia,54077.0,24,2.0,0.0,,,,-0.0109
369787,2020-06-14,Preston,West Virginia,54077.0,24,2.0,0.0,,,,-0.044399999
369788,2020-06-15,Preston,West Virginia,54077.0,24,2.0,0.0,,,,-0.058899999
369789,2020-06-16,Preston,West Virginia,54077.0,25,2.0,1.0,,,,-0.080799997
369790,2020-06-17,Preston,West Virginia,54077.0,29,2.0,4.0,,,,-0.0124
369791,2020-06-18,Preston,West Virginia,54077.0,36,2.0,7.0,,,,-0.0116
369792,2020-06-19,Preston,West Virginia,54077.0,43,2.0,7.0,,,,0.013000000000000001
369793,2020-06-20,Preston,West Virginia,54077.0,48,2.0,5.0,,,,-0.0086099999
369794,2020-06-21,Preston,West Virginia,54077.0,64,2.0,16.0,,,,0.0173
369795,2020-06-22,Preston,West Virginia,54077.0,63,2.0,-1.0,,,,0.038800001
369796,2020-06-23,Preston,West Virginia,54077.0,64,2.0,1.0,,,,0.0973
369797,2020-06-24,Preston,West Virginia,54077.0,64,2.0,0.0,,,,0.0757
369798,2020-06-25,Preston,West Virginia,54077.0,70,2.0,6.0,,,,0.0018
369799,2020-06-26,Preston,West Virginia,54077.0,74,2.0,4.0,,,,-0.030999999
369800,2020-06-27,Preston,West Virginia,54077.0,74,2.0,0.0,,,,-0.0133
369801,2020-06-28,Preston,West Virginia,54077.0,75,2.0,1.0,,,,-0.0081099998
369802,2020-06-29,Preston,West Virginia,54077.0,77,2.0,2.0,,,,-0.0164
369803,2020-06-30,Preston,West Virginia,54077.0,78,2.0,1.0,,,,-0.0372
369804,2020-07-01,Preston,West Virginia,54077.0,79,2.0,1.0,,,,0.00813
369805,2020-07-02,Preston,West Virginia,54077.0,82,2.0,3.0,,,,0.069300003
369806,2020-07-03,Preston,West Virginia,54077.0,84,2.0,2.0,,,,0.041000001
369807,2020-07-04,Preston,West Virginia,54077.0,86,2.0,2.0,,,,0.083800003
369808,2020-07-05,Preston,West Virginia,54077.0,88,2.0,2.0,,,,0.076899998
369809,2020-07-06,Preston,West Virginia,54077.0,89,2.0,1.0,,,,0.102
369810,2020-07-07,Preston,West Virginia,54077.0,89,2.0,0.0,,,,0.094999999
369811,2020-07-08,Preston,West Virginia,54077.0,91,2.0,2.0,,,,0.0414
369812,2020-07-09,Preston,West Virginia,54077.0,94,2.0,3.0,,,,0.075199999
369813,2020-07-10,Preston,West Virginia,54077.0,95,2.0,1.0,,,,0.0854
369814,2020-07-11,Preston,West Virginia,54077.0,93,2.0,-2.0,,,,0.07379999799999999
369815,2020-07-12,Preston,West Virginia,54077.0,100,2.0,7.0,,,,0.0482
369816,2020-07-13,Preston,West Virginia,54077.0,102,2.0,2.0,,,,0.017200001
369817,2020-07-14,Preston,West Virginia,54077.0,105,2.0,3.0,,,,0.0071399999
369818,2020-07-15,Preston,West Virginia,54077.0,107,2.0,2.0,,,,0.044300001
369819,2020-07-16,Preston,West Virginia,54077.0,109,2.0,2.0,,,,0.0106
369820,2020-07-17,Preston,West Virginia,54077.0,114,2.0,5.0,,,,0.030200001
369821,2020-07-18,Preston,West Virginia,54077.0,114,2.0,0.0,,,,0.0381
369822,2020-07-19,Preston,West Virginia,54077.0,113,2.0,-1.0,,,,0.061099999
369823,2020-07-20,Preston,West Virginia,54077.0,114,2.0,1.0,,,,0.048300002
369824,2020-07-21,Preston,West Virginia,54077.0,114,2.0,0.0,,,,0.05739999900000001
369825,2020-07-22,Preston,West Virginia,54077.0,114,2.0,0.0,,,,0.053599997999999996
369826,2020-07-23,Preston,West Virginia,54077.0,114,2.0,0.0,,,,0.055799997999999996
369827,2020-07-24,Preston,West Virginia,54077.0,115,2.0,1.0,,,,0.047800000999999995
369828,2020-07-25,Preston,West Virginia,54077.0,119,2.0,4.0,,,,0.0196
369829,2020-07-26,Preston,West Virginia,54077.0,120,2.0,1.0,,,,-0.0058300002
369830,2020-07-27,Preston,West Virginia,54077.0,120,2.0,0.0,,,,-0.0060200002
369831,2020-07-28,Preston,West Virginia,54077.0,119,3.0,-1.0,,,,0.0065700002
369832,2020-07-29,Preston,West Virginia,54077.0,119,3.0,0.0,,,,0.00379
369833,2020-07-30,Preston,West Virginia,54077.0,120,3.0,1.0,,,,-0.013999999999999999
369834,2020-07-31,Preston,West Virginia,54077.0,122,3.0,2.0,,,,0.015799999
369835,2020-08-01,Preston,West Virginia,54077.0,123,3.0,1.0,,,,0.0137
369836,2020-08-02,Preston,West Virginia,54077.0,123,3.0,0.0,,,,-0.0102
369837,2020-08-03,Preston,West Virginia,54077.0,124,3.0,1.0,,,,0.020199999
369838,2020-08-04,Preston,West Virginia,54077.0,125,4.0,1.0,,,,0.0029200001
369839,2020-08-05,Preston,West Virginia,54077.0,125,4.0,0.0,,,,-0.022299998999999997
369840,2020-08-06,Preston,West Virginia,54077.0,123,4.0,-2.0,,,,-0.0078400001
369841,2020-08-07,Preston,West Virginia,54077.0,122,4.0,-1.0,,,,-0.0175
369842,2020-08-08,Preston,West Virginia,54077.0,124,4.0,2.0,,,,-0.013999999999999999
369843,2020-08-09,Preston,West Virginia,54077.0,125,4.0,1.0,,,,0.0195
369844,2020-08-10,Preston,West Virginia,54077.0,125,4.0,0.0,,,,0.0111
369845,2020-08-11,Preston,West Virginia,54077.0,125,4.0,0.0,,,,0.0252
369846,2020-08-12,Preston,West Virginia,54077.0,125,4.0,0.0,,,,0.009820000300000001
369847,2020-08-13,Preston,West Virginia,54077.0,125,4.0,0.0,,,,0.0309
369848,2020-08-14,Preston,West Virginia,54077.0,127,4.0,2.0,,,,0.037599999
369849,2020-08-15,Preston,West Virginia,54077.0,128,4.0,1.0,,,,0.050299998
369850,2020-08-16,Preston,West Virginia,54077.0,130,4.0,2.0,,,,0.0517
369851,2020-08-17,Preston,West Virginia,54077.0,130,4.0,0.0,,,,0.061799999
369852,2020-08-18,Preston,West Virginia,54077.0,131,4.0,1.0,,,,0.053300001
369853,2020-08-19,Preston,West Virginia,54077.0,131,4.0,0.0,,,,0.057100002000000004
369854,2020-08-20,Preston,West Virginia,54077.0,132,4.0,1.0,,,,0.031300001
369855,2020-08-21,Preston,West Virginia,54077.0,133,4.0,1.0,,,,0.0040500001
369856,2020-08-22,Preston,West Virginia,54077.0,134,4.0,1.0,,,,0.016000001
369857,2020-08-23,Preston,West Virginia,54077.0,134,4.0,0.0,,,,0.033799998
369858,2020-08-24,Preston,West Virginia,54077.0,135,4.0,1.0,,,,0.020099999
369859,2020-08-25,Preston,West Virginia,54077.0,136,4.0,1.0,,,,0.0142
369860,2020-08-26,Preston,West Virginia,54077.0,136,4.0,0.0,,,,0.031399999
369861,2020-08-27,Preston,West Virginia,54077.0,136,4.0,0.0,,,,0.044799998
369862,2020-08-28,Preston,West Virginia,54077.0,138,4.0,2.0,,,,0.0425
369863,2020-08-29,Preston,West Virginia,54077.0,139,4.0,1.0,,,,0.043699998
369864,2020-08-30,Preston,West Virginia,54077.0,140,4.0,1.0,,,,0.0251
369865,2020-08-31,Preston,West Virginia,54077.0,140,4.0,0.0,,,,0.0285
369866,2020-09-01,Preston,West Virginia,54077.0,140,4.0,0.0,,,,0.05550000099999999
369867,2020-09-02,Preston,West Virginia,54077.0,140,4.0,0.0,,,,0.076899998
369868,2020-09-03,Preston,West Virginia,54077.0,140,4.0,0.0,,,,0.06319999700000001
369869,2020-09-04,Preston,West Virginia,54077.0,140,4.0,0.0,,,,0.069399998
369870,2020-09-05,Preston,West Virginia,54077.0,141,4.0,1.0,,,,0.043000000999999996
369871,2020-09-06,Preston,West Virginia,54077.0,141,4.0,0.0,,,,0.020500001
369872,2020-09-07,Preston,West Virginia,54077.0,141,4.0,0.0,,,,-0.0154
369873,2020-09-08,Preston,West Virginia,54077.0,142,4.0,1.0,,,,0.0060100001
369874,2020-09-09,Preston,West Virginia,54077.0,142,4.0,0.0,,,,-0.0195
369875,2020-09-10,Preston,West Virginia,54077.0,142,4.0,0.0,,,,-0.098499998
369876,2020-09-11,Preston,West Virginia,54077.0,143,4.0,1.0,,,,-0.0854
369877,2020-09-12,Preston,West Virginia,54077.0,142,4.0,-1.0,,,,-0.09390000300000001
369878,2020-09-13,Preston,West Virginia,54077.0,142,4.0,0.0,,,,-0.072800003
369879,2020-09-14,Preston,West Virginia,54077.0,142,4.0,0.0,,,,-0.039000001
369880,2020-09-15,Preston,West Virginia,54077.0,143,4.0,1.0,,,,-0.0078199999
369881,2020-09-16,Preston,West Virginia,54077.0,143,4.0,0.0,,,,0.0107
369882,2020-09-17,Preston,West Virginia,54077.0,145,4.0,2.0,,,,0.008449999599999999
369883,2020-09-18,Preston,West Virginia,54077.0,147,4.0,2.0,,,,0.068400003
369884,2020-09-19,Preston,West Virginia,54077.0,149,4.0,2.0,,,,0.13600001
369885,2020-09-20,Preston,West Virginia,54077.0,149,4.0,0.0,,,,0.125
369886,2020-09-21,Preston,West Virginia,54077.0,149,4.0,0.0,,,,0.0792
369887,2020-09-22,Preston,West Virginia,54077.0,149,4.0,0.0,,,,0.081200004
369888,2020-09-23,Preston,West Virginia,54077.0,150,4.0,1.0,,,,0.089299999
369889,2020-09-24,Preston,West Virginia,54077.0,151,4.0,1.0,,,,0.109
369890,2020-09-25,Preston,West Virginia,54077.0,152,4.0,1.0,,,,0.051800001
369891,2020-09-26,Preston,West Virginia,54077.0,153,4.0,1.0,,,,0.0074800001
369892,2020-09-27,Preston,West Virginia,54077.0,154,4.0,1.0,,,,0.0049000001
369893,2020-09-28,Preston,West Virginia,54077.0,157,4.0,3.0,,,,0.028200001000000002
369894,2020-09-29,Preston,West Virginia,54077.0,157,5.0,0.0,,,,0.0068199998
369895,2020-09-30,Preston,West Virginia,54077.0,157,5.0,0.0,,,,0.0539
369896,2020-10-01,Preston,West Virginia,54077.0,158,5.0,1.0,,,,0.026799998999999998
369897,2020-10-02,Preston,West Virginia,54077.0,161,4.0,3.0,,,,0.0253
369898,2020-10-03,Preston,West Virginia,54077.0,161,4.0,0.0,,,,0.066200003
369899,2020-10-04,Preston,West Virginia,54077.0,161,4.0,0.0,,,,0.068899997
369900,2020-10-05,Preston,West Virginia,54077.0,161,4.0,0.0,,,,0.102
369901,2020-10-06,Preston,West Virginia,54077.0,161,4.0,0.0,,,,0.11800000000000001
369902,2020-10-07,Preston,West Virginia,54077.0,162,4.0,1.0,,,,0.12
369903,2020-10-08,Preston,West Virginia,54077.0,165,4.0,3.0,,,,0.091300003
369904,2020-10-09,Preston,West Virginia,54077.0,168,4.0,3.0,,,,0.109
369905,2020-10-10,Preston,West Virginia,54077.0,170,4.0,2.0,,,,0.107
369906,2020-10-11,Preston,West Virginia,54077.0,171,4.0,1.0,,,,0.124
369907,2020-10-12,Preston,West Virginia,54077.0,171,4.0,0.0,,,,0.1
369908,2020-10-13,Preston,West Virginia,54077.0,171,4.0,0.0,,,,0.099799998
369909,2020-10-14,Preston,West Virginia,54077.0,171,4.0,0.0,,,,0.091499999
369910,2020-10-15,Preston,West Virginia,54077.0,172,4.0,1.0,,,,0.12800001
369911,2020-10-16,Preston,West Virginia,54077.0,174,4.0,2.0,,,,0.13600001
369912,2020-10-17,Preston,West Virginia,54077.0,174,4.0,0.0,,,,0.131
369913,2020-10-18,Preston,West Virginia,54077.0,174,4.0,0.0,,,,0.13
369914,2020-10-19,Preston,West Virginia,54077.0,176,4.0,2.0,,,,0.13600001
369915,2020-10-20,Preston,West Virginia,54077.0,179,4.0,3.0,,,,0.13
369916,2020-10-21,Preston,West Virginia,54077.0,181,4.0,2.0,,,,0.115
369917,2020-10-22,Preston,West Virginia,54077.0,186,4.0,5.0,,,,0.0867
369918,2020-10-23,Preston,West Virginia,54077.0,192,4.0,6.0,,,,0.11199999999999999
369919,2020-10-24,Preston,West Virginia,54077.0,194,4.0,2.0,,,,0.122
369920,2020-10-25,Preston,West Virginia,54077.0,194,4.0,0.0,,,,0.109
369921,2020-10-26,Preston,West Virginia,54077.0,199,4.0,5.0,,,,0.074199997
369922,2020-10-27,Preston,West Virginia,54077.0,199,4.0,0.0,,,,0.064000003
369923,2020-10-28,Preston,West Virginia,54077.0,199,4.0,0.0,,,,0.059900000999999994
369924,2020-10-29,Preston,West Virginia,54077.0,200,4.0,1.0,,,,0.0548
369925,2020-10-30,Preston,West Virginia,54077.0,208,4.0,8.0,,,,0.081699997
369926,2020-10-31,Preston,West Virginia,54077.0,214,4.0,6.0,,,,0.068499997
369927,2020-11-01,Preston,West Virginia,54077.0,225,4.0,11.0,,,,0.0429
369928,2020-11-02,Preston,West Virginia,54077.0,227,4.0,2.0,,,,0.049600001
369929,2020-11-03,Preston,West Virginia,54077.0,236,4.0,9.0,,,,0.049199997999999995
369930,2020-11-04,Preston,West Virginia,54077.0,238,4.0,2.0,,,,0.0156
369931,2020-11-05,Preston,West Virginia,54077.0,249,4.0,11.0,,,,-0.0184
369932,2020-11-06,Preston,West Virginia,54077.0,252,4.0,3.0,,,,-0.056299999
369933,2020-11-07,Preston,West Virginia,54077.0,264,5.0,12.0,,,,-0.111
369934,2020-11-08,Preston,West Virginia,54077.0,272,5.0,8.0,,,,-0.13699999
369935,2020-11-09,Preston,West Virginia,54077.0,279,6.0,7.0,,,,-0.12800001
369936,2020-11-10,Preston,West Virginia,54077.0,280,7.0,1.0,,,,-0.106
369937,2020-11-11,Preston,West Virginia,54077.0,287,7.0,7.0,,,,-0.056200001
369938,2020-11-12,Preston,West Virginia,54077.0,293,7.0,6.0,,,,-0.069499999
369939,2020-11-13,Preston,West Virginia,54077.0,301,6.0,8.0,,,,-0.1
369940,2020-11-14,Preston,West Virginia,54077.0,321,6.0,20.0,,,,-0.027899998999999998
369941,2020-11-15,Preston,West Virginia,54077.0,337,6.0,16.0,,,,-0.031800002
369942,2020-11-16,Preston,West Virginia,54077.0,350,6.0,13.0,,,,-0.053800002
369943,2020-11-17,Preston,West Virginia,54077.0,364,6.0,14.0,,,,-0.084600002
369944,2020-11-18,Preston,West Virginia,54077.0,376,6.0,12.0,,,,-0.054200001
369945,2020-11-19,Preston,West Virginia,54077.0,405,6.0,29.0,,,,-0.065399997
369946,2020-11-20,Preston,West Virginia,54077.0,420,6.0,15.0,,,,-0.0295
369947,2020-11-21,Preston,West Virginia,54077.0,432,6.0,12.0,,,,-0.023
369948,2020-11-22,Preston,West Virginia,54077.0,466,6.0,34.0,,,,-0.0114
