,date,county,state,fips,cases,deaths,new_cases,emp_combined,emp_combined_inclow,revenue_all,spend_all
372860,2020-03-30,Door,Wisconsin,55029.0,1,0.0,0.0,,,,-0.38499999
372861,2020-03-31,Door,Wisconsin,55029.0,1,0.0,0.0,,,,-0.35100001
372862,2020-04-01,Door,Wisconsin,55029.0,1,0.0,0.0,,,,-0.29699999
372863,2020-04-02,Door,Wisconsin,55029.0,2,0.0,1.0,,,,-0.27599999
372864,2020-04-03,Door,Wisconsin,55029.0,2,0.0,0.0,,,,-0.266
372865,2020-04-04,Door,Wisconsin,55029.0,2,0.0,0.0,,,,-0.25
372866,2020-04-05,Door,Wisconsin,55029.0,4,0.0,2.0,,,,-0.26499999
372867,2020-04-06,Door,Wisconsin,55029.0,4,0.0,0.0,,,,-0.30000001
372868,2020-04-07,Door,Wisconsin,55029.0,7,0.0,3.0,,,,-0.33799999999999997
372869,2020-04-08,Door,Wisconsin,55029.0,7,0.0,0.0,,,,-0.34900001
372870,2020-04-09,Door,Wisconsin,55029.0,8,0.0,1.0,,,,-0.35100001
372871,2020-04-10,Door,Wisconsin,55029.0,8,0.0,0.0,,,,-0.34
372872,2020-04-11,Door,Wisconsin,55029.0,9,0.0,1.0,,,,-0.287
372873,2020-04-12,Door,Wisconsin,55029.0,9,0.0,0.0,,,,-0.29100001
372874,2020-04-13,Door,Wisconsin,55029.0,9,0.0,0.0,,,,-0.27500001
372875,2020-04-14,Door,Wisconsin,55029.0,9,1.0,0.0,,,,-0.25999999
372876,2020-04-15,Door,Wisconsin,55029.0,9,1.0,0.0,,,,-0.16599999
372877,2020-04-16,Door,Wisconsin,55029.0,9,1.0,0.0,,,,-0.141
372878,2020-04-17,Door,Wisconsin,55029.0,9,1.0,0.0,,,,-0.126
372879,2020-04-18,Door,Wisconsin,55029.0,9,1.0,0.0,,,,-0.175
372880,2020-04-19,Door,Wisconsin,55029.0,9,1.0,0.0,,,,-0.183
372881,2020-04-20,Door,Wisconsin,55029.0,9,1.0,0.0,,,,-0.18600000000000003
372882,2020-04-21,Door,Wisconsin,55029.0,9,1.0,0.0,,,,-0.18899999999999997
372883,2020-04-22,Door,Wisconsin,55029.0,9,1.0,0.0,,,,-0.18899999999999997
372884,2020-04-23,Door,Wisconsin,55029.0,9,1.0,0.0,,,,-0.19499999
372885,2020-04-24,Door,Wisconsin,55029.0,9,1.0,0.0,,,,-0.27700001
372886,2020-04-25,Door,Wisconsin,55029.0,10,1.0,1.0,,,,-0.25600001
372887,2020-04-26,Door,Wisconsin,55029.0,10,1.0,0.0,,,,-0.204
372888,2020-04-27,Door,Wisconsin,55029.0,10,1.0,0.0,,,,-0.21100000000000002
372889,2020-04-28,Door,Wisconsin,55029.0,12,1.0,2.0,,,,-0.22
372890,2020-04-29,Door,Wisconsin,55029.0,12,2.0,0.0,,,,-0.23399999999999999
372891,2020-04-30,Door,Wisconsin,55029.0,12,2.0,0.0,,,,-0.15700001
372892,2020-05-01,Door,Wisconsin,55029.0,12,2.0,0.0,,,,-0.134
372893,2020-05-02,Door,Wisconsin,55029.0,14,3.0,2.0,,,,-0.149
372894,2020-05-03,Door,Wisconsin,55029.0,15,3.0,1.0,,,,-0.122
372895,2020-05-04,Door,Wisconsin,55029.0,15,3.0,0.0,,,,-0.09000000400000001
372896,2020-05-05,Door,Wisconsin,55029.0,18,3.0,3.0,,,,-0.113
372897,2020-05-06,Door,Wisconsin,55029.0,18,3.0,0.0,,,,-0.12899999
372898,2020-05-07,Door,Wisconsin,55029.0,18,3.0,0.0,,,,-0.10400000000000001
372899,2020-05-08,Door,Wisconsin,55029.0,18,3.0,0.0,,,,-0.072800003
372900,2020-05-09,Door,Wisconsin,55029.0,20,3.0,2.0,,,,-0.051199999
372901,2020-05-10,Door,Wisconsin,55029.0,21,3.0,1.0,,,,-0.08800000000000001
372902,2020-05-11,Door,Wisconsin,55029.0,22,3.0,1.0,,,,-0.132
372903,2020-05-12,Door,Wisconsin,55029.0,22,3.0,0.0,,,,-0.098700002
372904,2020-05-13,Door,Wisconsin,55029.0,23,3.0,1.0,,,,-0.076099999
372905,2020-05-14,Door,Wisconsin,55029.0,23,3.0,0.0,,,,-0.0902
372906,2020-05-15,Door,Wisconsin,55029.0,29,3.0,6.0,,,,-0.11599999999999999
372907,2020-05-16,Door,Wisconsin,55029.0,33,3.0,4.0,,,,-0.12899999
372908,2020-05-17,Door,Wisconsin,55029.0,33,3.0,0.0,,,,-0.11199999999999999
372909,2020-05-18,Door,Wisconsin,55029.0,33,3.0,0.0,,,,-0.071199998
372910,2020-05-19,Door,Wisconsin,55029.0,33,3.0,0.0,,,,-0.0352
372911,2020-05-20,Door,Wisconsin,55029.0,34,3.0,1.0,,,,-0.017899999
372912,2020-05-21,Door,Wisconsin,55029.0,34,3.0,0.0,,,,-0.017100001
372913,2020-05-22,Door,Wisconsin,55029.0,35,3.0,1.0,,,,0.0198
372914,2020-05-23,Door,Wisconsin,55029.0,37,3.0,2.0,,,,0.0206
372915,2020-05-24,Door,Wisconsin,55029.0,37,3.0,0.0,,,,0.015799999
372916,2020-05-25,Door,Wisconsin,55029.0,37,3.0,0.0,,,,0.023700001000000002
372917,2020-05-26,Door,Wisconsin,55029.0,38,3.0,1.0,,,,-0.00119
372918,2020-05-27,Door,Wisconsin,55029.0,38,3.0,0.0,,,,0.0148
372919,2020-05-28,Door,Wisconsin,55029.0,38,3.0,0.0,,,,-0.0072300001
372920,2020-05-29,Door,Wisconsin,55029.0,38,3.0,0.0,,,,-0.028100001
372921,2020-05-30,Door,Wisconsin,55029.0,38,3.0,0.0,,,,-0.054900002
372922,2020-05-31,Door,Wisconsin,55029.0,38,3.0,0.0,,,,-0.045699999000000005
372923,2020-06-01,Door,Wisconsin,55029.0,38,3.0,0.0,,,,-0.0425
372924,2020-06-02,Door,Wisconsin,55029.0,38,3.0,0.0,,,,-0.0623
372925,2020-06-03,Door,Wisconsin,55029.0,38,3.0,0.0,,,,-0.105
372926,2020-06-04,Door,Wisconsin,55029.0,40,3.0,2.0,,,,-0.0458
372927,2020-06-05,Door,Wisconsin,55029.0,39,3.0,-1.0,,,,-0.009859999599999999
372928,2020-06-06,Door,Wisconsin,55029.0,39,3.0,0.0,,,,-0.0436
372929,2020-06-07,Door,Wisconsin,55029.0,39,3.0,0.0,,,,-0.0124
372930,2020-06-08,Door,Wisconsin,55029.0,39,3.0,0.0,,,,0.0196
372931,2020-06-09,Door,Wisconsin,55029.0,39,3.0,0.0,,,,0.008440000000000001
372932,2020-06-10,Door,Wisconsin,55029.0,39,3.0,0.0,,,,0.0135
372933,2020-06-11,Door,Wisconsin,55029.0,39,3.0,0.0,,,,0.015
372934,2020-06-12,Door,Wisconsin,55029.0,41,3.0,2.0,,,,0.0155
372935,2020-06-13,Door,Wisconsin,55029.0,39,3.0,-2.0,,,,0.027000001000000003
372936,2020-06-14,Door,Wisconsin,55029.0,39,3.0,0.0,,,,0.0137
372937,2020-06-15,Door,Wisconsin,55029.0,39,3.0,0.0,,,,0.017200001
372938,2020-06-16,Door,Wisconsin,55029.0,39,3.0,0.0,,,,0.048
372939,2020-06-17,Door,Wisconsin,55029.0,39,3.0,0.0,,,,0.033300001
372940,2020-06-18,Door,Wisconsin,55029.0,39,3.0,0.0,,,,0.0272
372941,2020-06-19,Door,Wisconsin,55029.0,40,3.0,1.0,,,,0.034000002
372942,2020-06-20,Door,Wisconsin,55029.0,40,3.0,0.0,,,,0.0469
372943,2020-06-21,Door,Wisconsin,55029.0,40,3.0,0.0,,,,0.034600001
372944,2020-06-22,Door,Wisconsin,55029.0,40,3.0,0.0,,,,-0.0006840000299999999
372945,2020-06-23,Door,Wisconsin,55029.0,40,3.0,0.0,,,,-0.027899998999999998
372946,2020-06-24,Door,Wisconsin,55029.0,40,3.0,0.0,,,,-0.0416
372947,2020-06-25,Door,Wisconsin,55029.0,40,3.0,0.0,,,,-0.066500001
372948,2020-06-26,Door,Wisconsin,55029.0,43,3.0,3.0,,,,-0.061799999
372949,2020-06-27,Door,Wisconsin,55029.0,43,3.0,0.0,,,,-0.055
372950,2020-06-28,Door,Wisconsin,55029.0,43,3.0,0.0,,,,-0.074100003
372951,2020-06-29,Door,Wisconsin,55029.0,43,3.0,0.0,,,,-0.054400000999999996
372952,2020-06-30,Door,Wisconsin,55029.0,44,3.0,1.0,,,,-0.0061300001000000005
372953,2020-07-01,Door,Wisconsin,55029.0,43,3.0,-1.0,,,,-0.00875
372954,2020-07-02,Door,Wisconsin,55029.0,44,3.0,1.0,,,,-0.016899999
372955,2020-07-03,Door,Wisconsin,55029.0,45,3.0,1.0,,,,-0.0458
372956,2020-07-04,Door,Wisconsin,55029.0,44,3.0,-1.0,,,,-0.026699999
372957,2020-07-05,Door,Wisconsin,55029.0,45,3.0,1.0,,,,0.0287
372958,2020-07-06,Door,Wisconsin,55029.0,45,3.0,0.0,,,,-0.0028200001
372959,2020-07-07,Door,Wisconsin,55029.0,49,3.0,4.0,,,,-0.027899998999999998
372960,2020-07-08,Door,Wisconsin,55029.0,50,3.0,1.0,,,,-0.035300002000000004
372961,2020-07-09,Door,Wisconsin,55029.0,52,3.0,2.0,,,,-0.059599999
372962,2020-07-10,Door,Wisconsin,55029.0,53,3.0,1.0,,,,-0.07020000400000001
372963,2020-07-11,Door,Wisconsin,55029.0,53,3.0,0.0,,,,-0.08640000199999999
372964,2020-07-12,Door,Wisconsin,55029.0,54,3.0,1.0,,,,-0.0583
372965,2020-07-13,Door,Wisconsin,55029.0,54,3.0,0.0,,,,-0.067599997
372966,2020-07-14,Door,Wisconsin,55029.0,58,3.0,4.0,,,,-0.084399998
372967,2020-07-15,Door,Wisconsin,55029.0,65,3.0,7.0,,,,-0.059000000000000004
372968,2020-07-16,Door,Wisconsin,55029.0,66,3.0,1.0,,,,-0.040399998
372969,2020-07-17,Door,Wisconsin,55029.0,70,3.0,4.0,,,,-0.048700001
372970,2020-07-18,Door,Wisconsin,55029.0,73,3.0,3.0,,,,-0.052499998
372971,2020-07-19,Door,Wisconsin,55029.0,73,3.0,0.0,,,,-0.0704
372972,2020-07-20,Door,Wisconsin,55029.0,74,3.0,1.0,,,,-0.0682
372973,2020-07-21,Door,Wisconsin,55029.0,74,3.0,0.0,,,,-0.07150000299999999
372974,2020-07-22,Door,Wisconsin,55029.0,75,3.0,1.0,,,,-0.09839999699999999
372975,2020-07-23,Door,Wisconsin,55029.0,78,3.0,3.0,,,,-0.0814
372976,2020-07-24,Door,Wisconsin,55029.0,80,3.0,2.0,,,,-0.077600002
372977,2020-07-25,Door,Wisconsin,55029.0,82,3.0,2.0,,,,-0.08349999799999999
372978,2020-07-26,Door,Wisconsin,55029.0,82,3.0,0.0,,,,-0.069399998
372979,2020-07-27,Door,Wisconsin,55029.0,82,3.0,0.0,,,,-0.079899997
372980,2020-07-28,Door,Wisconsin,55029.0,81,3.0,-1.0,,,,-0.08940000099999999
372981,2020-07-29,Door,Wisconsin,55029.0,82,3.0,1.0,,,,-0.091799997
372982,2020-07-30,Door,Wisconsin,55029.0,84,3.0,2.0,,,,-0.1
372983,2020-07-31,Door,Wisconsin,55029.0,84,3.0,0.0,,,,-0.11
372984,2020-08-01,Door,Wisconsin,55029.0,85,3.0,1.0,,,,-0.114
372985,2020-08-02,Door,Wisconsin,55029.0,85,3.0,0.0,,,,-0.11699999999999999
372986,2020-08-03,Door,Wisconsin,55029.0,85,3.0,0.0,,,,-0.124
372987,2020-08-04,Door,Wisconsin,55029.0,91,3.0,6.0,,,,-0.127
372988,2020-08-05,Door,Wisconsin,55029.0,98,3.0,7.0,,,,-0.142
372989,2020-08-06,Door,Wisconsin,55029.0,101,3.0,3.0,,,,-0.155
372990,2020-08-07,Door,Wisconsin,55029.0,102,3.0,1.0,,,,-0.134
372991,2020-08-08,Door,Wisconsin,55029.0,103,3.0,1.0,,,,-0.127
372992,2020-08-09,Door,Wisconsin,55029.0,106,3.0,3.0,,,,-0.13
372993,2020-08-10,Door,Wisconsin,55029.0,106,3.0,0.0,,,,-0.086499996
372994,2020-08-11,Door,Wisconsin,55029.0,107,3.0,1.0,,,,-0.0548
372995,2020-08-12,Door,Wisconsin,55029.0,107,3.0,0.0,,,,-0.0147
372996,2020-08-13,Door,Wisconsin,55029.0,109,3.0,2.0,,,,0.0233
372997,2020-08-14,Door,Wisconsin,55029.0,109,3.0,0.0,,,,-0.0093099996
372998,2020-08-15,Door,Wisconsin,55029.0,115,3.0,6.0,,,,-0.0164
372999,2020-08-16,Door,Wisconsin,55029.0,114,3.0,-1.0,,,,-0.026900001
373000,2020-08-17,Door,Wisconsin,55029.0,118,3.0,4.0,,,,-0.0656
373001,2020-08-18,Door,Wisconsin,55029.0,120,3.0,2.0,,,,-0.077
373002,2020-08-19,Door,Wisconsin,55029.0,121,3.0,1.0,,,,-0.1
373003,2020-08-20,Door,Wisconsin,55029.0,121,3.0,0.0,,,,-0.127
373004,2020-08-21,Door,Wisconsin,55029.0,123,3.0,2.0,,,,-0.113
373005,2020-08-22,Door,Wisconsin,55029.0,123,3.0,0.0,,,,-0.12
373006,2020-08-23,Door,Wisconsin,55029.0,124,3.0,1.0,,,,-0.106
373007,2020-08-24,Door,Wisconsin,55029.0,126,3.0,2.0,,,,-0.093000002
373008,2020-08-25,Door,Wisconsin,55029.0,127,3.0,1.0,,,,-0.09960000199999999
373009,2020-08-26,Door,Wisconsin,55029.0,128,3.0,1.0,,,,-0.11800000000000001
373010,2020-08-27,Door,Wisconsin,55029.0,128,3.0,0.0,,,,-0.124
373011,2020-08-28,Door,Wisconsin,55029.0,128,3.0,0.0,,,,-0.11800000000000001
373012,2020-08-29,Door,Wisconsin,55029.0,128,3.0,0.0,,,,-0.105
373013,2020-08-30,Door,Wisconsin,55029.0,128,3.0,0.0,,,,-0.109
373014,2020-08-31,Door,Wisconsin,55029.0,128,3.0,0.0,,,,-0.1
373015,2020-09-01,Door,Wisconsin,55029.0,134,3.0,6.0,,,,-0.102
373016,2020-09-02,Door,Wisconsin,55029.0,134,3.0,0.0,,,,-0.089699998
373017,2020-09-03,Door,Wisconsin,55029.0,138,3.0,4.0,,,,-0.088699996
373018,2020-09-04,Door,Wisconsin,55029.0,151,3.0,13.0,,,,-0.132
373019,2020-09-05,Door,Wisconsin,55029.0,156,3.0,5.0,,,,-0.11800000000000001
373020,2020-09-06,Door,Wisconsin,55029.0,159,3.0,3.0,,,,-0.08569999800000001
373021,2020-09-07,Door,Wisconsin,55029.0,160,3.0,1.0,,,,-0.113
373022,2020-09-08,Door,Wisconsin,55029.0,161,3.0,1.0,,,,-0.12800001
373023,2020-09-09,Door,Wisconsin,55029.0,166,3.0,5.0,,,,-0.093699999
373024,2020-09-10,Door,Wisconsin,55029.0,173,3.0,7.0,,,,-0.122
373025,2020-09-11,Door,Wisconsin,55029.0,184,3.0,11.0,,,,-0.063600004
373026,2020-09-12,Door,Wisconsin,55029.0,188,3.0,4.0,,,,-0.0691
373027,2020-09-13,Door,Wisconsin,55029.0,194,3.0,6.0,,,,-0.10300000000000001
373028,2020-09-14,Door,Wisconsin,55029.0,198,3.0,4.0,,,,-0.13600001
373029,2020-09-15,Door,Wisconsin,55029.0,202,3.0,4.0,,,,-0.146
373030,2020-09-16,Door,Wisconsin,55029.0,215,3.0,13.0,,,,-0.18799999
373031,2020-09-17,Door,Wisconsin,55029.0,220,3.0,5.0,,,,-0.15700001
373032,2020-09-18,Door,Wisconsin,55029.0,230,3.0,10.0,,,,-0.13500001
373033,2020-09-19,Door,Wisconsin,55029.0,249,3.0,19.0,,,,-0.14300001
373034,2020-09-20,Door,Wisconsin,55029.0,251,3.0,2.0,,,,-0.109
373035,2020-09-21,Door,Wisconsin,55029.0,255,3.0,4.0,,,,-0.081500001
373036,2020-09-22,Door,Wisconsin,55029.0,262,3.0,7.0,,,,-0.122
373037,2020-09-23,Door,Wisconsin,55029.0,283,3.0,21.0,,,,-0.12800001
373038,2020-09-24,Door,Wisconsin,55029.0,316,3.0,33.0,,,,-0.12
373039,2020-09-25,Door,Wisconsin,55029.0,328,3.0,12.0,,,,-0.131
373040,2020-09-26,Door,Wisconsin,55029.0,343,3.0,15.0,,,,-0.12899999
373041,2020-09-27,Door,Wisconsin,55029.0,358,3.0,15.0,,,,-0.13500001
373042,2020-09-28,Door,Wisconsin,55029.0,370,3.0,12.0,,,,-0.14
373043,2020-09-29,Door,Wisconsin,55029.0,383,3.0,13.0,,,,-0.124
373044,2020-09-30,Door,Wisconsin,55029.0,398,3.0,15.0,,,,-0.11
373045,2020-10-01,Door,Wisconsin,55029.0,412,3.0,14.0,,,,-0.105
373046,2020-10-02,Door,Wisconsin,55029.0,422,3.0,10.0,,,,-0.071199998
373047,2020-10-03,Door,Wisconsin,55029.0,439,3.0,17.0,,,,-0.0647
373048,2020-10-04,Door,Wisconsin,55029.0,454,3.0,15.0,,,,-0.069200002
373049,2020-10-05,Door,Wisconsin,55029.0,463,3.0,9.0,,,,-0.0524
373050,2020-10-06,Door,Wisconsin,55029.0,468,4.0,5.0,,,,-0.04630000099999999
373051,2020-10-07,Door,Wisconsin,55029.0,475,4.0,7.0,,,,-0.0493
373052,2020-10-08,Door,Wisconsin,55029.0,487,3.0,12.0,,,,-0.068400003
373053,2020-10-09,Door,Wisconsin,55029.0,517,4.0,30.0,,,,-0.091499999
373054,2020-10-10,Door,Wisconsin,55029.0,523,4.0,6.0,,,,-0.090499997
373055,2020-10-11,Door,Wisconsin,55029.0,542,4.0,19.0,,,,-0.10099999999999999
373056,2020-10-12,Door,Wisconsin,55029.0,546,4.0,4.0,,,,-0.11900000000000001
373057,2020-10-13,Door,Wisconsin,55029.0,568,4.0,22.0,,,,-0.08800000000000001
373058,2020-10-14,Door,Wisconsin,55029.0,593,4.0,25.0,,,,-0.069899999
373059,2020-10-15,Door,Wisconsin,55029.0,601,4.0,8.0,,,,-0.063699998
373060,2020-10-16,Door,Wisconsin,55029.0,621,4.0,20.0,,,,-0.084899999
373061,2020-10-17,Door,Wisconsin,55029.0,621,4.0,0.0,,,,-0.09239999900000001
373062,2020-10-18,Door,Wisconsin,55029.0,621,4.0,0.0,,,,-0.0592
373063,2020-10-19,Door,Wisconsin,55029.0,661,4.0,40.0,,,,-0.043000000999999996
373064,2020-10-20,Door,Wisconsin,55029.0,695,4.0,34.0,,,,-0.036200002
373065,2020-10-21,Door,Wisconsin,55029.0,713,4.0,18.0,,,,-0.047600000999999996
373066,2020-10-22,Door,Wisconsin,55029.0,741,4.0,28.0,,,,-0.07540000200000001
373067,2020-10-23,Door,Wisconsin,55029.0,775,4.0,34.0,,,,-0.063500002
373068,2020-10-24,Door,Wisconsin,55029.0,776,5.0,1.0,,,,-0.0418
373069,2020-10-25,Door,Wisconsin,55029.0,804,5.0,28.0,,,,-0.063900001
373070,2020-10-26,Door,Wisconsin,55029.0,810,5.0,6.0,,,,-0.090700001
373071,2020-10-27,Door,Wisconsin,55029.0,837,5.0,27.0,,,,-0.11599999999999999
373072,2020-10-28,Door,Wisconsin,55029.0,881,6.0,44.0,,,,-0.111
373073,2020-10-29,Door,Wisconsin,55029.0,932,7.0,51.0,,,,-0.052900000999999995
373074,2020-10-30,Door,Wisconsin,55029.0,962,8.0,30.0,,,,-0.06419999900000001
373075,2020-10-31,Door,Wisconsin,55029.0,994,9.0,32.0,,,,-0.082599998
373076,2020-11-01,Door,Wisconsin,55029.0,1022,9.0,28.0,,,,-0.079599999
373077,2020-11-02,Door,Wisconsin,55029.0,1029,9.0,7.0,,,,-0.08919999699999999
373078,2020-11-03,Door,Wisconsin,55029.0,1060,9.0,31.0,,,,-0.11800000000000001
373079,2020-11-04,Door,Wisconsin,55029.0,1113,9.0,53.0,,,,-0.15000001
373080,2020-11-05,Door,Wisconsin,55029.0,1146,9.0,33.0,,,,-0.138
373081,2020-11-06,Door,Wisconsin,55029.0,1190,9.0,44.0,,,,-0.097400002
373082,2020-11-07,Door,Wisconsin,55029.0,1234,10.0,44.0,,,,-0.095899999
373083,2020-11-08,Door,Wisconsin,55029.0,1270,10.0,36.0,,,,-0.090099998
373084,2020-11-09,Door,Wisconsin,55029.0,1299,10.0,29.0,,,,-0.08789999800000001
373085,2020-11-10,Door,Wisconsin,55029.0,1323,10.0,24.0,,,,-0.031800002
373086,2020-11-11,Door,Wisconsin,55029.0,1359,10.0,36.0,,,,0.036899998999999996
373087,2020-11-12,Door,Wisconsin,55029.0,1382,10.0,23.0,,,,-0.074900001
373088,2020-11-13,Door,Wisconsin,55029.0,1428,10.0,46.0,,,,-0.095899999
373089,2020-11-14,Door,Wisconsin,55029.0,1450,10.0,22.0,,,,-0.047899999000000006
373090,2020-11-15,Door,Wisconsin,55029.0,1483,10.0,33.0,,,,-0.063600004
373091,2020-11-16,Door,Wisconsin,55029.0,1494,10.0,11.0,,,,-0.069200002
373092,2020-11-17,Door,Wisconsin,55029.0,1512,10.0,18.0,,,,-0.07020000400000001
373093,2020-11-18,Door,Wisconsin,55029.0,1539,10.0,27.0,,,,-0.0041399999
373094,2020-11-19,Door,Wisconsin,55029.0,1566,10.0,27.0,,,,0.050999999000000004
373095,2020-11-20,Door,Wisconsin,55029.0,1593,10.0,27.0,,,,0.07379999799999999
373096,2020-11-21,Door,Wisconsin,55029.0,1617,11.0,24.0,,,,0.033100002
373097,2020-11-22,Door,Wisconsin,55029.0,1631,11.0,14.0,,,,0.0124
