,date,county,state,fips,cases,deaths,new_cases,emp_combined,emp_combined_inclow,revenue_all,spend_all
377355,2020-03-31,Oconto,Wisconsin,55083.0,1,0.0,0.0,,,,-0.43799999
377356,2020-04-01,Oconto,Wisconsin,55083.0,1,0.0,0.0,,,,-0.40799999
377357,2020-04-02,Oconto,Wisconsin,55083.0,1,0.0,0.0,,,,-0.38999999
377358,2020-04-03,Oconto,Wisconsin,55083.0,1,0.0,0.0,,,,-0.34700000000000003
377359,2020-04-04,Oconto,Wisconsin,55083.0,1,0.0,0.0,,,,-0.35499999
377360,2020-04-05,Oconto,Wisconsin,55083.0,1,0.0,0.0,,,,-0.35200000000000004
377361,2020-04-06,Oconto,Wisconsin,55083.0,1,0.0,0.0,,,,-0.32300001
377362,2020-04-07,Oconto,Wisconsin,55083.0,1,0.0,0.0,,,,-0.294
377363,2020-04-08,Oconto,Wisconsin,55083.0,2,0.0,1.0,,,,-0.28600001
377364,2020-04-09,Oconto,Wisconsin,55083.0,3,0.0,1.0,,,,-0.287
377365,2020-04-10,Oconto,Wisconsin,55083.0,3,0.0,0.0,,,,-0.303
377366,2020-04-11,Oconto,Wisconsin,55083.0,3,0.0,0.0,,,,-0.23100001
377367,2020-04-12,Oconto,Wisconsin,55083.0,3,0.0,0.0,,,,-0.28600001
377368,2020-04-13,Oconto,Wisconsin,55083.0,3,0.0,0.0,,,,-0.301
377369,2020-04-14,Oconto,Wisconsin,55083.0,4,0.0,1.0,,,,-0.303
377370,2020-04-15,Oconto,Wisconsin,55083.0,4,0.0,0.0,,,,-0.29300001
377371,2020-04-16,Oconto,Wisconsin,55083.0,4,0.0,0.0,,,,-0.25099999
377372,2020-04-17,Oconto,Wisconsin,55083.0,4,0.0,0.0,,,,-0.19599999
377373,2020-04-18,Oconto,Wisconsin,55083.0,4,0.0,0.0,,,,-0.24699999
377374,2020-04-19,Oconto,Wisconsin,55083.0,4,0.0,0.0,,,,-0.18099999
377375,2020-04-20,Oconto,Wisconsin,55083.0,5,0.0,1.0,,,,-0.16699999999999998
377376,2020-04-21,Oconto,Wisconsin,55083.0,5,0.0,0.0,,,,-0.133
377377,2020-04-22,Oconto,Wisconsin,55083.0,5,0.0,0.0,,,,-0.114
377378,2020-04-23,Oconto,Wisconsin,55083.0,5,0.0,0.0,,,,-0.17
377379,2020-04-24,Oconto,Wisconsin,55083.0,5,0.0,0.0,,,,-0.207
377380,2020-04-25,Oconto,Wisconsin,55083.0,6,0.0,1.0,,,,-0.20600000000000002
377381,2020-04-26,Oconto,Wisconsin,55083.0,7,0.0,1.0,,,,-0.221
377382,2020-04-27,Oconto,Wisconsin,55083.0,8,0.0,1.0,,,,-0.204
377383,2020-04-28,Oconto,Wisconsin,55083.0,8,0.0,0.0,,,,-0.222
377384,2020-04-29,Oconto,Wisconsin,55083.0,8,0.0,0.0,,,,-0.23199999
377385,2020-04-30,Oconto,Wisconsin,55083.0,10,0.0,2.0,,,,-0.213
377386,2020-05-01,Oconto,Wisconsin,55083.0,14,0.0,4.0,,,,-0.20299999
377387,2020-05-02,Oconto,Wisconsin,55083.0,15,0.0,1.0,,,,-0.204
377388,2020-05-03,Oconto,Wisconsin,55083.0,18,0.0,3.0,,,,-0.223
377389,2020-05-04,Oconto,Wisconsin,55083.0,18,0.0,0.0,,,,-0.182
377390,2020-05-05,Oconto,Wisconsin,55083.0,20,0.0,2.0,,,,-0.17
377391,2020-05-06,Oconto,Wisconsin,55083.0,23,0.0,3.0,,,,-0.14800000000000002
377392,2020-05-07,Oconto,Wisconsin,55083.0,26,0.0,3.0,,,,-0.122
377393,2020-05-08,Oconto,Wisconsin,55083.0,27,0.0,1.0,,,,-0.11900000000000001
377394,2020-05-09,Oconto,Wisconsin,55083.0,28,0.0,1.0,,,,-0.12300000000000001
377395,2020-05-10,Oconto,Wisconsin,55083.0,27,0.0,-1.0,,,,-0.115
377396,2020-05-11,Oconto,Wisconsin,55083.0,28,0.0,1.0,,,,-0.153
377397,2020-05-12,Oconto,Wisconsin,55083.0,28,0.0,0.0,,,,-0.15099999
377398,2020-05-13,Oconto,Wisconsin,55083.0,28,0.0,0.0,,,,-0.121
377399,2020-05-14,Oconto,Wisconsin,55083.0,28,0.0,0.0,,,,-0.14300001
377400,2020-05-15,Oconto,Wisconsin,55083.0,30,0.0,2.0,,,,-0.13500001
377401,2020-05-16,Oconto,Wisconsin,55083.0,30,0.0,0.0,,,,-0.11199999999999999
377402,2020-05-17,Oconto,Wisconsin,55083.0,30,0.0,0.0,,,,-0.08800000000000001
377403,2020-05-18,Oconto,Wisconsin,55083.0,30,0.0,0.0,,,,-0.10800000000000001
377404,2020-05-19,Oconto,Wisconsin,55083.0,30,0.0,0.0,,,,-0.061099999
377405,2020-05-20,Oconto,Wisconsin,55083.0,31,0.0,1.0,,,,-0.081100002
377406,2020-05-21,Oconto,Wisconsin,55083.0,31,0.0,0.0,,,,-0.068700001
377407,2020-05-22,Oconto,Wisconsin,55083.0,32,0.0,1.0,,,,-0.074900001
377408,2020-05-23,Oconto,Wisconsin,55083.0,34,0.0,2.0,,,,-0.10300000000000001
377409,2020-05-24,Oconto,Wisconsin,55083.0,34,0.0,0.0,,,,-0.122
377410,2020-05-25,Oconto,Wisconsin,55083.0,34,0.0,0.0,,,,-0.076800004
377411,2020-05-26,Oconto,Wisconsin,55083.0,34,0.0,0.0,,,,-0.15800001
377412,2020-05-27,Oconto,Wisconsin,55083.0,35,0.0,1.0,,,,-0.16
377413,2020-05-28,Oconto,Wisconsin,55083.0,35,0.0,0.0,,,,-0.08569999800000001
377414,2020-05-29,Oconto,Wisconsin,55083.0,35,0.0,0.0,,,,-0.047800000999999995
377415,2020-05-30,Oconto,Wisconsin,55083.0,37,0.0,2.0,,,,-0.028000001
377416,2020-05-31,Oconto,Wisconsin,55083.0,37,0.0,0.0,,,,-0.0148
377417,2020-06-01,Oconto,Wisconsin,55083.0,37,0.0,0.0,,,,0.054099999
377418,2020-06-02,Oconto,Wisconsin,55083.0,38,0.0,1.0,,,,0.044599999
377419,2020-06-03,Oconto,Wisconsin,55083.0,39,0.0,1.0,,,,-0.0070000002
377420,2020-06-04,Oconto,Wisconsin,55083.0,39,0.0,0.0,,,,-0.073700003
377421,2020-06-05,Oconto,Wisconsin,55083.0,39,0.0,0.0,,,,-0.067299999
377422,2020-06-06,Oconto,Wisconsin,55083.0,41,0.0,2.0,,,,-0.059000000000000004
377423,2020-06-07,Oconto,Wisconsin,55083.0,42,0.0,1.0,,,,-0.058600001
377424,2020-06-08,Oconto,Wisconsin,55083.0,42,0.0,0.0,,,,-0.05519999900000001
377425,2020-06-09,Oconto,Wisconsin,55083.0,42,0.0,0.0,,,,-0.08309999900000001
377426,2020-06-10,Oconto,Wisconsin,55083.0,42,0.0,0.0,,,,-0.054499999
377427,2020-06-11,Oconto,Wisconsin,55083.0,43,0.0,1.0,,,,-0.0277
377428,2020-06-12,Oconto,Wisconsin,55083.0,43,0.0,0.0,,,,-0.0078400001
377429,2020-06-13,Oconto,Wisconsin,55083.0,44,0.0,1.0,,,,-0.0073600002
377430,2020-06-14,Oconto,Wisconsin,55083.0,44,0.0,0.0,,,,-0.0361
377431,2020-06-15,Oconto,Wisconsin,55083.0,45,0.0,1.0,,,,-0.082599998
377432,2020-06-16,Oconto,Wisconsin,55083.0,45,0.0,0.0,,,,-0.044300001
377433,2020-06-17,Oconto,Wisconsin,55083.0,45,0.0,0.0,,,,-0.037900001
377434,2020-06-18,Oconto,Wisconsin,55083.0,46,0.0,1.0,,,,-0.065899998
377435,2020-06-19,Oconto,Wisconsin,55083.0,46,0.0,0.0,,,,-0.096900001
377436,2020-06-20,Oconto,Wisconsin,55083.0,46,0.0,0.0,,,,-0.077399999
377437,2020-06-21,Oconto,Wisconsin,55083.0,46,0.0,0.0,,,,-0.0116
377438,2020-06-22,Oconto,Wisconsin,55083.0,49,0.0,3.0,,,,-0.023800001
377439,2020-06-23,Oconto,Wisconsin,55083.0,49,0.0,0.0,,,,0.0064300001
377440,2020-06-24,Oconto,Wisconsin,55083.0,50,0.0,1.0,,,,0.0086099999
377441,2020-06-25,Oconto,Wisconsin,55083.0,51,0.0,1.0,,,,0.032600001
377442,2020-06-26,Oconto,Wisconsin,55083.0,52,0.0,1.0,,,,-0.0038000001
377443,2020-06-27,Oconto,Wisconsin,55083.0,53,0.0,1.0,,,,-0.061700001
377444,2020-06-28,Oconto,Wisconsin,55083.0,56,0.0,3.0,,,,-0.097400002
377445,2020-06-29,Oconto,Wisconsin,55083.0,56,0.0,0.0,,,,-0.086300001
377446,2020-06-30,Oconto,Wisconsin,55083.0,59,0.0,3.0,,,,-0.060199998
377447,2020-07-01,Oconto,Wisconsin,55083.0,61,0.0,2.0,,,,-0.045299999
377448,2020-07-02,Oconto,Wisconsin,55083.0,61,0.0,0.0,,,,-0.0109
377449,2020-07-03,Oconto,Wisconsin,55083.0,62,0.0,1.0,,,,-0.0091000004
377450,2020-07-04,Oconto,Wisconsin,55083.0,63,0.0,1.0,,,,0.068000004
377451,2020-07-05,Oconto,Wisconsin,55083.0,65,0.0,2.0,,,,0.034200002
377452,2020-07-06,Oconto,Wisconsin,55083.0,67,0.0,2.0,,,,0.0037700001
377453,2020-07-07,Oconto,Wisconsin,55083.0,69,0.0,2.0,,,,-0.0104
377454,2020-07-08,Oconto,Wisconsin,55083.0,69,0.0,0.0,,,,-0.0515
377455,2020-07-09,Oconto,Wisconsin,55083.0,73,0.0,4.0,,,,-0.081200004
377456,2020-07-10,Oconto,Wisconsin,55083.0,75,0.0,2.0,,,,-0.091799997
377457,2020-07-11,Oconto,Wisconsin,55083.0,78,0.0,3.0,,,,-0.048799999000000004
377458,2020-07-12,Oconto,Wisconsin,55083.0,85,0.0,7.0,,,,-0.0438
377459,2020-07-13,Oconto,Wisconsin,55083.0,88,0.0,3.0,,,,-0.054200001
377460,2020-07-14,Oconto,Wisconsin,55083.0,98,0.0,10.0,,,,-0.048799999000000004
377461,2020-07-15,Oconto,Wisconsin,55083.0,101,0.0,3.0,,,,0.0031099999
377462,2020-07-16,Oconto,Wisconsin,55083.0,104,0.0,3.0,,,,-0.015799999
377463,2020-07-17,Oconto,Wisconsin,55083.0,108,0.0,4.0,,,,-0.021400001000000002
377464,2020-07-18,Oconto,Wisconsin,55083.0,116,0.0,8.0,,,,-0.0594
377465,2020-07-19,Oconto,Wisconsin,55083.0,120,0.0,4.0,,,,-0.0491
377466,2020-07-20,Oconto,Wisconsin,55083.0,121,0.0,1.0,,,,-0.0581
377467,2020-07-21,Oconto,Wisconsin,55083.0,125,0.0,4.0,,,,-0.052999999000000006
377468,2020-07-22,Oconto,Wisconsin,55083.0,129,0.0,4.0,,,,-0.09000000400000001
377469,2020-07-23,Oconto,Wisconsin,55083.0,135,0.0,6.0,,,,-0.08389999699999999
377470,2020-07-24,Oconto,Wisconsin,55083.0,134,0.0,-1.0,,,,-0.0265
377471,2020-07-25,Oconto,Wisconsin,55083.0,137,0.0,3.0,,,,-0.037900001
377472,2020-07-26,Oconto,Wisconsin,55083.0,140,0.0,3.0,,,,-0.069899999
377473,2020-07-27,Oconto,Wisconsin,55083.0,143,0.0,3.0,,,,-0.063699998
377474,2020-07-28,Oconto,Wisconsin,55083.0,149,0.0,6.0,,,,-0.075499997
377475,2020-07-29,Oconto,Wisconsin,55083.0,154,0.0,5.0,,,,-0.071800001
377476,2020-07-30,Oconto,Wisconsin,55083.0,164,0.0,10.0,,,,-0.064900003
377477,2020-07-31,Oconto,Wisconsin,55083.0,164,0.0,0.0,,,,-0.10300000000000001
377478,2020-08-01,Oconto,Wisconsin,55083.0,178,0.0,14.0,,,,-0.062199999000000006
377479,2020-08-02,Oconto,Wisconsin,55083.0,183,0.0,5.0,,,,-0.055100000999999996
377480,2020-08-03,Oconto,Wisconsin,55083.0,183,0.0,0.0,,,,-0.038600001
377481,2020-08-04,Oconto,Wisconsin,55083.0,191,0.0,8.0,,,,-0.053800002
377482,2020-08-05,Oconto,Wisconsin,55083.0,200,0.0,9.0,,,,-0.075199999
377483,2020-08-06,Oconto,Wisconsin,55083.0,207,0.0,7.0,,,,-0.10800000000000001
377484,2020-08-07,Oconto,Wisconsin,55083.0,219,0.0,12.0,,,,-0.0726
377485,2020-08-08,Oconto,Wisconsin,55083.0,237,0.0,18.0,,,,-0.099100001
377486,2020-08-09,Oconto,Wisconsin,55083.0,248,0.0,11.0,,,,-0.071000002
377487,2020-08-10,Oconto,Wisconsin,55083.0,256,0.0,8.0,,,,-0.1
377488,2020-08-11,Oconto,Wisconsin,55083.0,259,0.0,3.0,,,,-0.097800002
377489,2020-08-12,Oconto,Wisconsin,55083.0,253,1.0,-6.0,,,,-0.07050000099999999
377490,2020-08-13,Oconto,Wisconsin,55083.0,262,1.0,9.0,,,,-0.075099997
377491,2020-08-14,Oconto,Wisconsin,55083.0,263,1.0,1.0,,,,-0.095700003
377492,2020-08-15,Oconto,Wisconsin,55083.0,272,1.0,9.0,,,,-0.16899999999999998
377493,2020-08-16,Oconto,Wisconsin,55083.0,276,1.0,4.0,,,,-0.182
377494,2020-08-17,Oconto,Wisconsin,55083.0,290,1.0,14.0,,,,-0.17
377495,2020-08-18,Oconto,Wisconsin,55083.0,303,1.0,13.0,,,,-0.162
377496,2020-08-19,Oconto,Wisconsin,55083.0,321,1.0,18.0,,,,-0.11699999999999999
377497,2020-08-20,Oconto,Wisconsin,55083.0,327,2.0,6.0,,,,-0.066
377498,2020-08-21,Oconto,Wisconsin,55083.0,341,1.0,14.0,,,,-0.062899999
377499,2020-08-22,Oconto,Wisconsin,55083.0,353,1.0,12.0,,,,0.038400002
377500,2020-08-23,Oconto,Wisconsin,55083.0,358,1.0,5.0,,,,0.075099997
377501,2020-08-24,Oconto,Wisconsin,55083.0,372,1.0,14.0,,,,0.0735
377502,2020-08-25,Oconto,Wisconsin,55083.0,376,1.0,4.0,,,,0.065200001
377503,2020-08-26,Oconto,Wisconsin,55083.0,391,1.0,15.0,,,,0.033500001
377504,2020-08-27,Oconto,Wisconsin,55083.0,405,2.0,14.0,,,,0.0103
377505,2020-08-28,Oconto,Wisconsin,55083.0,412,2.0,7.0,,,,-0.0219
377506,2020-08-29,Oconto,Wisconsin,55083.0,419,2.0,7.0,,,,-0.062799998
377507,2020-08-30,Oconto,Wisconsin,55083.0,424,2.0,5.0,,,,-0.078100003
377508,2020-08-31,Oconto,Wisconsin,55083.0,429,2.0,5.0,,,,-0.102
377509,2020-09-01,Oconto,Wisconsin,55083.0,430,2.0,1.0,,,,-0.107
377510,2020-09-02,Oconto,Wisconsin,55083.0,436,2.0,6.0,,,,-0.106
377511,2020-09-03,Oconto,Wisconsin,55083.0,439,2.0,3.0,,,,-0.0634
377512,2020-09-04,Oconto,Wisconsin,55083.0,470,2.0,31.0,,,,-0.096600004
377513,2020-09-05,Oconto,Wisconsin,55083.0,488,3.0,18.0,,,,-0.09260000300000001
377514,2020-09-06,Oconto,Wisconsin,55083.0,498,3.0,10.0,,,,-0.096900001
377515,2020-09-07,Oconto,Wisconsin,55083.0,508,3.0,10.0,,,,-0.12800001
377516,2020-09-08,Oconto,Wisconsin,55083.0,520,3.0,12.0,,,,-0.15700001
377517,2020-09-09,Oconto,Wisconsin,55083.0,527,4.0,7.0,,,,-0.10099999999999999
377518,2020-09-10,Oconto,Wisconsin,55083.0,538,4.0,11.0,,,,-0.114
377519,2020-09-11,Oconto,Wisconsin,55083.0,553,4.0,15.0,,,,-0.115
377520,2020-09-12,Oconto,Wisconsin,55083.0,568,4.0,15.0,,,,-0.08789999800000001
377521,2020-09-13,Oconto,Wisconsin,55083.0,584,4.0,16.0,,,,-0.090700001
377522,2020-09-14,Oconto,Wisconsin,55083.0,586,4.0,2.0,,,,-0.0942
377523,2020-09-15,Oconto,Wisconsin,55083.0,608,4.0,22.0,,,,-0.127
377524,2020-09-16,Oconto,Wisconsin,55083.0,616,4.0,8.0,,,,-0.121
377525,2020-09-17,Oconto,Wisconsin,55083.0,645,4.0,29.0,,,,-0.102
377526,2020-09-18,Oconto,Wisconsin,55083.0,660,4.0,15.0,,,,-0.08389999699999999
377527,2020-09-19,Oconto,Wisconsin,55083.0,683,4.0,23.0,,,,-0.062100000999999995
377528,2020-09-20,Oconto,Wisconsin,55083.0,699,4.0,16.0,,,,-0.074000001
377529,2020-09-21,Oconto,Wisconsin,55083.0,720,4.0,21.0,,,,-0.040199999
377530,2020-09-22,Oconto,Wisconsin,55083.0,744,4.0,24.0,,,,-0.0034200000000000003
377531,2020-09-23,Oconto,Wisconsin,55083.0,771,4.0,27.0,,,,-0.0077999998
377532,2020-09-24,Oconto,Wisconsin,55083.0,808,4.0,37.0,,,,-0.0414
377533,2020-09-25,Oconto,Wisconsin,55083.0,841,4.0,33.0,,,,-0.068400003
377534,2020-09-26,Oconto,Wisconsin,55083.0,908,4.0,67.0,,,,-0.097099997
377535,2020-09-27,Oconto,Wisconsin,55083.0,931,4.0,23.0,,,,-0.09480000300000001
377536,2020-09-28,Oconto,Wisconsin,55083.0,932,4.0,1.0,,,,-0.096199997
377537,2020-09-29,Oconto,Wisconsin,55083.0,968,4.0,36.0,,,,-0.134
377538,2020-09-30,Oconto,Wisconsin,55083.0,1019,4.0,51.0,,,,-0.168
377539,2020-10-01,Oconto,Wisconsin,55083.0,1081,4.0,62.0,,,,-0.14
377540,2020-10-02,Oconto,Wisconsin,55083.0,1142,4.0,61.0,,,,-0.109
377541,2020-10-03,Oconto,Wisconsin,55083.0,1208,4.0,66.0,,,,-0.12300000000000001
377542,2020-10-04,Oconto,Wisconsin,55083.0,1234,4.0,26.0,,,,-0.114
377543,2020-10-05,Oconto,Wisconsin,55083.0,1271,4.0,37.0,,,,-0.11
377544,2020-10-06,Oconto,Wisconsin,55083.0,1318,4.0,47.0,,,,-0.08519999699999999
377545,2020-10-07,Oconto,Wisconsin,55083.0,1345,4.0,27.0,,,,-0.06419999900000001
377546,2020-10-08,Oconto,Wisconsin,55083.0,1446,4.0,101.0,,,,-0.09229999800000001
377547,2020-10-09,Oconto,Wisconsin,55083.0,1505,4.0,59.0,,,,-0.0403
377548,2020-10-10,Oconto,Wisconsin,55083.0,1540,4.0,35.0,,,,-0.032000002
377549,2020-10-11,Oconto,Wisconsin,55083.0,1577,4.0,37.0,,,,-0.0526
377550,2020-10-12,Oconto,Wisconsin,55083.0,1623,4.0,46.0,,,,-0.096799999
377551,2020-10-13,Oconto,Wisconsin,55083.0,1660,4.0,37.0,,,,-0.07970000099999999
377552,2020-10-14,Oconto,Wisconsin,55083.0,1680,6.0,20.0,,,,-0.046700001
377553,2020-10-15,Oconto,Wisconsin,55083.0,1714,6.0,34.0,,,,-0.0166
377554,2020-10-16,Oconto,Wisconsin,55083.0,1775,6.0,61.0,,,,-0.077799998
377555,2020-10-17,Oconto,Wisconsin,55083.0,1775,6.0,0.0,,,,-0.061900000999999996
377556,2020-10-18,Oconto,Wisconsin,55083.0,1775,6.0,0.0,,,,-0.0048799999
377557,2020-10-19,Oconto,Wisconsin,55083.0,1835,9.0,60.0,,,,0.00158
377558,2020-10-20,Oconto,Wisconsin,55083.0,1901,10.0,66.0,,,,0.025900001000000002
377559,2020-10-21,Oconto,Wisconsin,55083.0,1959,10.0,58.0,,,,-0.042300001
377560,2020-10-22,Oconto,Wisconsin,55083.0,2026,11.0,67.0,,,,-0.07819999799999999
377561,2020-10-23,Oconto,Wisconsin,55083.0,2055,15.0,29.0,,,,-0.0779
377562,2020-10-24,Oconto,Wisconsin,55083.0,2101,15.0,46.0,,,,-0.053800002
377563,2020-10-25,Oconto,Wisconsin,55083.0,2150,15.0,49.0,,,,-0.07829999900000001
377564,2020-10-26,Oconto,Wisconsin,55083.0,2151,15.0,1.0,,,,-0.08470000300000001
377565,2020-10-27,Oconto,Wisconsin,55083.0,2178,16.0,27.0,,,,-0.11199999999999999
377566,2020-10-28,Oconto,Wisconsin,55083.0,2206,19.0,28.0,,,,-0.09279999900000001
377567,2020-10-29,Oconto,Wisconsin,55083.0,2251,20.0,45.0,,,,-0.086999997
377568,2020-10-30,Oconto,Wisconsin,55083.0,2290,20.0,39.0,,,,-0.107
377569,2020-10-31,Oconto,Wisconsin,55083.0,2341,21.0,51.0,,,,-0.13699999
377570,2020-11-01,Oconto,Wisconsin,55083.0,2372,21.0,31.0,,,,-0.13600001
377571,2020-11-02,Oconto,Wisconsin,55083.0,2403,21.0,31.0,,,,-0.127
377572,2020-11-03,Oconto,Wisconsin,55083.0,2447,21.0,44.0,,,,-0.11199999999999999
377573,2020-11-04,Oconto,Wisconsin,55083.0,2488,21.0,41.0,,,,-0.11
377574,2020-11-05,Oconto,Wisconsin,55083.0,2516,21.0,28.0,,,,-0.08659999800000001
377575,2020-11-06,Oconto,Wisconsin,55083.0,2548,22.0,32.0,,,,-0.04309999900000001
377576,2020-11-07,Oconto,Wisconsin,55083.0,2613,22.0,65.0,,,,-0.022399999
377577,2020-11-08,Oconto,Wisconsin,55083.0,2650,22.0,37.0,,,,0.039700001
377578,2020-11-09,Oconto,Wisconsin,55083.0,2682,22.0,32.0,,,,0.040600002
377579,2020-11-10,Oconto,Wisconsin,55083.0,2740,23.0,58.0,,,,0.047400001
377580,2020-11-11,Oconto,Wisconsin,55083.0,2788,23.0,48.0,,,,0.11
377581,2020-11-12,Oconto,Wisconsin,55083.0,2820,23.0,32.0,,,,0.045200001
377582,2020-11-13,Oconto,Wisconsin,55083.0,2882,23.0,62.0,,,,0.045499999000000006
377583,2020-11-14,Oconto,Wisconsin,55083.0,2922,24.0,40.0,,,,0.024499998999999998
377584,2020-11-15,Oconto,Wisconsin,55083.0,2956,24.0,34.0,,,,-0.0381
377585,2020-11-16,Oconto,Wisconsin,55083.0,2978,24.0,22.0,,,,-4.1300002000000007e-05
377586,2020-11-17,Oconto,Wisconsin,55083.0,3019,26.0,41.0,,,,-0.0025800001000000003
377587,2020-11-18,Oconto,Wisconsin,55083.0,3057,26.0,38.0,,,,0.0458
377588,2020-11-19,Oconto,Wisconsin,55083.0,3117,26.0,60.0,,,,0.0241
377589,2020-11-20,Oconto,Wisconsin,55083.0,3146,26.0,29.0,,,,-0.0086099999
377590,2020-11-21,Oconto,Wisconsin,55083.0,3174,26.0,28.0,,,,-0.0057799997999999995
377591,2020-11-22,Oconto,Wisconsin,55083.0,3184,26.0,10.0,,,,-0.0088600004
