,date,county,state,fips,cases,deaths,new_cases,emp_combined,emp_combined_inclow,revenue_all,spend_all
382836,2020-03-16,Wood,Wisconsin,55141.0,1,0.0,0.0,,,,0.027100001000000002
382837,2020-03-17,Wood,Wisconsin,55141.0,1,0.0,0.0,,,,0.057
382838,2020-03-18,Wood,Wisconsin,55141.0,1,0.0,0.0,,,,0.023600001000000002
382839,2020-03-19,Wood,Wisconsin,55141.0,1,0.0,0.0,,,,-0.0572
382840,2020-03-20,Wood,Wisconsin,55141.0,1,0.0,0.0,,,,-0.066200003
382841,2020-03-21,Wood,Wisconsin,55141.0,1,0.0,0.0,,,,-0.127
382842,2020-03-22,Wood,Wisconsin,55141.0,1,0.0,0.0,,,,-0.19
382843,2020-03-23,Wood,Wisconsin,55141.0,1,0.0,0.0,,,,-0.23
382844,2020-03-24,Wood,Wisconsin,55141.0,1,0.0,0.0,,,,-0.31200001
382845,2020-03-25,Wood,Wisconsin,55141.0,1,0.0,0.0,,,,-0.31400001
382846,2020-03-26,Wood,Wisconsin,55141.0,2,0.0,1.0,,,,-0.30500001
382847,2020-03-27,Wood,Wisconsin,55141.0,2,0.0,0.0,,,,-0.33299999999999996
382848,2020-03-28,Wood,Wisconsin,55141.0,2,0.0,0.0,,,,-0.331
382849,2020-03-29,Wood,Wisconsin,55141.0,2,0.0,0.0,,,,-0.32499999
382850,2020-03-30,Wood,Wisconsin,55141.0,2,0.0,0.0,,,,-0.32600001
382851,2020-03-31,Wood,Wisconsin,55141.0,2,0.0,0.0,,,,-0.32600001
382852,2020-04-01,Wood,Wisconsin,55141.0,2,0.0,0.0,,,,-0.31799999
382853,2020-04-02,Wood,Wisconsin,55141.0,2,0.0,0.0,,,,-0.30399999
382854,2020-04-03,Wood,Wisconsin,55141.0,2,0.0,0.0,,,,-0.32600001
382855,2020-04-04,Wood,Wisconsin,55141.0,2,0.0,0.0,,,,-0.31299999
382856,2020-04-05,Wood,Wisconsin,55141.0,2,0.0,0.0,,,,-0.27599999
382857,2020-04-06,Wood,Wisconsin,55141.0,2,0.0,0.0,,,,-0.26699999
382858,2020-04-07,Wood,Wisconsin,55141.0,2,0.0,0.0,,,,-0.213
382859,2020-04-08,Wood,Wisconsin,55141.0,2,0.0,0.0,,,,-0.184
382860,2020-04-09,Wood,Wisconsin,55141.0,2,0.0,0.0,,,,-0.17200001
382861,2020-04-10,Wood,Wisconsin,55141.0,2,0.0,0.0,,,,-0.152
382862,2020-04-11,Wood,Wisconsin,55141.0,2,0.0,0.0,,,,-0.146
382863,2020-04-12,Wood,Wisconsin,55141.0,2,0.0,0.0,,,,-0.22400001
382864,2020-04-13,Wood,Wisconsin,55141.0,2,0.0,0.0,,,,-0.20800000000000002
382865,2020-04-14,Wood,Wisconsin,55141.0,2,0.0,0.0,,,,-0.255
382866,2020-04-15,Wood,Wisconsin,55141.0,2,0.0,0.0,,,,-0.255
382867,2020-04-16,Wood,Wisconsin,55141.0,2,0.0,0.0,,,,-0.245
382868,2020-04-17,Wood,Wisconsin,55141.0,2,0.0,0.0,,,,-0.14300001
382869,2020-04-18,Wood,Wisconsin,55141.0,2,0.0,0.0,,,,-0.168
382870,2020-04-19,Wood,Wisconsin,55141.0,2,0.0,0.0,,,,-0.111
382871,2020-04-20,Wood,Wisconsin,55141.0,2,0.0,0.0,,,,-0.11
382872,2020-04-21,Wood,Wisconsin,55141.0,2,0.0,0.0,,,,-0.024900001
382873,2020-04-22,Wood,Wisconsin,55141.0,2,0.0,0.0,,,,-0.045699999000000005
382874,2020-04-23,Wood,Wisconsin,55141.0,2,0.0,0.0,,,,0.040800001
382875,2020-04-24,Wood,Wisconsin,55141.0,2,0.0,0.0,,,,-0.039799998999999996
382876,2020-04-25,Wood,Wisconsin,55141.0,2,0.0,0.0,,,,-0.0099200001
382877,2020-04-26,Wood,Wisconsin,55141.0,2,0.0,0.0,,,,-0.0082799997
382878,2020-04-27,Wood,Wisconsin,55141.0,2,0.0,0.0,,,,0.0095499996
382879,2020-04-28,Wood,Wisconsin,55141.0,2,0.0,0.0,,,,-0.049699999
382880,2020-04-29,Wood,Wisconsin,55141.0,2,0.0,0.0,,,,0.018200001
382881,2020-04-30,Wood,Wisconsin,55141.0,2,0.0,0.0,,,,-0.049699999
382882,2020-05-01,Wood,Wisconsin,55141.0,2,0.0,0.0,,,,-0.036600001
382883,2020-05-02,Wood,Wisconsin,55141.0,2,0.0,0.0,,,,-0.093400002
382884,2020-05-03,Wood,Wisconsin,55141.0,2,0.0,0.0,,,,-0.087800004
382885,2020-05-04,Wood,Wisconsin,55141.0,2,0.0,0.0,,,,-0.075599998
382886,2020-05-05,Wood,Wisconsin,55141.0,2,0.0,0.0,,,,-0.0779
382887,2020-05-06,Wood,Wisconsin,55141.0,2,0.0,0.0,,,,-0.09239999900000001
382888,2020-05-07,Wood,Wisconsin,55141.0,2,0.0,0.0,,,,-0.106
382889,2020-05-08,Wood,Wisconsin,55141.0,2,0.0,0.0,,,,-0.13
382890,2020-05-09,Wood,Wisconsin,55141.0,2,0.0,0.0,,,,-0.087200001
382891,2020-05-10,Wood,Wisconsin,55141.0,2,0.0,0.0,,,,-0.073200002
382892,2020-05-11,Wood,Wisconsin,55141.0,4,0.0,2.0,,,,-0.106
382893,2020-05-12,Wood,Wisconsin,55141.0,4,0.0,0.0,,,,-0.122
382894,2020-05-13,Wood,Wisconsin,55141.0,4,0.0,0.0,,,,-0.12899999
382895,2020-05-14,Wood,Wisconsin,55141.0,5,0.0,1.0,,,,-0.14300001
382896,2020-05-15,Wood,Wisconsin,55141.0,5,0.0,0.0,,,,-0.13600001
382897,2020-05-16,Wood,Wisconsin,55141.0,6,0.0,1.0,,,,-0.185
382898,2020-05-17,Wood,Wisconsin,55141.0,6,0.0,0.0,,,,-0.204
382899,2020-05-18,Wood,Wisconsin,55141.0,7,0.0,1.0,,,,-0.182
382900,2020-05-19,Wood,Wisconsin,55141.0,8,0.0,1.0,,,,-0.171
382901,2020-05-20,Wood,Wisconsin,55141.0,8,0.0,0.0,,,,-0.114
382902,2020-05-21,Wood,Wisconsin,55141.0,9,0.0,1.0,,,,-0.13600001
382903,2020-05-22,Wood,Wisconsin,55141.0,9,0.0,0.0,,,,-0.11599999999999999
382904,2020-05-23,Wood,Wisconsin,55141.0,9,1.0,0.0,,,,-0.057999998
382905,2020-05-24,Wood,Wisconsin,55141.0,9,1.0,0.0,,,,-0.0284
382906,2020-05-25,Wood,Wisconsin,55141.0,9,1.0,0.0,,,,-0.075000003
382907,2020-05-26,Wood,Wisconsin,55141.0,9,1.0,0.0,,,,-0.0017500001
382908,2020-05-27,Wood,Wisconsin,55141.0,9,1.0,0.0,,,,-0.0296
382909,2020-05-28,Wood,Wisconsin,55141.0,10,1.0,1.0,,,,-0.046100002
382910,2020-05-29,Wood,Wisconsin,55141.0,10,1.0,0.0,,,,-0.060199998
382911,2020-05-30,Wood,Wisconsin,55141.0,10,1.0,0.0,,,,-0.06899999799999999
382912,2020-05-31,Wood,Wisconsin,55141.0,10,1.0,0.0,,,,-0.115
382913,2020-06-01,Wood,Wisconsin,55141.0,10,1.0,0.0,,,,-0.141
382914,2020-06-02,Wood,Wisconsin,55141.0,10,1.0,0.0,,,,-0.215
382915,2020-06-03,Wood,Wisconsin,55141.0,10,1.0,0.0,,,,-0.223
382916,2020-06-04,Wood,Wisconsin,55141.0,11,1.0,1.0,,,,-0.191
382917,2020-06-05,Wood,Wisconsin,55141.0,11,1.0,0.0,,,,-0.18700001
382918,2020-06-06,Wood,Wisconsin,55141.0,11,1.0,0.0,,,,-0.16500001
382919,2020-06-07,Wood,Wisconsin,55141.0,11,1.0,0.0,,,,-0.12800001
382920,2020-06-08,Wood,Wisconsin,55141.0,11,1.0,0.0,,,,-0.083800003
382921,2020-06-09,Wood,Wisconsin,55141.0,12,1.0,1.0,,,,-0.074699998
382922,2020-06-10,Wood,Wisconsin,55141.0,13,1.0,1.0,,,,-0.050099999000000006
382923,2020-06-11,Wood,Wisconsin,55141.0,15,1.0,2.0,,,,-0.032099999
382924,2020-06-12,Wood,Wisconsin,55141.0,16,1.0,1.0,,,,-0.114
382925,2020-06-13,Wood,Wisconsin,55141.0,17,1.0,1.0,,,,-0.146
382926,2020-06-14,Wood,Wisconsin,55141.0,21,1.0,4.0,,,,-0.17
382927,2020-06-15,Wood,Wisconsin,55141.0,23,1.0,2.0,,,,-0.191
382928,2020-06-16,Wood,Wisconsin,55141.0,23,1.0,0.0,,,,-0.17
382929,2020-06-17,Wood,Wisconsin,55141.0,25,1.0,2.0,,,,-0.192
382930,2020-06-18,Wood,Wisconsin,55141.0,28,1.0,3.0,,,,-0.183
382931,2020-06-19,Wood,Wisconsin,55141.0,29,1.0,1.0,,,,-0.14300001
382932,2020-06-20,Wood,Wisconsin,55141.0,31,1.0,2.0,,,,-0.084399998
382933,2020-06-21,Wood,Wisconsin,55141.0,32,1.0,1.0,,,,-0.132
382934,2020-06-22,Wood,Wisconsin,55141.0,33,1.0,1.0,,,,-0.11800000000000001
382935,2020-06-23,Wood,Wisconsin,55141.0,34,1.0,1.0,,,,-0.10099999999999999
382936,2020-06-24,Wood,Wisconsin,55141.0,37,1.0,3.0,,,,-0.114
382937,2020-06-25,Wood,Wisconsin,55141.0,37,1.0,0.0,,,,-0.175
382938,2020-06-26,Wood,Wisconsin,55141.0,39,1.0,2.0,,,,-0.185
382939,2020-06-27,Wood,Wisconsin,55141.0,42,1.0,3.0,,,,-0.183
382940,2020-06-28,Wood,Wisconsin,55141.0,47,1.0,5.0,,,,-0.17200001
382941,2020-06-29,Wood,Wisconsin,55141.0,49,1.0,2.0,,,,-0.18799999
382942,2020-06-30,Wood,Wisconsin,55141.0,51,1.0,2.0,,,,-0.205
382943,2020-07-01,Wood,Wisconsin,55141.0,61,1.0,10.0,,,,-0.21100000000000002
382944,2020-07-02,Wood,Wisconsin,55141.0,63,1.0,2.0,,,,-0.24100000000000002
382945,2020-07-03,Wood,Wisconsin,55141.0,69,1.0,6.0,,,,-0.31600001
382946,2020-07-04,Wood,Wisconsin,55141.0,79,1.0,10.0,,,,-0.24600001
382947,2020-07-05,Wood,Wisconsin,55141.0,84,1.0,5.0,,,,-0.21100000000000002
382948,2020-07-06,Wood,Wisconsin,55141.0,86,1.0,2.0,,,,-0.19400001
382949,2020-07-07,Wood,Wisconsin,55141.0,86,1.0,0.0,,,,-0.20800000000000002
382950,2020-07-08,Wood,Wisconsin,55141.0,93,1.0,7.0,,,,-0.207
382951,2020-07-09,Wood,Wisconsin,55141.0,99,1.0,6.0,,,,-0.17299999
382952,2020-07-10,Wood,Wisconsin,55141.0,101,1.0,2.0,,,,-0.185
382953,2020-07-11,Wood,Wisconsin,55141.0,103,1.0,2.0,,,,-0.175
382954,2020-07-12,Wood,Wisconsin,55141.0,107,1.0,4.0,,,,-0.126
382955,2020-07-13,Wood,Wisconsin,55141.0,109,1.0,2.0,,,,-0.141
382956,2020-07-14,Wood,Wisconsin,55141.0,109,1.0,0.0,,,,-0.23199999
382957,2020-07-15,Wood,Wisconsin,55141.0,112,1.0,3.0,,,,-0.257
382958,2020-07-16,Wood,Wisconsin,55141.0,120,1.0,8.0,,,,-0.264
382959,2020-07-17,Wood,Wisconsin,55141.0,124,1.0,4.0,,,,-0.26300001
382960,2020-07-18,Wood,Wisconsin,55141.0,128,1.0,4.0,,,,-0.235
382961,2020-07-19,Wood,Wisconsin,55141.0,133,1.0,5.0,,,,-0.228
382962,2020-07-20,Wood,Wisconsin,55141.0,135,1.0,2.0,,,,-0.23199999
382963,2020-07-21,Wood,Wisconsin,55141.0,140,1.0,5.0,,,,-0.132
382964,2020-07-22,Wood,Wisconsin,55141.0,140,1.0,0.0,,,,-0.093199998
382965,2020-07-23,Wood,Wisconsin,55141.0,152,1.0,12.0,,,,-0.099399999
382966,2020-07-24,Wood,Wisconsin,55141.0,156,1.0,4.0,,,,-0.122
382967,2020-07-25,Wood,Wisconsin,55141.0,161,1.0,5.0,,,,-0.252
382968,2020-07-26,Wood,Wisconsin,55141.0,165,1.0,4.0,,,,-0.257
382969,2020-07-27,Wood,Wisconsin,55141.0,171,1.0,6.0,,,,-0.31999999
382970,2020-07-28,Wood,Wisconsin,55141.0,176,1.0,5.0,,,,-0.30500001
382971,2020-07-29,Wood,Wisconsin,55141.0,189,1.0,13.0,,,,-0.308
382972,2020-07-30,Wood,Wisconsin,55141.0,204,1.0,15.0,,,,-0.21799999
382973,2020-07-31,Wood,Wisconsin,55141.0,216,1.0,12.0,,,,-0.22699999999999998
382974,2020-08-01,Wood,Wisconsin,55141.0,229,1.0,13.0,,,,-0.15700001
382975,2020-08-02,Wood,Wisconsin,55141.0,238,1.0,9.0,,,,-0.13
382976,2020-08-03,Wood,Wisconsin,55141.0,241,1.0,3.0,,,,-0.125
382977,2020-08-04,Wood,Wisconsin,55141.0,255,1.0,14.0,,,,-0.10099999999999999
382978,2020-08-05,Wood,Wisconsin,55141.0,263,1.0,8.0,,,,-0.08560000400000001
382979,2020-08-06,Wood,Wisconsin,55141.0,268,1.0,5.0,,,,-0.15899999
382980,2020-08-07,Wood,Wisconsin,55141.0,276,1.0,8.0,,,,-0.115
382981,2020-08-08,Wood,Wisconsin,55141.0,286,1.0,10.0,,,,-0.111
382982,2020-08-09,Wood,Wisconsin,55141.0,291,1.0,5.0,,,,-0.132
382983,2020-08-10,Wood,Wisconsin,55141.0,305,1.0,14.0,,,,-0.14399999
382984,2020-08-11,Wood,Wisconsin,55141.0,322,2.0,17.0,,,,-0.17
382985,2020-08-12,Wood,Wisconsin,55141.0,327,2.0,5.0,,,,-0.16
382986,2020-08-13,Wood,Wisconsin,55141.0,339,2.0,12.0,,,,-0.10099999999999999
382987,2020-08-14,Wood,Wisconsin,55141.0,357,2.0,18.0,,,,-0.14399999
382988,2020-08-15,Wood,Wisconsin,55141.0,372,2.0,15.0,,,,-0.152
382989,2020-08-16,Wood,Wisconsin,55141.0,379,2.0,7.0,,,,-0.122
382990,2020-08-17,Wood,Wisconsin,55141.0,381,2.0,2.0,,,,-0.134
382991,2020-08-18,Wood,Wisconsin,55141.0,384,2.0,3.0,,,,-0.0973
382992,2020-08-19,Wood,Wisconsin,55141.0,389,2.0,5.0,,,,-0.059000000000000004
382993,2020-08-20,Wood,Wisconsin,55141.0,399,2.0,10.0,,,,-0.0594
382994,2020-08-21,Wood,Wisconsin,55141.0,406,2.0,7.0,,,,-0.042599998
382995,2020-08-22,Wood,Wisconsin,55141.0,413,2.0,7.0,,,,-0.029899999
382996,2020-08-23,Wood,Wisconsin,55141.0,417,2.0,4.0,,,,-0.035999998
382997,2020-08-24,Wood,Wisconsin,55141.0,418,2.0,1.0,,,,-0.00557
382998,2020-08-25,Wood,Wisconsin,55141.0,421,2.0,3.0,,,,-0.0504
382999,2020-08-26,Wood,Wisconsin,55141.0,425,2.0,4.0,,,,-0.0506
383000,2020-08-27,Wood,Wisconsin,55141.0,431,2.0,6.0,,,,-0.106
383001,2020-08-28,Wood,Wisconsin,55141.0,440,2.0,9.0,,,,-0.14800000000000002
383002,2020-08-29,Wood,Wisconsin,55141.0,450,2.0,10.0,,,,-0.132
383003,2020-08-30,Wood,Wisconsin,55141.0,456,2.0,6.0,,,,-0.15700001
383004,2020-08-31,Wood,Wisconsin,55141.0,458,2.0,2.0,,,,-0.17
383005,2020-09-01,Wood,Wisconsin,55141.0,472,3.0,14.0,,,,-0.21100000000000002
383006,2020-09-02,Wood,Wisconsin,55141.0,478,3.0,6.0,,,,-0.20900001
383007,2020-09-03,Wood,Wisconsin,55141.0,489,3.0,11.0,,,,-0.21100000000000002
383008,2020-09-04,Wood,Wisconsin,55141.0,531,3.0,42.0,,,,-0.23
383009,2020-09-05,Wood,Wisconsin,55141.0,543,3.0,12.0,,,,-0.259
383010,2020-09-06,Wood,Wisconsin,55141.0,552,3.0,9.0,,,,-0.25400001
383011,2020-09-07,Wood,Wisconsin,55141.0,557,3.0,5.0,,,,-0.27900001
383012,2020-09-08,Wood,Wisconsin,55141.0,558,3.0,1.0,,,,-0.308
383013,2020-09-09,Wood,Wisconsin,55141.0,564,3.0,6.0,,,,-0.31799999
383014,2020-09-10,Wood,Wisconsin,55141.0,570,3.0,6.0,,,,-0.29699999
383015,2020-09-11,Wood,Wisconsin,55141.0,585,3.0,15.0,,,,-0.26699999
383016,2020-09-12,Wood,Wisconsin,55141.0,593,3.0,8.0,,,,-0.237
383017,2020-09-13,Wood,Wisconsin,55141.0,606,3.0,13.0,,,,-0.244
383018,2020-09-14,Wood,Wisconsin,55141.0,610,3.0,4.0,,,,-0.19400001
383019,2020-09-15,Wood,Wisconsin,55141.0,619,3.0,9.0,,,,-0.13500001
383020,2020-09-16,Wood,Wisconsin,55141.0,647,3.0,28.0,,,,-0.068899997
383021,2020-09-17,Wood,Wisconsin,55141.0,661,3.0,14.0,,,,-0.0973
383022,2020-09-18,Wood,Wisconsin,55141.0,690,3.0,29.0,,,,-0.17200001
383023,2020-09-19,Wood,Wisconsin,55141.0,702,3.0,12.0,,,,-0.16500001
383024,2020-09-20,Wood,Wisconsin,55141.0,718,4.0,16.0,,,,-0.11900000000000001
383025,2020-09-21,Wood,Wisconsin,55141.0,732,4.0,14.0,,,,-0.076800004
383026,2020-09-22,Wood,Wisconsin,55141.0,748,4.0,16.0,,,,-0.10400000000000001
383027,2020-09-23,Wood,Wisconsin,55141.0,764,4.0,16.0,,,,-0.17900001
383028,2020-09-24,Wood,Wisconsin,55141.0,784,5.0,20.0,,,,-0.15000001
383029,2020-09-25,Wood,Wisconsin,55141.0,808,5.0,24.0,,,,-0.111
383030,2020-09-26,Wood,Wisconsin,55141.0,840,5.0,32.0,,,,-0.062600002
383031,2020-09-27,Wood,Wisconsin,55141.0,873,5.0,33.0,,,,-0.10800000000000001
383032,2020-09-28,Wood,Wisconsin,55141.0,877,5.0,4.0,,,,-0.18099999
383033,2020-09-29,Wood,Wisconsin,55141.0,881,5.0,4.0,,,,-0.21100000000000002
383034,2020-09-30,Wood,Wisconsin,55141.0,906,5.0,25.0,,,,-0.14399999
383035,2020-10-01,Wood,Wisconsin,55141.0,928,5.0,22.0,,,,-0.12899999
383036,2020-10-02,Wood,Wisconsin,55141.0,955,5.0,27.0,,,,-0.185
383037,2020-10-03,Wood,Wisconsin,55141.0,974,5.0,19.0,,,,-0.18899999999999997
383038,2020-10-04,Wood,Wisconsin,55141.0,994,6.0,20.0,,,,-0.17399999
383039,2020-10-05,Wood,Wisconsin,55141.0,1010,7.0,16.0,,,,-0.15099999
383040,2020-10-06,Wood,Wisconsin,55141.0,1018,7.0,8.0,,,,-0.126
383041,2020-10-07,Wood,Wisconsin,55141.0,1040,7.0,22.0,,,,-0.149
383042,2020-10-08,Wood,Wisconsin,55141.0,1067,7.0,27.0,,,,-0.177
383043,2020-10-09,Wood,Wisconsin,55141.0,1116,7.0,49.0,,,,-0.149
383044,2020-10-10,Wood,Wisconsin,55141.0,1149,7.0,33.0,,,,-0.13600001
383045,2020-10-11,Wood,Wisconsin,55141.0,1180,7.0,31.0,,,,-0.14300001
383046,2020-10-12,Wood,Wisconsin,55141.0,1198,7.0,18.0,,,,-0.175
383047,2020-10-13,Wood,Wisconsin,55141.0,1220,8.0,22.0,,,,-0.146
383048,2020-10-14,Wood,Wisconsin,55141.0,1249,8.0,29.0,,,,-0.17399999
383049,2020-10-15,Wood,Wisconsin,55141.0,1296,9.0,47.0,,,,-0.18000001
383050,2020-10-16,Wood,Wisconsin,55141.0,1324,9.0,28.0,,,,-0.0898
383051,2020-10-17,Wood,Wisconsin,55141.0,1324,9.0,0.0,,,,-0.113
383052,2020-10-18,Wood,Wisconsin,55141.0,1324,9.0,0.0,,,,-0.15000001
383053,2020-10-19,Wood,Wisconsin,55141.0,1446,9.0,122.0,,,,-0.192
383054,2020-10-20,Wood,Wisconsin,55141.0,1467,9.0,21.0,,,,-0.18600000000000003
383055,2020-10-21,Wood,Wisconsin,55141.0,1503,9.0,36.0,,,,-0.17200001
383056,2020-10-22,Wood,Wisconsin,55141.0,1526,9.0,23.0,,,,-0.16699999999999998
383057,2020-10-23,Wood,Wisconsin,55141.0,1619,9.0,93.0,,,,-0.18899999999999997
383058,2020-10-24,Wood,Wisconsin,55141.0,1654,10.0,35.0,,,,-0.248
383059,2020-10-25,Wood,Wisconsin,55141.0,1714,10.0,60.0,,,,-0.205
383060,2020-10-26,Wood,Wisconsin,55141.0,1728,10.0,14.0,,,,-0.191
383061,2020-10-27,Wood,Wisconsin,55141.0,1776,11.0,48.0,,,,-0.18099999
383062,2020-10-28,Wood,Wisconsin,55141.0,1816,11.0,40.0,,,,-0.191
383063,2020-10-29,Wood,Wisconsin,55141.0,1882,11.0,66.0,,,,-0.20299999
383064,2020-10-30,Wood,Wisconsin,55141.0,1947,12.0,65.0,,,,-0.15899999
383065,2020-10-31,Wood,Wisconsin,55141.0,2040,12.0,93.0,,,,-0.18799999
383066,2020-11-01,Wood,Wisconsin,55141.0,2056,12.0,16.0,,,,-0.21100000000000002
383067,2020-11-02,Wood,Wisconsin,55141.0,2085,12.0,29.0,,,,-0.19699999999999998
383068,2020-11-03,Wood,Wisconsin,55141.0,2172,12.0,87.0,,,,-0.20999999
383069,2020-11-04,Wood,Wisconsin,55141.0,2314,17.0,142.0,,,,-0.21899999999999997
383070,2020-11-05,Wood,Wisconsin,55141.0,2337,17.0,23.0,,,,-0.183
383071,2020-11-06,Wood,Wisconsin,55141.0,2406,17.0,69.0,,,,-0.19599999
383072,2020-11-07,Wood,Wisconsin,55141.0,2483,17.0,77.0,,,,-0.212
383073,2020-11-08,Wood,Wisconsin,55141.0,2594,17.0,111.0,,,,-0.19
383074,2020-11-09,Wood,Wisconsin,55141.0,2690,17.0,96.0,,,,-0.213
383075,2020-11-10,Wood,Wisconsin,55141.0,2812,18.0,122.0,,,,-0.20600000000000002
383076,2020-11-11,Wood,Wisconsin,55141.0,2871,18.0,59.0,,,,-0.192
383077,2020-11-12,Wood,Wisconsin,55141.0,2972,18.0,101.0,,,,-0.28200001
383078,2020-11-13,Wood,Wisconsin,55141.0,3131,18.0,159.0,,,,-0.289
383079,2020-11-14,Wood,Wisconsin,55141.0,3262,19.0,131.0,,,,-0.245
383080,2020-11-15,Wood,Wisconsin,55141.0,3291,19.0,29.0,,,,-0.252
383081,2020-11-16,Wood,Wisconsin,55141.0,3320,19.0,29.0,,,,-0.248
383082,2020-11-17,Wood,Wisconsin,55141.0,3406,19.0,86.0,,,,-0.27599999
383083,2020-11-18,Wood,Wisconsin,55141.0,3612,20.0,206.0,,,,-0.25400001
383084,2020-11-19,Wood,Wisconsin,55141.0,3727,22.0,115.0,,,,-0.20900001
383085,2020-11-20,Wood,Wisconsin,55141.0,3884,27.0,157.0,,,,-0.083800003
383086,2020-11-21,Wood,Wisconsin,55141.0,3952,29.0,68.0,,,,-0.10400000000000001
383087,2020-11-22,Wood,Wisconsin,55141.0,4005,29.0,53.0,,,,-0.177
