,date,county,state,fips,cases,deaths,new_cases,emp_combined,emp_combined_inclow,revenue_all,spend_all
384277,2020-03-13,Fremont,Wyoming,56013.0,1,0.0,0.0,,,,0.044599999
384278,2020-03-14,Fremont,Wyoming,56013.0,1,0.0,0.0,,,,0.060699999000000004
384279,2020-03-15,Fremont,Wyoming,56013.0,1,0.0,0.0,,,,0.075599998
384280,2020-03-16,Fremont,Wyoming,56013.0,8,0.0,7.0,,,,0.125
384281,2020-03-17,Fremont,Wyoming,56013.0,8,0.0,0.0,,,,0.0305
384282,2020-03-18,Fremont,Wyoming,56013.0,8,0.0,0.0,,,,0.050000000999999995
384283,2020-03-19,Fremont,Wyoming,56013.0,8,0.0,0.0,,,,0.19899999999999998
384284,2020-03-20,Fremont,Wyoming,56013.0,9,0.0,1.0,,,,0.055399999000000005
384285,2020-03-21,Fremont,Wyoming,56013.0,9,0.0,0.0,,,,-0.036800001
384286,2020-03-22,Fremont,Wyoming,56013.0,10,0.0,1.0,,,,-0.037099997999999995
384287,2020-03-23,Fremont,Wyoming,56013.0,10,0.0,0.0,,,,-0.13500001
384288,2020-03-24,Fremont,Wyoming,56013.0,12,0.0,2.0,,,,-0.0601
384289,2020-03-25,Fremont,Wyoming,56013.0,14,0.0,2.0,,,,-0.12300000000000001
384290,2020-03-26,Fremont,Wyoming,56013.0,14,0.0,0.0,,,,-0.26199999
384291,2020-03-27,Fremont,Wyoming,56013.0,17,0.0,3.0,,,,-0.28400001
384292,2020-03-28,Fremont,Wyoming,56013.0,21,0.0,4.0,,,,-0.36000001
384293,2020-03-29,Fremont,Wyoming,56013.0,23,0.0,2.0,,,,-0.40900001
384294,2020-03-30,Fremont,Wyoming,56013.0,24,0.0,1.0,,,,-0.27900001
384295,2020-03-31,Fremont,Wyoming,56013.0,25,0.0,1.0,,,,-0.34400001
384296,2020-04-01,Fremont,Wyoming,56013.0,25,0.0,0.0,,,,-0.42100000000000004
384297,2020-04-02,Fremont,Wyoming,56013.0,26,0.0,1.0,,,,-0.40000001
384298,2020-04-03,Fremont,Wyoming,56013.0,27,0.0,1.0,,,,-0.36399999
384299,2020-04-04,Fremont,Wyoming,56013.0,36,0.0,9.0,,,,-0.289
384300,2020-04-05,Fremont,Wyoming,56013.0,37,0.0,1.0,,,,-0.37400001
384301,2020-04-06,Fremont,Wyoming,56013.0,38,0.0,1.0,,,,-0.35800001
384302,2020-04-07,Fremont,Wyoming,56013.0,38,0.0,0.0,,,,-0.28400001
384303,2020-04-08,Fremont,Wyoming,56013.0,37,0.0,-1.0,,,,-0.34
384304,2020-04-09,Fremont,Wyoming,56013.0,45,0.0,8.0,,,,-0.38600001
384305,2020-04-10,Fremont,Wyoming,56013.0,45,0.0,0.0,,,,-0.32600001
384306,2020-04-11,Fremont,Wyoming,56013.0,46,0.0,1.0,,,,-0.315
384307,2020-04-12,Fremont,Wyoming,56013.0,47,0.0,1.0,,,,-0.29699999
384308,2020-04-13,Fremont,Wyoming,56013.0,48,0.0,1.0,,,,-0.40700001
384309,2020-04-14,Fremont,Wyoming,56013.0,48,0.0,0.0,,,,-0.354
384310,2020-04-15,Fremont,Wyoming,56013.0,50,0.0,2.0,,,,-0.28999999
384311,2020-04-16,Fremont,Wyoming,56013.0,50,0.0,0.0,,,,-0.19699999999999998
384312,2020-04-17,Fremont,Wyoming,56013.0,50,0.0,0.0,,,,-0.245
384313,2020-04-18,Fremont,Wyoming,56013.0,52,0.0,2.0,,,,-0.28200001
384314,2020-04-19,Fremont,Wyoming,56013.0,54,0.0,2.0,,,,-0.34099999
384315,2020-04-20,Fremont,Wyoming,56013.0,56,0.0,2.0,,,,-0.266
384316,2020-04-21,Fremont,Wyoming,56013.0,57,4.0,1.0,,,,-0.11900000000000001
384317,2020-04-22,Fremont,Wyoming,56013.0,57,4.0,0.0,,,,-0.029100001
384318,2020-04-23,Fremont,Wyoming,56013.0,59,4.0,2.0,,,,-0.21899999999999997
384319,2020-04-24,Fremont,Wyoming,56013.0,72,4.0,13.0,,,,-0.26800001
384320,2020-04-25,Fremont,Wyoming,56013.0,76,4.0,4.0,,,,-0.198
384321,2020-04-26,Fremont,Wyoming,56013.0,91,4.0,15.0,,,,-0.055300000999999994
384322,2020-04-27,Fremont,Wyoming,56013.0,106,4.0,15.0,,,,-0.109
384323,2020-04-28,Fremont,Wyoming,56013.0,109,4.0,3.0,,,,-0.15800001
384324,2020-04-29,Fremont,Wyoming,56013.0,110,4.0,1.0,,,,-0.21699999
384325,2020-04-30,Fremont,Wyoming,56013.0,116,4.0,6.0,,,,-0.09440000400000001
384326,2020-05-01,Fremont,Wyoming,56013.0,120,4.0,4.0,,,,0.0285
384327,2020-05-02,Fremont,Wyoming,56013.0,128,4.0,8.0,,,,-0.00020299999999999997
384328,2020-05-03,Fremont,Wyoming,56013.0,131,4.0,3.0,,,,-0.040399998
384329,2020-05-04,Fremont,Wyoming,56013.0,137,4.0,6.0,,,,-0.067500003
384330,2020-05-05,Fremont,Wyoming,56013.0,140,4.0,3.0,,,,-0.105
384331,2020-05-06,Fremont,Wyoming,56013.0,164,4.0,24.0,,,,-0.07010000200000001
384332,2020-05-07,Fremont,Wyoming,56013.0,168,4.0,4.0,,,,-0.13
384333,2020-05-08,Fremont,Wyoming,56013.0,175,4.0,7.0,,,,-0.114
384334,2020-05-09,Fremont,Wyoming,56013.0,180,4.0,5.0,,,,-0.10800000000000001
384335,2020-05-10,Fremont,Wyoming,56013.0,187,4.0,7.0,,,,-0.168
384336,2020-05-11,Fremont,Wyoming,56013.0,191,4.0,4.0,,,,-0.127
384337,2020-05-12,Fremont,Wyoming,56013.0,193,4.0,2.0,,,,-0.19499999
384338,2020-05-13,Fremont,Wyoming,56013.0,202,4.0,9.0,,,,-0.14800000000000002
384339,2020-05-14,Fremont,Wyoming,56013.0,208,4.0,6.0,,,,-0.036899998999999996
384340,2020-05-15,Fremont,Wyoming,56013.0,214,4.0,6.0,,,,-0.066399999
384341,2020-05-16,Fremont,Wyoming,56013.0,220,4.0,6.0,,,,-0.11900000000000001
384342,2020-05-17,Fremont,Wyoming,56013.0,223,5.0,3.0,,,,-0.076700002
384343,2020-05-18,Fremont,Wyoming,56013.0,224,5.0,1.0,,,,-0.09189999800000001
384344,2020-05-19,Fremont,Wyoming,56013.0,228,5.0,4.0,,,,-0.08209999700000001
384345,2020-05-20,Fremont,Wyoming,56013.0,233,6.0,5.0,,,,-0.175
384346,2020-05-21,Fremont,Wyoming,56013.0,237,6.0,4.0,,,,-0.32699999
384347,2020-05-22,Fremont,Wyoming,56013.0,238,6.0,1.0,,,,-0.222
384348,2020-05-23,Fremont,Wyoming,56013.0,244,6.0,6.0,,,,-0.0656
384349,2020-05-24,Fremont,Wyoming,56013.0,244,6.0,0.0,,,,-0.0757
384350,2020-05-25,Fremont,Wyoming,56013.0,249,6.0,5.0,,,,-0.12899999
384351,2020-05-26,Fremont,Wyoming,56013.0,250,6.0,1.0,,,,-0.11900000000000001
384352,2020-05-27,Fremont,Wyoming,56013.0,255,6.0,5.0,,,,-0.059000000000000004
384353,2020-05-28,Fremont,Wyoming,56013.0,261,6.0,6.0,,,,0.25400001
384354,2020-05-29,Fremont,Wyoming,56013.0,273,6.0,12.0,,,,-0.047800000999999995
384355,2020-05-30,Fremont,Wyoming,56013.0,277,7.0,4.0,,,,-0.050099999000000006
384356,2020-05-31,Fremont,Wyoming,56013.0,278,7.0,1.0,,,,-0.036600001
384357,2020-06-01,Fremont,Wyoming,56013.0,282,8.0,4.0,,,,-0.034000002
384358,2020-06-02,Fremont,Wyoming,56013.0,283,8.0,1.0,,,,-0.0217
384359,2020-06-03,Fremont,Wyoming,56013.0,285,8.0,2.0,,,,-0.16500001
384360,2020-06-04,Fremont,Wyoming,56013.0,287,8.0,2.0,,,,-0.138
384361,2020-06-05,Fremont,Wyoming,56013.0,289,8.0,2.0,,,,-0.054200001
384362,2020-06-06,Fremont,Wyoming,56013.0,295,8.0,6.0,,,,-0.0524
384363,2020-06-07,Fremont,Wyoming,56013.0,295,8.0,0.0,,,,-0.0074399997999999995
384364,2020-06-08,Fremont,Wyoming,56013.0,297,8.0,2.0,,,,-0.0085699996
384365,2020-06-09,Fremont,Wyoming,56013.0,295,8.0,-2.0,,,,-0.019400001
384366,2020-06-10,Fremont,Wyoming,56013.0,296,9.0,1.0,,,,-0.019300001
384367,2020-06-11,Fremont,Wyoming,56013.0,302,9.0,6.0,,,,-0.142
384368,2020-06-12,Fremont,Wyoming,56013.0,303,9.0,1.0,,,,-0.20600000000000002
384369,2020-06-13,Fremont,Wyoming,56013.0,304,9.0,1.0,,,,-0.198
384370,2020-06-14,Fremont,Wyoming,56013.0,305,9.0,1.0,,,,-0.204
384371,2020-06-15,Fremont,Wyoming,56013.0,308,9.0,3.0,,,,-0.233
384372,2020-06-16,Fremont,Wyoming,56013.0,310,9.0,2.0,,,,-0.114
384373,2020-06-17,Fremont,Wyoming,56013.0,315,9.0,5.0,,,,-0.05519999900000001
384374,2020-06-18,Fremont,Wyoming,56013.0,319,9.0,4.0,,,,-0.0296
384375,2020-06-19,Fremont,Wyoming,56013.0,326,9.0,7.0,,,,-0.0051199999
384376,2020-06-20,Fremont,Wyoming,56013.0,327,9.0,1.0,,,,-0.078000002
384377,2020-06-21,Fremont,Wyoming,56013.0,329,9.0,2.0,,,,-0.19
384378,2020-06-22,Fremont,Wyoming,56013.0,335,9.0,6.0,,,,-0.14300001
384379,2020-06-23,Fremont,Wyoming,56013.0,339,9.0,4.0,,,,-0.22899999999999998
384380,2020-06-24,Fremont,Wyoming,56013.0,340,9.0,1.0,,,,-0.30899999
384381,2020-06-25,Fremont,Wyoming,56013.0,345,9.0,5.0,,,,-0.23899999
384382,2020-06-26,Fremont,Wyoming,56013.0,349,9.0,4.0,,,,-0.18600000000000003
384383,2020-06-27,Fremont,Wyoming,56013.0,352,9.0,3.0,,,,-0.18600000000000003
384384,2020-06-28,Fremont,Wyoming,56013.0,355,9.0,3.0,,,,-0.18700001
384385,2020-06-29,Fremont,Wyoming,56013.0,356,9.0,1.0,,,,-0.22400001
384386,2020-06-30,Fremont,Wyoming,56013.0,355,9.0,-1.0,,,,-0.163
384387,2020-07-01,Fremont,Wyoming,56013.0,358,9.0,3.0,,,,-0.109
384388,2020-07-02,Fremont,Wyoming,56013.0,361,9.0,3.0,,,,-0.17600000000000002
384389,2020-07-03,Fremont,Wyoming,56013.0,362,9.0,1.0,,,,-0.21899999999999997
384390,2020-07-04,Fremont,Wyoming,56013.0,366,9.0,4.0,,,,-0.08550000199999999
384391,2020-07-05,Fremont,Wyoming,56013.0,370,9.0,4.0,,,,-0.0115
384392,2020-07-06,Fremont,Wyoming,56013.0,370,9.0,0.0,,,,-0.067299999
384393,2020-07-07,Fremont,Wyoming,56013.0,370,9.0,0.0,,,,-0.13500001
384394,2020-07-08,Fremont,Wyoming,56013.0,373,9.0,3.0,,,,-0.11
384395,2020-07-09,Fremont,Wyoming,56013.0,379,9.0,6.0,,,,-0.080799997
384396,2020-07-10,Fremont,Wyoming,56013.0,378,9.0,-1.0,,,,-0.115
384397,2020-07-11,Fremont,Wyoming,56013.0,384,9.0,6.0,,,,-0.067599997
384398,2020-07-12,Fremont,Wyoming,56013.0,386,9.0,2.0,,,,0.041000001
384399,2020-07-13,Fremont,Wyoming,56013.0,387,9.0,1.0,,,,0.024800001000000002
384400,2020-07-14,Fremont,Wyoming,56013.0,397,9.0,10.0,,,,0.063000001
384401,2020-07-15,Fremont,Wyoming,56013.0,407,9.0,10.0,,,,0.08789999800000001
384402,2020-07-16,Fremont,Wyoming,56013.0,413,10.0,6.0,,,,-0.028899999
384403,2020-07-17,Fremont,Wyoming,56013.0,417,10.0,4.0,,,,-0.0451
384404,2020-07-18,Fremont,Wyoming,56013.0,421,10.0,4.0,,,,-0.034200002
384405,2020-07-19,Fremont,Wyoming,56013.0,421,10.0,0.0,,,,-0.09480000300000001
384406,2020-07-20,Fremont,Wyoming,56013.0,426,10.0,5.0,,,,-0.12899999
384407,2020-07-21,Fremont,Wyoming,56013.0,431,10.0,5.0,,,,-0.10099999999999999
384408,2020-07-22,Fremont,Wyoming,56013.0,438,10.0,7.0,,,,-0.22699999999999998
384409,2020-07-23,Fremont,Wyoming,56013.0,440,10.0,2.0,,,,-0.30500001
384410,2020-07-24,Fremont,Wyoming,56013.0,444,10.0,4.0,,,,-0.215
384411,2020-07-25,Fremont,Wyoming,56013.0,448,10.0,4.0,,,,-0.24600001
384412,2020-07-26,Fremont,Wyoming,56013.0,453,10.0,5.0,,,,-0.26300001
384413,2020-07-27,Fremont,Wyoming,56013.0,455,10.0,2.0,,,,-0.22499999
384414,2020-07-28,Fremont,Wyoming,56013.0,458,10.0,3.0,,,,-0.33000001
384415,2020-07-29,Fremont,Wyoming,56013.0,459,10.0,1.0,,,,-0.25099999
384416,2020-07-30,Fremont,Wyoming,56013.0,464,10.0,5.0,,,,-0.213
384417,2020-07-31,Fremont,Wyoming,56013.0,468,10.0,4.0,,,,-0.2
384418,2020-08-01,Fremont,Wyoming,56013.0,473,10.0,5.0,,,,-0.18700001
384419,2020-08-02,Fremont,Wyoming,56013.0,475,10.0,2.0,,,,-0.17399999
384420,2020-08-03,Fremont,Wyoming,56013.0,488,11.0,13.0,,,,-0.20600000000000002
384421,2020-08-04,Fremont,Wyoming,56013.0,491,11.0,3.0,,,,-0.0515
384422,2020-08-05,Fremont,Wyoming,56013.0,496,11.0,5.0,,,,-0.10400000000000001
384423,2020-08-06,Fremont,Wyoming,56013.0,498,11.0,2.0,,,,-0.287
384424,2020-08-07,Fremont,Wyoming,56013.0,502,12.0,4.0,,,,-0.193
384425,2020-08-08,Fremont,Wyoming,56013.0,503,12.0,1.0,,,,-0.171
384426,2020-08-09,Fremont,Wyoming,56013.0,504,12.0,1.0,,,,-0.13699999
384427,2020-08-10,Fremont,Wyoming,56013.0,497,12.0,-7.0,,,,-0.107
384428,2020-08-11,Fremont,Wyoming,56013.0,497,12.0,0.0,,,,-0.16500001
384429,2020-08-12,Fremont,Wyoming,56013.0,500,12.0,3.0,,,,-0.20200001
384430,2020-08-13,Fremont,Wyoming,56013.0,500,12.0,0.0,,,,-0.11900000000000001
384431,2020-08-14,Fremont,Wyoming,56013.0,515,12.0,15.0,,,,-0.138
384432,2020-08-15,Fremont,Wyoming,56013.0,520,12.0,5.0,,,,-0.153
384433,2020-08-16,Fremont,Wyoming,56013.0,523,12.0,3.0,,,,-0.163
384434,2020-08-17,Fremont,Wyoming,56013.0,533,12.0,10.0,,,,-0.252
384435,2020-08-18,Fremont,Wyoming,56013.0,535,13.0,2.0,,,,-0.27399999
384436,2020-08-19,Fremont,Wyoming,56013.0,551,13.0,16.0,,,,-0.17800000000000002
384437,2020-08-20,Fremont,Wyoming,56013.0,560,13.0,9.0,,,,-0.068000004
384438,2020-08-21,Fremont,Wyoming,56013.0,568,13.0,8.0,,,,-0.0854
384439,2020-08-22,Fremont,Wyoming,56013.0,569,13.0,1.0,,,,-0.15700001
384440,2020-08-23,Fremont,Wyoming,56013.0,572,13.0,3.0,,,,-0.156
384441,2020-08-24,Fremont,Wyoming,56013.0,574,13.0,2.0,,,,-0.062399998
384442,2020-08-25,Fremont,Wyoming,56013.0,577,13.0,3.0,,,,-0.0625
384443,2020-08-26,Fremont,Wyoming,56013.0,585,13.0,8.0,,,,-0.071599998
384444,2020-08-27,Fremont,Wyoming,56013.0,597,13.0,12.0,,,,-0.12300000000000001
384445,2020-08-28,Fremont,Wyoming,56013.0,601,13.0,4.0,,,,-0.127
384446,2020-08-29,Fremont,Wyoming,56013.0,601,13.0,0.0,,,,-0.0283
384447,2020-08-30,Fremont,Wyoming,56013.0,604,13.0,3.0,,,,-0.0995
384448,2020-08-31,Fremont,Wyoming,56013.0,606,13.0,2.0,,,,-0.147
384449,2020-09-01,Fremont,Wyoming,56013.0,605,14.0,-1.0,,,,0.020099999
384450,2020-09-02,Fremont,Wyoming,56013.0,610,14.0,5.0,,,,0.041099999
384451,2020-09-03,Fremont,Wyoming,56013.0,610,14.0,0.0,,,,0.0374
384452,2020-09-04,Fremont,Wyoming,56013.0,611,14.0,1.0,,,,-0.0218
384453,2020-09-05,Fremont,Wyoming,56013.0,612,14.0,1.0,,,,-0.043000000999999996
384454,2020-09-06,Fremont,Wyoming,56013.0,608,14.0,-4.0,,,,0.037999999
384455,2020-09-07,Fremont,Wyoming,56013.0,608,14.0,0.0,,,,-0.0144
384456,2020-09-08,Fremont,Wyoming,56013.0,612,14.0,4.0,,,,-0.0568
384457,2020-09-09,Fremont,Wyoming,56013.0,614,14.0,2.0,,,,0.034899998
384458,2020-09-10,Fremont,Wyoming,56013.0,616,14.0,2.0,,,,0.066600002
384459,2020-09-11,Fremont,Wyoming,56013.0,619,14.0,3.0,,,,0.191
384460,2020-09-12,Fremont,Wyoming,56013.0,623,14.0,4.0,,,,0.215
384461,2020-09-13,Fremont,Wyoming,56013.0,625,14.0,2.0,,,,0.147
384462,2020-09-14,Fremont,Wyoming,56013.0,630,14.0,5.0,,,,0.17200001
384463,2020-09-15,Fremont,Wyoming,56013.0,632,14.0,2.0,,,,0.168
384464,2020-09-16,Fremont,Wyoming,56013.0,640,14.0,8.0,,,,0.043900002
384465,2020-09-17,Fremont,Wyoming,56013.0,646,14.0,6.0,,,,-0.0184
384466,2020-09-18,Fremont,Wyoming,56013.0,655,14.0,9.0,,,,0.0217
384467,2020-09-19,Fremont,Wyoming,56013.0,658,14.0,3.0,,,,0.059799999000000006
384468,2020-09-20,Fremont,Wyoming,56013.0,660,14.0,2.0,,,,0.042599998
384469,2020-09-21,Fremont,Wyoming,56013.0,666,14.0,6.0,,,,0.037999999
384470,2020-09-22,Fremont,Wyoming,56013.0,674,14.0,8.0,,,,-0.0265
384471,2020-09-23,Fremont,Wyoming,56013.0,686,14.0,12.0,,,,-0.057
384472,2020-09-24,Fremont,Wyoming,56013.0,692,14.0,6.0,,,,0.0348
384473,2020-09-25,Fremont,Wyoming,56013.0,699,14.0,7.0,,,,-0.10300000000000001
384474,2020-09-26,Fremont,Wyoming,56013.0,702,14.0,3.0,,,,-0.149
384475,2020-09-27,Fremont,Wyoming,56013.0,716,14.0,14.0,,,,-0.147
384476,2020-09-28,Fremont,Wyoming,56013.0,726,14.0,10.0,,,,-0.20999999
384477,2020-09-29,Fremont,Wyoming,56013.0,729,14.0,3.0,,,,-0.242
384478,2020-09-30,Fremont,Wyoming,56013.0,741,14.0,12.0,,,,-0.19
384479,2020-10-01,Fremont,Wyoming,56013.0,751,14.0,10.0,,,,-0.033500001
384480,2020-10-02,Fremont,Wyoming,56013.0,759,14.0,8.0,,,,0.0151
384481,2020-10-03,Fremont,Wyoming,56013.0,778,14.0,19.0,,,,-0.095799997
384482,2020-10-04,Fremont,Wyoming,56013.0,792,14.0,14.0,,,,-0.056699999
384483,2020-10-05,Fremont,Wyoming,56013.0,803,14.0,11.0,,,,-0.0051500001
384484,2020-10-06,Fremont,Wyoming,56013.0,814,14.0,11.0,,,,0.049800000999999997
384485,2020-10-07,Fremont,Wyoming,56013.0,835,14.0,21.0,,,,-0.0133
384486,2020-10-08,Fremont,Wyoming,56013.0,866,14.0,31.0,,,,-0.14399999
384487,2020-10-09,Fremont,Wyoming,56013.0,881,14.0,15.0,,,,-0.125
384488,2020-10-10,Fremont,Wyoming,56013.0,898,14.0,17.0,,,,-0.10300000000000001
384489,2020-10-11,Fremont,Wyoming,56013.0,914,14.0,16.0,,,,-0.17600000000000002
384490,2020-10-12,Fremont,Wyoming,56013.0,927,14.0,13.0,,,,-0.10099999999999999
384491,2020-10-13,Fremont,Wyoming,56013.0,946,14.0,19.0,,,,-0.095299996
384492,2020-10-14,Fremont,Wyoming,56013.0,964,14.0,18.0,,,,-0.105
384493,2020-10-15,Fremont,Wyoming,56013.0,979,14.0,15.0,,,,-0.177
384494,2020-10-16,Fremont,Wyoming,56013.0,995,14.0,16.0,,,,-0.15800001
384495,2020-10-17,Fremont,Wyoming,56013.0,1009,14.0,14.0,,,,-0.0955
384496,2020-10-18,Fremont,Wyoming,56013.0,1017,14.0,8.0,,,,-0.060600000999999994
384497,2020-10-19,Fremont,Wyoming,56013.0,1043,14.0,26.0,,,,-0.032600001
384498,2020-10-20,Fremont,Wyoming,56013.0,1066,15.0,23.0,,,,-0.081
384499,2020-10-21,Fremont,Wyoming,56013.0,1113,15.0,47.0,,,,-0.09120000199999999
384500,2020-10-22,Fremont,Wyoming,56013.0,1150,15.0,37.0,,,,0.034299999
384501,2020-10-23,Fremont,Wyoming,56013.0,1189,15.0,39.0,,,,-0.083800003
384502,2020-10-24,Fremont,Wyoming,56013.0,1212,15.0,23.0,,,,-0.156
384503,2020-10-25,Fremont,Wyoming,56013.0,1229,15.0,17.0,,,,-0.18099999
384504,2020-10-26,Fremont,Wyoming,56013.0,1262,15.0,33.0,,,,-0.14399999
384505,2020-10-27,Fremont,Wyoming,56013.0,1290,15.0,28.0,,,,-0.15899999
384506,2020-10-28,Fremont,Wyoming,56013.0,1345,15.0,55.0,,,,-0.15800001
384507,2020-10-29,Fremont,Wyoming,56013.0,1373,16.0,28.0,,,,-0.125
384508,2020-10-30,Fremont,Wyoming,56013.0,1422,16.0,49.0,,,,-0.034400001
384509,2020-10-31,Fremont,Wyoming,56013.0,1457,16.0,35.0,,,,-0.026799998999999998
384510,2020-11-01,Fremont,Wyoming,56013.0,1505,16.0,48.0,,,,-0.0078800004
384511,2020-11-02,Fremont,Wyoming,56013.0,1538,16.0,33.0,,,,-0.066500001
384512,2020-11-03,Fremont,Wyoming,56013.0,1588,16.0,50.0,,,,-0.133
384513,2020-11-04,Fremont,Wyoming,56013.0,1636,18.0,48.0,,,,-0.072499998
384514,2020-11-05,Fremont,Wyoming,56013.0,1691,18.0,55.0,,,,-0.163
384515,2020-11-06,Fremont,Wyoming,56013.0,1785,18.0,94.0,,,,-0.161
384516,2020-11-07,Fremont,Wyoming,56013.0,1807,18.0,22.0,,,,-0.149
384517,2020-11-08,Fremont,Wyoming,56013.0,1883,18.0,76.0,,,,-0.22
384518,2020-11-09,Fremont,Wyoming,56013.0,1960,18.0,77.0,,,,-0.133
384519,2020-11-10,Fremont,Wyoming,56013.0,2060,21.0,100.0,,,,-0.134
384520,2020-11-11,Fremont,Wyoming,56013.0,2073,21.0,13.0,,,,-0.27000001
384521,2020-11-12,Fremont,Wyoming,56013.0,2155,21.0,82.0,,,,-0.08820000300000001
384522,2020-11-13,Fremont,Wyoming,56013.0,2284,21.0,129.0,,,,-0.09719999900000001
384523,2020-11-14,Fremont,Wyoming,56013.0,2350,22.0,66.0,,,,0.0144
384524,2020-11-15,Fremont,Wyoming,56013.0,2398,22.0,48.0,,,,0.0669
384525,2020-11-16,Fremont,Wyoming,56013.0,2435,22.0,37.0,,,,0.042399999
384526,2020-11-17,Fremont,Wyoming,56013.0,2569,22.0,134.0,,,,-0.156
384527,2020-11-18,Fremont,Wyoming,56013.0,2654,22.0,85.0,,,,-0.2
384528,2020-11-19,Fremont,Wyoming,56013.0,2734,25.0,80.0,,,,-0.26800001
384529,2020-11-20,Fremont,Wyoming,56013.0,2827,25.0,93.0,,,,-0.15700001
384530,2020-11-21,Fremont,Wyoming,56013.0,2850,25.0,23.0,,,,-0.16599999
384531,2020-11-22,Fremont,Wyoming,56013.0,2954,25.0,104.0,,,,-0.105
