,date,county,state,fips,cases,deaths,new_cases,emp_combined,emp_combined_inclow,revenue_all,spend_all
22112,2020-03-27,Colusa,California,6011.0,1,0.0,0.0,,,,-0.34299999
22113,2020-03-28,Colusa,California,6011.0,1,0.0,0.0,,,,-0.30700001
22114,2020-03-29,Colusa,California,6011.0,1,0.0,0.0,,,,-0.31999999
22115,2020-03-30,Colusa,California,6011.0,1,0.0,0.0,,,,-0.33399999
22116,2020-03-31,Colusa,California,6011.0,1,0.0,0.0,,,,-0.31999999
22117,2020-04-01,Colusa,California,6011.0,1,0.0,0.0,,,,-0.375
22118,2020-04-02,Colusa,California,6011.0,1,0.0,0.0,,,,-0.36700001
22119,2020-04-03,Colusa,California,6011.0,2,0.0,1.0,,,,-0.361
22120,2020-04-04,Colusa,California,6011.0,2,0.0,0.0,,,,-0.34200001
22121,2020-04-05,Colusa,California,6011.0,2,0.0,0.0,,,,-0.30700001
22122,2020-04-06,Colusa,California,6011.0,3,0.0,1.0,,,,-0.28600001
22123,2020-04-07,Colusa,California,6011.0,3,0.0,0.0,,,,-0.31400001
22124,2020-04-08,Colusa,California,6011.0,3,0.0,0.0,,,,-0.249
22125,2020-04-09,Colusa,California,6011.0,3,0.0,0.0,,,,-0.30000001
22126,2020-04-10,Colusa,California,6011.0,3,0.0,0.0,,,,-0.266
22127,2020-04-11,Colusa,California,6011.0,3,0.0,0.0,,,,-0.30000001
22128,2020-04-12,Colusa,California,6011.0,3,0.0,0.0,,,,-0.31
22129,2020-04-13,Colusa,California,6011.0,3,0.0,0.0,,,,-0.28299999
22130,2020-04-14,Colusa,California,6011.0,3,0.0,0.0,,,,-0.29800001
22131,2020-04-15,Colusa,California,6011.0,3,0.0,0.0,,,,-0.42300001
22132,2020-04-16,Colusa,California,6011.0,3,0.0,0.0,,,,-0.39500001
22133,2020-04-17,Colusa,California,6011.0,3,0.0,0.0,,,,-0.43900001
22134,2020-04-18,Colusa,California,6011.0,3,0.0,0.0,,,,-0.44400001
22135,2020-04-19,Colusa,California,6011.0,3,0.0,0.0,,,,-0.43599999
22136,2020-04-20,Colusa,California,6011.0,3,0.0,0.0,,,,-0.46000001
22137,2020-04-21,Colusa,California,6011.0,3,0.0,0.0,,,,-0.47299999
22138,2020-04-22,Colusa,California,6011.0,3,0.0,0.0,,,,-0.37400001
22139,2020-04-23,Colusa,California,6011.0,3,0.0,0.0,,,,-0.317
22140,2020-04-24,Colusa,California,6011.0,3,0.0,0.0,,,,-0.30500001
22141,2020-04-25,Colusa,California,6011.0,3,0.0,0.0,,,,-0.32699999
22142,2020-04-26,Colusa,California,6011.0,3,0.0,0.0,,,,-0.35100001
22143,2020-04-27,Colusa,California,6011.0,3,0.0,0.0,,,,-0.27900001
22144,2020-04-28,Colusa,California,6011.0,3,0.0,0.0,,,,-0.25099999
22145,2020-04-29,Colusa,California,6011.0,3,0.0,0.0,,,,-0.259
22146,2020-04-30,Colusa,California,6011.0,3,0.0,0.0,,,,-0.308
22147,2020-05-01,Colusa,California,6011.0,3,0.0,0.0,,,,-0.271
22148,2020-05-02,Colusa,California,6011.0,3,0.0,0.0,,,,-0.25600001
22149,2020-05-03,Colusa,California,6011.0,3,0.0,0.0,,,,-0.233
22150,2020-05-04,Colusa,California,6011.0,3,0.0,0.0,,,,-0.29499999
22151,2020-05-05,Colusa,California,6011.0,3,0.0,0.0,,,,-0.292
22152,2020-05-06,Colusa,California,6011.0,3,0.0,0.0,,,,-0.31600001
22153,2020-05-07,Colusa,California,6011.0,3,0.0,0.0,,,,-0.289
22154,2020-05-08,Colusa,California,6011.0,3,0.0,0.0,,,,-0.294
22155,2020-05-09,Colusa,California,6011.0,3,0.0,0.0,,,,-0.29600000000000004
22156,2020-05-10,Colusa,California,6011.0,3,0.0,0.0,,,,-0.33700001
22157,2020-05-11,Colusa,California,6011.0,3,0.0,0.0,,,,-0.30899999
22158,2020-05-12,Colusa,California,6011.0,3,0.0,0.0,,,,-0.345
22159,2020-05-13,Colusa,California,6011.0,3,0.0,0.0,,,,-0.31200001
22160,2020-05-14,Colusa,California,6011.0,3,0.0,0.0,,,,-0.301
22161,2020-05-15,Colusa,California,6011.0,3,0.0,0.0,,,,-0.289
22162,2020-05-16,Colusa,California,6011.0,3,0.0,0.0,,,,-0.25999999
22163,2020-05-17,Colusa,California,6011.0,3,0.0,0.0,,,,-0.198
22164,2020-05-18,Colusa,California,6011.0,3,0.0,0.0,,,,-0.139
22165,2020-05-19,Colusa,California,6011.0,3,0.0,0.0,,,,-0.10800000000000001
22166,2020-05-20,Colusa,California,6011.0,4,0.0,1.0,,,,-0.163
22167,2020-05-21,Colusa,California,6011.0,4,0.0,0.0,,,,-0.15700001
22168,2020-05-22,Colusa,California,6011.0,5,0.0,1.0,,,,-0.21100000000000002
22169,2020-05-23,Colusa,California,6011.0,5,0.0,0.0,,,,-0.198
22170,2020-05-24,Colusa,California,6011.0,5,0.0,0.0,,,,-0.192
22171,2020-05-25,Colusa,California,6011.0,5,0.0,0.0,,,,-0.259
22172,2020-05-26,Colusa,California,6011.0,5,0.0,0.0,,,,-0.2
22173,2020-05-27,Colusa,California,6011.0,5,0.0,0.0,,,,-0.192
22174,2020-05-28,Colusa,California,6011.0,5,0.0,0.0,,,,-0.23100001
22175,2020-05-29,Colusa,California,6011.0,5,0.0,0.0,,,,-0.22499999
22176,2020-05-30,Colusa,California,6011.0,5,0.0,0.0,,,,-0.228
22177,2020-05-31,Colusa,California,6011.0,5,0.0,0.0,,,,-0.24600001
22178,2020-06-01,Colusa,California,6011.0,7,0.0,2.0,,,,-0.257
22179,2020-06-02,Colusa,California,6011.0,7,0.0,0.0,,,,-0.287
22180,2020-06-03,Colusa,California,6011.0,7,0.0,0.0,,,,-0.192
22181,2020-06-04,Colusa,California,6011.0,7,0.0,0.0,,,,-0.111
22182,2020-06-05,Colusa,California,6011.0,7,0.0,0.0,,,,-0.08800000000000001
22183,2020-06-06,Colusa,California,6011.0,7,0.0,0.0,,,,-0.09260000300000001
22184,2020-06-07,Colusa,California,6011.0,7,0.0,0.0,,,,-0.069200002
22185,2020-06-08,Colusa,California,6011.0,7,0.0,0.0,,,,-0.11699999999999999
22186,2020-06-09,Colusa,California,6011.0,7,0.0,0.0,,,,-0.071900003
22187,2020-06-10,Colusa,California,6011.0,7,0.0,0.0,,,,0.00978
22188,2020-06-11,Colusa,California,6011.0,7,0.0,0.0,,,,-0.035700001
22189,2020-06-12,Colusa,California,6011.0,7,0.0,0.0,,,,0.0164
22190,2020-06-13,Colusa,California,6011.0,7,0.0,0.0,,,,-0.06459999799999999
22191,2020-06-14,Colusa,California,6011.0,7,0.0,0.0,,,,-0.078699999
22192,2020-06-15,Colusa,California,6011.0,7,0.0,0.0,,,,-0.035300002000000004
22193,2020-06-16,Colusa,California,6011.0,7,0.0,0.0,,,,-0.15700001
22194,2020-06-17,Colusa,California,6011.0,7,0.0,0.0,,,,-0.17600000000000002
22195,2020-06-18,Colusa,California,6011.0,7,0.0,0.0,,,,-0.11800000000000001
22196,2020-06-19,Colusa,California,6011.0,7,0.0,0.0,,,,-0.163
22197,2020-06-20,Colusa,California,6011.0,7,0.0,0.0,,,,-0.050500002
22198,2020-06-21,Colusa,California,6011.0,7,0.0,0.0,,,,-0.115
22199,2020-06-22,Colusa,California,6011.0,7,0.0,0.0,,,,-0.109
22200,2020-06-23,Colusa,California,6011.0,11,0.0,4.0,,,,-0.0471
22201,2020-06-24,Colusa,California,6011.0,14,0.0,3.0,,,,0.0107
22202,2020-06-25,Colusa,California,6011.0,16,0.0,2.0,,,,-0.0105
22203,2020-06-26,Colusa,California,6011.0,17,0.0,1.0,,,,-0.204
22204,2020-06-27,Colusa,California,6011.0,17,0.0,0.0,,,,-0.27399999
22205,2020-06-28,Colusa,California,6011.0,17,0.0,0.0,,,,-0.23899999
22206,2020-06-29,Colusa,California,6011.0,35,0.0,18.0,,,,-0.141
22207,2020-06-30,Colusa,California,6011.0,46,0.0,11.0,,,,-0.16599999
22208,2020-07-01,Colusa,California,6011.0,59,0.0,13.0,,,,-0.134
22209,2020-07-02,Colusa,California,6011.0,70,0.0,11.0,,,,-0.133
22210,2020-07-03,Colusa,California,6011.0,70,0.0,0.0,,,,-0.0788
22211,2020-07-04,Colusa,California,6011.0,70,0.0,0.0,,,,-0.054000001
22212,2020-07-05,Colusa,California,6011.0,76,0.0,6.0,,,,-0.0145
22213,2020-07-06,Colusa,California,6011.0,83,0.0,7.0,,,,-0.109
22214,2020-07-07,Colusa,California,6011.0,86,0.0,3.0,,,,-0.16
22215,2020-07-08,Colusa,California,6011.0,98,0.0,12.0,,,,-0.223
22216,2020-07-09,Colusa,California,6011.0,103,0.0,5.0,,,,-0.243
22217,2020-07-10,Colusa,California,6011.0,113,0.0,10.0,,,,-0.141
22218,2020-07-11,Colusa,California,6011.0,113,0.0,0.0,,,,-0.182
22219,2020-07-12,Colusa,California,6011.0,113,0.0,0.0,,,,-0.18899999999999997
22220,2020-07-13,Colusa,California,6011.0,129,0.0,16.0,,,,-0.223
22221,2020-07-14,Colusa,California,6011.0,135,0.0,6.0,,,,-0.22899999999999998
22222,2020-07-15,Colusa,California,6011.0,140,0.0,5.0,,,,-0.26499999
22223,2020-07-16,Colusa,California,6011.0,147,0.0,7.0,,,,-0.289
22224,2020-07-17,Colusa,California,6011.0,173,0.0,26.0,,,,-0.27500001
22225,2020-07-18,Colusa,California,6011.0,173,0.0,0.0,,,,-0.25299999
22226,2020-07-19,Colusa,California,6011.0,182,0.0,9.0,,,,-0.31
22227,2020-07-20,Colusa,California,6011.0,223,0.0,41.0,,,,-0.31099999
22228,2020-07-21,Colusa,California,6011.0,234,1.0,11.0,,,,-0.34
22229,2020-07-22,Colusa,California,6011.0,242,2.0,8.0,,,,-0.198
22230,2020-07-23,Colusa,California,6011.0,250,2.0,8.0,,,,-0.155
22231,2020-07-24,Colusa,California,6011.0,263,2.0,13.0,,,,-0.16
22232,2020-07-25,Colusa,California,6011.0,263,2.0,0.0,,,,-0.132
22233,2020-07-26,Colusa,California,6011.0,265,2.0,2.0,,,,-0.048099998
22234,2020-07-27,Colusa,California,6011.0,273,2.0,8.0,,,,-0.044199999000000004
22235,2020-07-28,Colusa,California,6011.0,292,2.0,19.0,,,,0.047899999000000006
22236,2020-07-29,Colusa,California,6011.0,304,3.0,12.0,,,,-0.102
22237,2020-07-30,Colusa,California,6011.0,312,4.0,8.0,,,,-0.146
22238,2020-07-31,Colusa,California,6011.0,323,4.0,11.0,,,,-0.093400002
22239,2020-08-01,Colusa,California,6011.0,323,4.0,0.0,,,,-0.125
22240,2020-08-02,Colusa,California,6011.0,327,4.0,4.0,,,,-0.17399999
22241,2020-08-03,Colusa,California,6011.0,335,4.0,8.0,,,,-0.21799999
22242,2020-08-04,Colusa,California,6011.0,357,4.0,22.0,,,,-0.26499999
22243,2020-08-05,Colusa,California,6011.0,359,4.0,2.0,,,,-0.243
22244,2020-08-06,Colusa,California,6011.0,361,4.0,2.0,,,,-0.19599999
22245,2020-08-07,Colusa,California,6011.0,362,4.0,1.0,,,,-0.24100000000000002
22246,2020-08-08,Colusa,California,6011.0,362,4.0,0.0,,,,-0.152
22247,2020-08-09,Colusa,California,6011.0,368,4.0,6.0,,,,-0.11199999999999999
22248,2020-08-10,Colusa,California,6011.0,391,4.0,23.0,,,,-0.047600000999999996
22249,2020-08-11,Colusa,California,6011.0,396,5.0,5.0,,,,-0.045499999000000006
22250,2020-08-12,Colusa,California,6011.0,397,5.0,1.0,,,,-0.039500002
22251,2020-08-13,Colusa,California,6011.0,401,5.0,4.0,,,,-0.0374
22252,2020-08-14,Colusa,California,6011.0,409,5.0,8.0,,,,0.015799999
22253,2020-08-15,Colusa,California,6011.0,409,5.0,0.0,,,,-0.0691
22254,2020-08-16,Colusa,California,6011.0,409,5.0,0.0,,,,-0.09120000199999999
22255,2020-08-17,Colusa,California,6011.0,415,5.0,6.0,,,,-0.09510000099999999
22256,2020-08-18,Colusa,California,6011.0,420,5.0,5.0,,,,-0.086499996
22257,2020-08-19,Colusa,California,6011.0,421,5.0,1.0,,,,-0.0832
22258,2020-08-20,Colusa,California,6011.0,418,5.0,-3.0,,,,-0.19499999
22259,2020-08-21,Colusa,California,6011.0,419,5.0,1.0,,,,-0.19
22260,2020-08-22,Colusa,California,6011.0,419,5.0,0.0,,,,-0.213
22261,2020-08-23,Colusa,California,6011.0,419,5.0,0.0,,,,-0.215
22262,2020-08-24,Colusa,California,6011.0,426,5.0,7.0,,,,-0.26100001
22263,2020-08-25,Colusa,California,6011.0,429,5.0,3.0,,,,-0.24699999
22264,2020-08-26,Colusa,California,6011.0,434,6.0,5.0,,,,-0.28400001
22265,2020-08-27,Colusa,California,6011.0,439,6.0,5.0,,,,-0.18000001
22266,2020-08-28,Colusa,California,6011.0,441,6.0,2.0,,,,-0.18099999
22267,2020-08-29,Colusa,California,6011.0,441,6.0,0.0,,,,-0.171
22268,2020-08-30,Colusa,California,6011.0,441,6.0,0.0,,,,-0.184
22269,2020-08-31,Colusa,California,6011.0,445,6.0,4.0,,,,-0.12300000000000001
22270,2020-09-01,Colusa,California,6011.0,456,6.0,11.0,,,,-0.154
22271,2020-09-02,Colusa,California,6011.0,466,6.0,10.0,,,,-0.06319999700000001
22272,2020-09-03,Colusa,California,6011.0,467,6.0,1.0,,,,-0.055399999000000005
22273,2020-09-04,Colusa,California,6011.0,470,6.0,3.0,,,,-0.068400003
22274,2020-09-05,Colusa,California,6011.0,470,6.0,0.0,,,,-0.029200001
22275,2020-09-06,Colusa,California,6011.0,472,6.0,2.0,,,,0.0195
22276,2020-09-07,Colusa,California,6011.0,475,6.0,3.0,,,,0.0352
22277,2020-09-08,Colusa,California,6011.0,478,6.0,3.0,,,,-0.0105
22278,2020-09-09,Colusa,California,6011.0,485,6.0,7.0,,,,-0.090499997
22279,2020-09-10,Colusa,California,6011.0,487,6.0,2.0,,,,-0.040600002
22280,2020-09-11,Colusa,California,6011.0,489,6.0,2.0,,,,-0.055599999000000004
22281,2020-09-12,Colusa,California,6011.0,489,6.0,0.0,,,,-0.0801
22282,2020-09-13,Colusa,California,6011.0,489,6.0,0.0,,,,-0.08569999800000001
22283,2020-09-14,Colusa,California,6011.0,496,6.0,7.0,,,,-0.071800001
22284,2020-09-15,Colusa,California,6011.0,499,6.0,3.0,,,,-0.050099999000000006
22285,2020-09-16,Colusa,California,6011.0,499,6.0,0.0,,,,-0.094300002
22286,2020-09-17,Colusa,California,6011.0,502,6.0,3.0,,,,-0.073200002
22287,2020-09-18,Colusa,California,6011.0,509,6.0,7.0,,,,-0.046999998
22288,2020-09-19,Colusa,California,6011.0,509,6.0,0.0,,,,-0.084299996
22289,2020-09-20,Colusa,California,6011.0,509,6.0,0.0,,,,-0.142
22290,2020-09-21,Colusa,California,6011.0,519,6.0,10.0,,,,-0.191
22291,2020-09-22,Colusa,California,6011.0,522,6.0,3.0,,,,-0.139
22292,2020-09-23,Colusa,California,6011.0,524,6.0,2.0,,,,-0.08640000199999999
22293,2020-09-24,Colusa,California,6011.0,527,6.0,3.0,,,,-0.072499998
22294,2020-09-25,Colusa,California,6011.0,529,6.0,2.0,,,,-0.040600002
22295,2020-09-26,Colusa,California,6011.0,529,6.0,0.0,,,,0.078400001
22296,2020-09-27,Colusa,California,6011.0,529,6.0,0.0,,,,0.18799999
22297,2020-09-28,Colusa,California,6011.0,532,6.0,3.0,,,,0.28600001
22298,2020-09-29,Colusa,California,6011.0,535,6.0,3.0,,,,0.17900001
22299,2020-09-30,Colusa,California,6011.0,536,6.0,1.0,,,,0.22699999999999998
22300,2020-10-01,Colusa,California,6011.0,538,6.0,2.0,,,,0.111
22301,2020-10-02,Colusa,California,6011.0,538,6.0,0.0,,,,0.132
22302,2020-10-03,Colusa,California,6011.0,538,6.0,0.0,,,,0.018300001
22303,2020-10-04,Colusa,California,6011.0,538,6.0,0.0,,,,-0.034000002
22304,2020-10-05,Colusa,California,6011.0,539,6.0,1.0,,,,0.0109
22305,2020-10-06,Colusa,California,6011.0,540,6.0,1.0,,,,0.056699999
22306,2020-10-07,Colusa,California,6011.0,541,6.0,1.0,,,,0.07970000099999999
22307,2020-10-08,Colusa,California,6011.0,541,6.0,0.0,,,,0.08680000199999999
22308,2020-10-09,Colusa,California,6011.0,543,6.0,2.0,,,,0.18000001
22309,2020-10-10,Colusa,California,6011.0,543,6.0,0.0,,,,0.13
22310,2020-10-11,Colusa,California,6011.0,543,6.0,0.0,,,,0.193
22311,2020-10-12,Colusa,California,6011.0,543,6.0,0.0,,,,0.14800000000000002
22312,2020-10-13,Colusa,California,6011.0,543,6.0,0.0,,,,0.12899999
22313,2020-10-14,Colusa,California,6011.0,545,6.0,2.0,,,,0.09799999699999999
22314,2020-10-15,Colusa,California,6011.0,545,6.0,0.0,,,,0.134
22315,2020-10-16,Colusa,California,6011.0,545,6.0,0.0,,,,-0.032900002000000005
22316,2020-10-17,Colusa,California,6011.0,545,6.0,0.0,,,,-0.087700002
22317,2020-10-18,Colusa,California,6011.0,545,6.0,0.0,,,,-0.12300000000000001
22318,2020-10-19,Colusa,California,6011.0,547,6.0,2.0,,,,-0.154
22319,2020-10-20,Colusa,California,6011.0,548,6.0,1.0,,,,-0.17
22320,2020-10-21,Colusa,California,6011.0,549,6.0,1.0,,,,-0.17
22321,2020-10-22,Colusa,California,6011.0,549,6.0,0.0,,,,-0.175
22322,2020-10-23,Colusa,California,6011.0,550,6.0,1.0,,,,-0.132
22323,2020-10-24,Colusa,California,6011.0,550,6.0,0.0,,,,-0.07289999700000001
22324,2020-10-25,Colusa,California,6011.0,550,6.0,0.0,,,,-0.071900003
22325,2020-10-26,Colusa,California,6011.0,551,6.0,1.0,,,,-0.056600001
22326,2020-10-27,Colusa,California,6011.0,553,6.0,2.0,,,,0.0111
22327,2020-10-28,Colusa,California,6011.0,553,6.0,0.0,,,,0.0091300001
22328,2020-10-29,Colusa,California,6011.0,555,6.0,2.0,,,,0.032400001
22329,2020-10-30,Colusa,California,6011.0,557,6.0,2.0,,,,0.0141
22330,2020-10-31,Colusa,California,6011.0,557,6.0,0.0,,,,0.053199999000000005
22331,2020-11-01,Colusa,California,6011.0,557,6.0,0.0,,,,0.039299997999999996
22332,2020-11-02,Colusa,California,6011.0,572,6.0,15.0,,,,0.0296
22333,2020-11-03,Colusa,California,6011.0,572,6.0,0.0,,,,-0.0143
22334,2020-11-04,Colusa,California,6011.0,576,6.0,4.0,,,,-0.041099999
22335,2020-11-05,Colusa,California,6011.0,576,6.0,0.0,,,,-0.037000000000000005
22336,2020-11-06,Colusa,California,6011.0,581,6.0,5.0,,,,-0.042199999
22337,2020-11-07,Colusa,California,6011.0,581,6.0,0.0,,,,-0.061099999
22338,2020-11-08,Colusa,California,6011.0,583,6.0,2.0,,,,-0.111
22339,2020-11-09,Colusa,California,6011.0,584,6.0,1.0,,,,-0.107
22340,2020-11-10,Colusa,California,6011.0,591,6.0,7.0,,,,-0.11599999999999999
22341,2020-11-11,Colusa,California,6011.0,591,6.0,0.0,,,,-0.12800001
22342,2020-11-12,Colusa,California,6011.0,593,6.0,2.0,,,,-0.215
22343,2020-11-13,Colusa,California,6011.0,599,6.0,6.0,,,,-0.23100001
22344,2020-11-14,Colusa,California,6011.0,599,6.0,0.0,,,,-0.22899999999999998
22345,2020-11-15,Colusa,California,6011.0,601,6.0,2.0,,,,-0.212
22346,2020-11-16,Colusa,California,6011.0,603,6.0,2.0,,,,-0.184
22347,2020-11-17,Colusa,California,6011.0,608,6.0,5.0,,,,-0.198
22348,2020-11-18,Colusa,California,6011.0,618,6.0,10.0,,,,-0.126
22349,2020-11-19,Colusa,California,6011.0,623,6.0,5.0,,,,-0.050299998
22350,2020-11-20,Colusa,California,6011.0,639,6.0,16.0,,,,0.028899999
22351,2020-11-21,Colusa,California,6011.0,639,6.0,0.0,,,,0.10800000000000001
22352,2020-11-22,Colusa,California,6011.0,642,6.0,3.0,,,,0.077699997
