,date,county,state,fips,cases,deaths,new_cases,emp_combined,emp_combined_inclow,revenue_all,spend_all
33401,2020-03-29,Tuolumne,California,6109.0,1,0.0,0.0,,,,-0.40900001
33402,2020-03-30,Tuolumne,California,6109.0,1,0.0,0.0,,,,-0.40799999
33403,2020-03-31,Tuolumne,California,6109.0,1,0.0,0.0,,,,-0.37799999
33404,2020-04-01,Tuolumne,California,6109.0,1,0.0,0.0,,,,-0.31900001
33405,2020-04-02,Tuolumne,California,6109.0,1,0.0,0.0,,,,-0.28200001
33406,2020-04-03,Tuolumne,California,6109.0,1,0.0,0.0,,,,-0.252
33407,2020-04-04,Tuolumne,California,6109.0,1,0.0,0.0,,,,-0.26199999
33408,2020-04-05,Tuolumne,California,6109.0,1,0.0,0.0,,,,-0.248
33409,2020-04-06,Tuolumne,California,6109.0,1,0.0,0.0,,,,-0.248
33410,2020-04-07,Tuolumne,California,6109.0,1,0.0,0.0,,,,-0.25
33411,2020-04-08,Tuolumne,California,6109.0,1,0.0,0.0,,,,-0.31900001
33412,2020-04-09,Tuolumne,California,6109.0,1,0.0,0.0,,,,-0.34999999
33413,2020-04-10,Tuolumne,California,6109.0,1,0.0,0.0,,,,-0.36500001
33414,2020-04-11,Tuolumne,California,6109.0,1,0.0,0.0,,,,-0.377
33415,2020-04-12,Tuolumne,California,6109.0,1,0.0,0.0,,,,-0.38699999
33416,2020-04-13,Tuolumne,California,6109.0,1,0.0,0.0,,,,-0.391
33417,2020-04-14,Tuolumne,California,6109.0,2,0.0,1.0,,,,-0.317
33418,2020-04-15,Tuolumne,California,6109.0,2,0.0,0.0,,,,-0.289
33419,2020-04-16,Tuolumne,California,6109.0,2,0.0,0.0,,,,-0.212
33420,2020-04-17,Tuolumne,California,6109.0,2,0.0,0.0,,,,-0.19400001
33421,2020-04-18,Tuolumne,California,6109.0,2,0.0,0.0,,,,-0.16699999999999998
33422,2020-04-19,Tuolumne,California,6109.0,2,0.0,0.0,,,,-0.15800001
33423,2020-04-20,Tuolumne,California,6109.0,2,0.0,0.0,,,,-0.12300000000000001
33424,2020-04-21,Tuolumne,California,6109.0,2,0.0,0.0,,,,-0.17200001
33425,2020-04-22,Tuolumne,California,6109.0,2,0.0,0.0,,,,-0.204
33426,2020-04-23,Tuolumne,California,6109.0,2,0.0,0.0,,,,-0.24600001
33427,2020-04-24,Tuolumne,California,6109.0,2,0.0,0.0,,,,-0.23999999
33428,2020-04-25,Tuolumne,California,6109.0,3,0.0,1.0,,,,-0.23600000000000002
33429,2020-04-26,Tuolumne,California,6109.0,3,0.0,0.0,,,,-0.266
33430,2020-04-27,Tuolumne,California,6109.0,4,0.0,1.0,,,,-0.26800001
33431,2020-04-28,Tuolumne,California,6109.0,4,0.0,0.0,,,,-0.257
33432,2020-04-29,Tuolumne,California,6109.0,4,0.0,0.0,,,,-0.248
33433,2020-04-30,Tuolumne,California,6109.0,4,0.0,0.0,,,,-0.23
33434,2020-05-01,Tuolumne,California,6109.0,4,0.0,0.0,,,,-0.215
33435,2020-05-02,Tuolumne,California,6109.0,4,0.0,0.0,,,,-0.24600001
33436,2020-05-03,Tuolumne,California,6109.0,4,0.0,0.0,,,,-0.19499999
33437,2020-05-04,Tuolumne,California,6109.0,4,0.0,0.0,,,,-0.21100000000000002
33438,2020-05-05,Tuolumne,California,6109.0,3,0.0,-1.0,,,,-0.22499999
33439,2020-05-06,Tuolumne,California,6109.0,2,0.0,-1.0,,,,-0.21600001
33440,2020-05-07,Tuolumne,California,6109.0,2,0.0,0.0,,,,-0.20999999
33441,2020-05-08,Tuolumne,California,6109.0,2,0.0,0.0,,,,-0.21799999
33442,2020-05-09,Tuolumne,California,6109.0,2,0.0,0.0,,,,-0.17800000000000002
33443,2020-05-10,Tuolumne,California,6109.0,2,0.0,0.0,,,,-0.18799999
33444,2020-05-11,Tuolumne,California,6109.0,2,0.0,0.0,,,,-0.193
33445,2020-05-12,Tuolumne,California,6109.0,2,0.0,0.0,,,,-0.207
33446,2020-05-13,Tuolumne,California,6109.0,2,0.0,0.0,,,,-0.205
33447,2020-05-14,Tuolumne,California,6109.0,2,0.0,0.0,,,,-0.22400001
33448,2020-05-15,Tuolumne,California,6109.0,2,0.0,0.0,,,,-0.23
33449,2020-05-16,Tuolumne,California,6109.0,2,0.0,0.0,,,,-0.25600001
33450,2020-05-17,Tuolumne,California,6109.0,2,0.0,0.0,,,,-0.27000001
33451,2020-05-18,Tuolumne,California,6109.0,2,0.0,0.0,,,,-0.27399999
33452,2020-05-19,Tuolumne,California,6109.0,2,0.0,0.0,,,,-0.264
33453,2020-05-20,Tuolumne,California,6109.0,2,0.0,0.0,,,,-0.25099999
33454,2020-05-21,Tuolumne,California,6109.0,2,0.0,0.0,,,,-0.226
33455,2020-05-22,Tuolumne,California,6109.0,2,0.0,0.0,,,,-0.21699999
33456,2020-05-23,Tuolumne,California,6109.0,3,0.0,1.0,,,,-0.19499999
33457,2020-05-24,Tuolumne,California,6109.0,3,0.0,0.0,,,,-0.182
33458,2020-05-25,Tuolumne,California,6109.0,3,0.0,0.0,,,,-0.132
33459,2020-05-26,Tuolumne,California,6109.0,4,0.0,1.0,,,,-0.19
33460,2020-05-27,Tuolumne,California,6109.0,4,0.0,0.0,,,,-0.20800000000000002
33461,2020-05-28,Tuolumne,California,6109.0,4,0.0,0.0,,,,-0.20299999
33462,2020-05-29,Tuolumne,California,6109.0,4,0.0,0.0,,,,-0.20900001
33463,2020-05-30,Tuolumne,California,6109.0,4,0.0,0.0,,,,-0.20200001
33464,2020-05-31,Tuolumne,California,6109.0,4,0.0,0.0,,,,-0.27599999
33465,2020-06-01,Tuolumne,California,6109.0,4,0.0,0.0,,,,-0.24699999
33466,2020-06-02,Tuolumne,California,6109.0,4,0.0,0.0,,,,-0.257
33467,2020-06-03,Tuolumne,California,6109.0,5,0.0,1.0,,,,-0.25400001
33468,2020-06-04,Tuolumne,California,6109.0,5,0.0,0.0,,,,-0.266
33469,2020-06-05,Tuolumne,California,6109.0,7,0.0,2.0,,,,-0.24699999
33470,2020-06-06,Tuolumne,California,6109.0,7,0.0,0.0,,,,-0.26100001
33471,2020-06-07,Tuolumne,California,6109.0,7,0.0,0.0,,,,-0.19699999999999998
33472,2020-06-08,Tuolumne,California,6109.0,7,0.0,0.0,,,,-0.20800000000000002
33473,2020-06-09,Tuolumne,California,6109.0,8,0.0,1.0,,,,-0.21100000000000002
33474,2020-06-10,Tuolumne,California,6109.0,8,0.0,0.0,,,,-0.204
33475,2020-06-11,Tuolumne,California,6109.0,8,0.0,0.0,,,,-0.155
33476,2020-06-12,Tuolumne,California,6109.0,8,0.0,0.0,,,,-0.156
33477,2020-06-13,Tuolumne,California,6109.0,8,0.0,0.0,,,,-0.11199999999999999
33478,2020-06-14,Tuolumne,California,6109.0,9,0.0,1.0,,,,-0.13500001
33479,2020-06-15,Tuolumne,California,6109.0,9,0.0,0.0,,,,-0.08820000300000001
33480,2020-06-16,Tuolumne,California,6109.0,9,0.0,0.0,,,,-0.061900000999999996
33481,2020-06-17,Tuolumne,California,6109.0,9,0.0,0.0,,,,-0.07050000099999999
33482,2020-06-18,Tuolumne,California,6109.0,9,0.0,0.0,,,,-0.133
33483,2020-06-19,Tuolumne,California,6109.0,9,0.0,0.0,,,,-0.14300001
33484,2020-06-20,Tuolumne,California,6109.0,10,0.0,1.0,,,,-0.15000001
33485,2020-06-21,Tuolumne,California,6109.0,10,0.0,0.0,,,,-0.11
33486,2020-06-22,Tuolumne,California,6109.0,12,0.0,2.0,,,,-0.134
33487,2020-06-23,Tuolumne,California,6109.0,14,0.0,2.0,,,,-0.17
33488,2020-06-24,Tuolumne,California,6109.0,15,0.0,1.0,,,,-0.18600000000000003
33489,2020-06-25,Tuolumne,California,6109.0,22,0.0,7.0,,,,-0.16500001
33490,2020-06-26,Tuolumne,California,6109.0,22,0.0,0.0,,,,-0.20800000000000002
33491,2020-06-27,Tuolumne,California,6109.0,22,0.0,0.0,,,,-0.243
33492,2020-06-28,Tuolumne,California,6109.0,22,0.0,0.0,,,,-0.285
33493,2020-06-29,Tuolumne,California,6109.0,28,0.0,6.0,,,,-0.30000001
33494,2020-06-30,Tuolumne,California,6109.0,30,0.0,2.0,,,,-0.273
33495,2020-07-01,Tuolumne,California,6109.0,34,0.0,4.0,,,,-0.28299999
33496,2020-07-02,Tuolumne,California,6109.0,43,0.0,9.0,,,,-0.287
33497,2020-07-03,Tuolumne,California,6109.0,43,0.0,0.0,,,,-0.26199999
33498,2020-07-04,Tuolumne,California,6109.0,43,0.0,0.0,,,,-0.23800001
33499,2020-07-05,Tuolumne,California,6109.0,43,0.0,0.0,,,,-0.22699999999999998
33500,2020-07-06,Tuolumne,California,6109.0,53,0.0,10.0,,,,-0.23
33501,2020-07-07,Tuolumne,California,6109.0,57,0.0,4.0,,,,-0.23100001
33502,2020-07-08,Tuolumne,California,6109.0,58,0.0,1.0,,,,-0.19699999999999998
33503,2020-07-09,Tuolumne,California,6109.0,59,0.0,1.0,,,,-0.162
33504,2020-07-10,Tuolumne,California,6109.0,64,0.0,5.0,,,,-0.145
33505,2020-07-11,Tuolumne,California,6109.0,64,0.0,0.0,,,,-0.17
33506,2020-07-12,Tuolumne,California,6109.0,73,0.0,9.0,,,,-0.14399999
33507,2020-07-13,Tuolumne,California,6109.0,73,0.0,0.0,,,,-0.141
33508,2020-07-14,Tuolumne,California,6109.0,76,0.0,3.0,,,,-0.153
33509,2020-07-15,Tuolumne,California,6109.0,80,0.0,4.0,,,,-0.141
33510,2020-07-16,Tuolumne,California,6109.0,84,0.0,4.0,,,,-0.20800000000000002
33511,2020-07-17,Tuolumne,California,6109.0,85,0.0,1.0,,,,-0.2
33512,2020-07-18,Tuolumne,California,6109.0,85,0.0,0.0,,,,-0.214
33513,2020-07-19,Tuolumne,California,6109.0,85,0.0,0.0,,,,-0.248
33514,2020-07-20,Tuolumne,California,6109.0,101,0.0,16.0,,,,-0.245
33515,2020-07-21,Tuolumne,California,6109.0,104,0.0,3.0,,,,-0.198
33516,2020-07-22,Tuolumne,California,6109.0,109,0.0,5.0,,,,-0.233
33517,2020-07-23,Tuolumne,California,6109.0,117,0.0,8.0,,,,-0.22499999
33518,2020-07-24,Tuolumne,California,6109.0,126,0.0,9.0,,,,-0.204
33519,2020-07-25,Tuolumne,California,6109.0,126,0.0,0.0,,,,-0.168
33520,2020-07-26,Tuolumne,California,6109.0,126,0.0,0.0,,,,-0.18700001
33521,2020-07-27,Tuolumne,California,6109.0,131,2.0,5.0,,,,-0.18000001
33522,2020-07-28,Tuolumne,California,6109.0,131,2.0,0.0,,,,-0.22400001
33523,2020-07-29,Tuolumne,California,6109.0,132,2.0,1.0,,,,-0.22400001
33524,2020-07-30,Tuolumne,California,6109.0,134,2.0,2.0,,,,-0.19599999
33525,2020-07-31,Tuolumne,California,6109.0,141,2.0,7.0,,,,-0.22699999999999998
33526,2020-08-01,Tuolumne,California,6109.0,141,2.0,0.0,,,,-0.257
33527,2020-08-02,Tuolumne,California,6109.0,141,2.0,0.0,,,,-0.207
33528,2020-08-03,Tuolumne,California,6109.0,144,2.0,3.0,,,,-0.20900001
33529,2020-08-04,Tuolumne,California,6109.0,144,2.0,0.0,,,,-0.19899999999999998
33530,2020-08-05,Tuolumne,California,6109.0,144,2.0,0.0,,,,-0.20299999
33531,2020-08-06,Tuolumne,California,6109.0,147,2.0,3.0,,,,-0.18799999
33532,2020-08-07,Tuolumne,California,6109.0,152,2.0,5.0,,,,-0.185
33533,2020-08-08,Tuolumne,California,6109.0,152,2.0,0.0,,,,-0.17600000000000002
33534,2020-08-09,Tuolumne,California,6109.0,152,2.0,0.0,,,,-0.19699999999999998
33535,2020-08-10,Tuolumne,California,6109.0,155,2.0,3.0,,,,-0.19499999
33536,2020-08-11,Tuolumne,California,6109.0,159,2.0,4.0,,,,-0.20299999
33537,2020-08-12,Tuolumne,California,6109.0,159,2.0,0.0,,,,-0.19499999
33538,2020-08-13,Tuolumne,California,6109.0,160,2.0,1.0,,,,-0.191
33539,2020-08-14,Tuolumne,California,6109.0,160,2.0,0.0,,,,-0.17600000000000002
33540,2020-08-15,Tuolumne,California,6109.0,160,2.0,0.0,,,,-0.156
33541,2020-08-16,Tuolumne,California,6109.0,160,2.0,0.0,,,,-0.134
33542,2020-08-17,Tuolumne,California,6109.0,165,2.0,5.0,,,,-0.146
33543,2020-08-18,Tuolumne,California,6109.0,165,2.0,0.0,,,,-0.142
33544,2020-08-19,Tuolumne,California,6109.0,166,2.0,1.0,,,,-0.114
33545,2020-08-20,Tuolumne,California,6109.0,170,2.0,4.0,,,,-0.149
33546,2020-08-21,Tuolumne,California,6109.0,172,2.0,2.0,,,,-0.168
33547,2020-08-22,Tuolumne,California,6109.0,172,2.0,0.0,,,,-0.20800000000000002
33548,2020-08-23,Tuolumne,California,6109.0,172,2.0,0.0,,,,-0.23199999
33549,2020-08-24,Tuolumne,California,6109.0,177,2.0,5.0,,,,-0.22400001
33550,2020-08-25,Tuolumne,California,6109.0,179,2.0,2.0,,,,-0.21899999999999997
33551,2020-08-26,Tuolumne,California,6109.0,189,2.0,10.0,,,,-0.271
33552,2020-08-27,Tuolumne,California,6109.0,181,2.0,-8.0,,,,-0.22
33553,2020-08-28,Tuolumne,California,6109.0,181,2.0,0.0,,,,-0.23600000000000002
33554,2020-08-29,Tuolumne,California,6109.0,181,2.0,0.0,,,,-0.19499999
33555,2020-08-30,Tuolumne,California,6109.0,181,2.0,0.0,,,,-0.17299999
33556,2020-08-31,Tuolumne,California,6109.0,182,2.0,1.0,,,,-0.17900001
33557,2020-09-01,Tuolumne,California,6109.0,185,2.0,3.0,,,,-0.105
33558,2020-09-02,Tuolumne,California,6109.0,186,2.0,1.0,,,,-0.07379999799999999
33559,2020-09-03,Tuolumne,California,6109.0,190,2.0,4.0,,,,-0.099799998
33560,2020-09-04,Tuolumne,California,6109.0,193,2.0,3.0,,,,-0.066399999
33561,2020-09-05,Tuolumne,California,6109.0,193,2.0,0.0,,,,-0.064000003
33562,2020-09-06,Tuolumne,California,6109.0,194,2.0,1.0,,,,-0.11800000000000001
33563,2020-09-07,Tuolumne,California,6109.0,194,2.0,0.0,,,,-0.111
33564,2020-09-08,Tuolumne,California,6109.0,196,2.0,2.0,,,,-0.10300000000000001
33565,2020-09-09,Tuolumne,California,6109.0,211,3.0,15.0,,,,-0.114
33566,2020-09-10,Tuolumne,California,6109.0,212,3.0,1.0,,,,-0.13600001
33567,2020-09-11,Tuolumne,California,6109.0,213,3.0,1.0,,,,-0.13
33568,2020-09-12,Tuolumne,California,6109.0,213,3.0,0.0,,,,-0.0832
33569,2020-09-13,Tuolumne,California,6109.0,213,3.0,0.0,,,,-0.065399997
33570,2020-09-14,Tuolumne,California,6109.0,216,3.0,3.0,,,,-0.105
33571,2020-09-15,Tuolumne,California,6109.0,216,3.0,0.0,,,,-0.113
33572,2020-09-16,Tuolumne,California,6109.0,216,3.0,0.0,,,,-0.134
33573,2020-09-17,Tuolumne,California,6109.0,220,4.0,4.0,,,,-0.0086599998
33574,2020-09-18,Tuolumne,California,6109.0,221,4.0,1.0,,,,-0.061799999
33575,2020-09-19,Tuolumne,California,6109.0,221,4.0,0.0,,,,-0.20200001
33576,2020-09-20,Tuolumne,California,6109.0,221,4.0,0.0,,,,-0.22400001
33577,2020-09-21,Tuolumne,California,6109.0,226,4.0,5.0,,,,-0.20600000000000002
33578,2020-09-22,Tuolumne,California,6109.0,226,4.0,0.0,,,,-0.226
33579,2020-09-23,Tuolumne,California,6109.0,227,4.0,1.0,,,,-0.26800001
33580,2020-09-24,Tuolumne,California,6109.0,227,4.0,0.0,,,,-0.301
33581,2020-09-25,Tuolumne,California,6109.0,227,4.0,0.0,,,,-0.28799999
33582,2020-09-26,Tuolumne,California,6109.0,227,4.0,0.0,,,,-0.249
33583,2020-09-27,Tuolumne,California,6109.0,227,4.0,0.0,,,,-0.23800001
33584,2020-09-28,Tuolumne,California,6109.0,227,4.0,0.0,,,,-0.23999999
33585,2020-09-29,Tuolumne,California,6109.0,227,4.0,0.0,,,,-0.237
33586,2020-09-30,Tuolumne,California,6109.0,228,4.0,1.0,,,,-0.24600001
33587,2020-10-01,Tuolumne,California,6109.0,229,4.0,1.0,,,,-0.22699999999999998
33588,2020-10-02,Tuolumne,California,6109.0,230,4.0,1.0,,,,-0.257
33589,2020-10-03,Tuolumne,California,6109.0,230,4.0,0.0,,,,-0.25
33590,2020-10-04,Tuolumne,California,6109.0,230,4.0,0.0,,,,-0.235
33591,2020-10-05,Tuolumne,California,6109.0,233,4.0,3.0,,,,-0.23999999
33592,2020-10-06,Tuolumne,California,6109.0,233,4.0,0.0,,,,-0.205
33593,2020-10-07,Tuolumne,California,6109.0,234,4.0,1.0,,,,-0.16500001
33594,2020-10-08,Tuolumne,California,6109.0,235,4.0,1.0,,,,-0.17
33595,2020-10-09,Tuolumne,California,6109.0,237,4.0,2.0,,,,-0.0964
33596,2020-10-10,Tuolumne,California,6109.0,237,4.0,0.0,,,,-0.076099999
33597,2020-10-11,Tuolumne,California,6109.0,237,4.0,0.0,,,,-0.0308
33598,2020-10-12,Tuolumne,California,6109.0,240,4.0,3.0,,,,-0.046700001
33599,2020-10-13,Tuolumne,California,6109.0,242,4.0,2.0,,,,0.0028200001
33600,2020-10-14,Tuolumne,California,6109.0,242,4.0,0.0,,,,-0.0087900003
33601,2020-10-15,Tuolumne,California,6109.0,244,4.0,2.0,,,,0.0045599998
33602,2020-10-16,Tuolumne,California,6109.0,249,4.0,5.0,,,,-0.034299999
33603,2020-10-17,Tuolumne,California,6109.0,249,4.0,0.0,,,,-0.0669
33604,2020-10-18,Tuolumne,California,6109.0,249,4.0,0.0,,,,-0.097400002
33605,2020-10-19,Tuolumne,California,6109.0,255,4.0,6.0,,,,-0.097099997
33606,2020-10-20,Tuolumne,California,6109.0,257,4.0,2.0,,,,-0.156
33607,2020-10-21,Tuolumne,California,6109.0,258,4.0,1.0,,,,-0.214
33608,2020-10-22,Tuolumne,California,6109.0,262,4.0,4.0,,,,-0.149
33609,2020-10-23,Tuolumne,California,6109.0,268,4.0,6.0,,,,-0.145
33610,2020-10-24,Tuolumne,California,6109.0,268,4.0,0.0,,,,-0.134
33611,2020-10-25,Tuolumne,California,6109.0,269,4.0,1.0,,,,-0.15800001
33612,2020-10-26,Tuolumne,California,6109.0,275,4.0,6.0,,,,-0.16599999
33613,2020-10-27,Tuolumne,California,6109.0,279,4.0,4.0,,,,-0.16
33614,2020-10-28,Tuolumne,California,6109.0,285,5.0,6.0,,,,-0.16599999
33615,2020-10-29,Tuolumne,California,6109.0,288,6.0,3.0,,,,-0.16899999999999998
33616,2020-10-30,Tuolumne,California,6109.0,291,6.0,3.0,,,,-0.156
33617,2020-10-31,Tuolumne,California,6109.0,291,6.0,0.0,,,,-0.204
33618,2020-11-01,Tuolumne,California,6109.0,291,6.0,0.0,,,,-0.177
33619,2020-11-02,Tuolumne,California,6109.0,306,6.0,15.0,,,,-0.16699999999999998
33620,2020-11-03,Tuolumne,California,6109.0,309,6.0,3.0,,,,-0.16500001
33621,2020-11-04,Tuolumne,California,6109.0,312,7.0,3.0,,,,-0.23999999
33622,2020-11-05,Tuolumne,California,6109.0,318,7.0,6.0,,,,-0.20200001
33623,2020-11-06,Tuolumne,California,6109.0,329,8.0,11.0,,,,-0.19499999
33624,2020-11-07,Tuolumne,California,6109.0,329,8.0,0.0,,,,-0.175
33625,2020-11-08,Tuolumne,California,6109.0,329,8.0,0.0,,,,-0.21899999999999997
33626,2020-11-09,Tuolumne,California,6109.0,360,8.0,31.0,,,,-0.213
33627,2020-11-10,Tuolumne,California,6109.0,364,8.0,4.0,,,,-0.207
33628,2020-11-11,Tuolumne,California,6109.0,388,8.0,24.0,,,,-0.177
33629,2020-11-12,Tuolumne,California,6109.0,443,8.0,55.0,,,,-0.183
33630,2020-11-13,Tuolumne,California,6109.0,467,8.0,24.0,,,,-0.16599999
33631,2020-11-14,Tuolumne,California,6109.0,467,8.0,0.0,,,,-0.152
33632,2020-11-15,Tuolumne,California,6109.0,562,8.0,95.0,,,,-0.121
33633,2020-11-16,Tuolumne,California,6109.0,569,8.0,7.0,,,,-0.12899999
33634,2020-11-17,Tuolumne,California,6109.0,615,8.0,46.0,,,,-0.12899999
33635,2020-11-18,Tuolumne,California,6109.0,648,8.0,33.0,,,,-0.09520000199999999
33636,2020-11-19,Tuolumne,California,6109.0,675,8.0,27.0,,,,-0.134
33637,2020-11-20,Tuolumne,California,6109.0,708,8.0,33.0,,,,-0.142
33638,2020-11-21,Tuolumne,California,6109.0,708,8.0,0.0,,,,-0.18000001
33639,2020-11-22,Tuolumne,California,6109.0,784,8.0,76.0,,,,-0.21899999999999997
