,date,county,state,fips,cases,deaths,new_cases,emp_combined,emp_combined_inclow,revenue_all,spend_all
42345,2020-03-13,Routt,Colorado,8107.0,1,0.0,0.0,,,,-0.065899998
42346,2020-03-14,Routt,Colorado,8107.0,1,0.0,0.0,,,,-0.0189
42347,2020-03-15,Routt,Colorado,8107.0,1,0.0,0.0,,,,-0.0217
42348,2020-03-16,Routt,Colorado,8107.0,2,0.0,1.0,,,,-0.043900002
42349,2020-03-17,Routt,Colorado,8107.0,2,0.0,0.0,,,,-0.035300002000000004
42350,2020-03-18,Routt,Colorado,8107.0,2,0.0,0.0,,,,-0.0031999999
42351,2020-03-19,Routt,Colorado,8107.0,2,0.0,0.0,,,,-0.030999999
42352,2020-03-20,Routt,Colorado,8107.0,2,0.0,0.0,,,,-0.055100000999999996
42353,2020-03-21,Routt,Colorado,8107.0,2,0.0,0.0,,,,-0.127
42354,2020-03-22,Routt,Colorado,8107.0,3,0.0,1.0,,,,-0.16899999999999998
42355,2020-03-23,Routt,Colorado,8107.0,3,0.0,0.0,,,,-0.19599999
42356,2020-03-24,Routt,Colorado,8107.0,4,0.0,1.0,,,,-0.257
42357,2020-03-25,Routt,Colorado,8107.0,6,0.0,2.0,,,,-0.26699999
42358,2020-03-26,Routt,Colorado,8107.0,9,0.0,3.0,,,,-0.273
42359,2020-03-27,Routt,Colorado,8107.0,12,0.0,3.0,,,,-0.28099999
42360,2020-03-28,Routt,Colorado,8107.0,14,0.0,2.0,,,,-0.289
42361,2020-03-29,Routt,Colorado,8107.0,16,0.0,2.0,,,,-0.28
42362,2020-03-30,Routt,Colorado,8107.0,16,0.0,0.0,,,,-0.278
42363,2020-03-31,Routt,Colorado,8107.0,17,0.0,1.0,,,,-0.22
42364,2020-04-01,Routt,Colorado,8107.0,19,0.0,2.0,,,,-0.294
42365,2020-04-02,Routt,Colorado,8107.0,23,0.0,4.0,,,,-0.29100001
42366,2020-04-03,Routt,Colorado,8107.0,28,0.0,5.0,,,,-0.331
42367,2020-04-04,Routt,Colorado,8107.0,29,0.0,1.0,,,,-0.32600001
42368,2020-04-05,Routt,Colorado,8107.0,29,0.0,0.0,,,,-0.34599999
42369,2020-04-06,Routt,Colorado,8107.0,29,0.0,0.0,,,,-0.31799999
42370,2020-04-07,Routt,Colorado,8107.0,32,0.0,3.0,,,,-0.37799999
42371,2020-04-08,Routt,Colorado,8107.0,32,0.0,0.0,,,,-0.34400001
42372,2020-04-09,Routt,Colorado,8107.0,32,0.0,0.0,,,,-0.33199999
42373,2020-04-10,Routt,Colorado,8107.0,35,1.0,3.0,,,,-0.27700001
42374,2020-04-11,Routt,Colorado,8107.0,35,1.0,0.0,,,,-0.259
42375,2020-04-12,Routt,Colorado,8107.0,36,1.0,1.0,,,,-0.243
42376,2020-04-13,Routt,Colorado,8107.0,41,1.0,5.0,,,,-0.294
42377,2020-04-14,Routt,Colorado,8107.0,41,1.0,0.0,,,,-0.29699999
42378,2020-04-15,Routt,Colorado,8107.0,41,1.0,0.0,,,,-0.278
42379,2020-04-16,Routt,Colorado,8107.0,43,1.0,2.0,,,,-0.33399999
42380,2020-04-17,Routt,Colorado,8107.0,46,1.0,3.0,,,,-0.34400001
42381,2020-04-18,Routt,Colorado,8107.0,49,2.0,3.0,,,,-0.35600001
42382,2020-04-19,Routt,Colorado,8107.0,49,2.0,0.0,,,,-0.33500001
42383,2020-04-20,Routt,Colorado,8107.0,49,2.0,0.0,,,,-0.322
42384,2020-04-21,Routt,Colorado,8107.0,51,2.0,2.0,,,,-0.30000001
42385,2020-04-22,Routt,Colorado,8107.0,52,3.0,1.0,,,,-0.35100001
42386,2020-04-23,Routt,Colorado,8107.0,52,3.0,0.0,,,,-0.354
42387,2020-04-24,Routt,Colorado,8107.0,52,4.0,0.0,,,,-0.34599999
42388,2020-04-25,Routt,Colorado,8107.0,52,4.0,0.0,,,,-0.36700001
42389,2020-04-26,Routt,Colorado,8107.0,54,4.0,2.0,,,,-0.39399999
42390,2020-04-27,Routt,Colorado,8107.0,54,4.0,0.0,,,,-0.36700001
42391,2020-04-28,Routt,Colorado,8107.0,55,4.0,1.0,,,,-0.36199999
42392,2020-04-29,Routt,Colorado,8107.0,54,4.0,-1.0,,,,-0.31299999
42393,2020-04-30,Routt,Colorado,8107.0,56,4.0,2.0,,,,-0.248
42394,2020-05-01,Routt,Colorado,8107.0,55,5.0,-1.0,,,,-0.26199999
42395,2020-05-02,Routt,Colorado,8107.0,56,5.0,1.0,,,,-0.235
42396,2020-05-03,Routt,Colorado,8107.0,56,5.0,0.0,,,,-0.242
42397,2020-05-04,Routt,Colorado,8107.0,56,6.0,0.0,,,,-0.23
42398,2020-05-05,Routt,Colorado,8107.0,58,6.0,2.0,,,,-0.20800000000000002
42399,2020-05-06,Routt,Colorado,8107.0,58,6.0,0.0,,,,-0.192
42400,2020-05-07,Routt,Colorado,8107.0,58,6.0,0.0,,,,-0.226
42401,2020-05-08,Routt,Colorado,8107.0,58,6.0,0.0,,,,-0.19599999
42402,2020-05-09,Routt,Colorado,8107.0,58,6.0,0.0,,,,-0.18899999999999997
42403,2020-05-10,Routt,Colorado,8107.0,58,6.0,0.0,,,,-0.15899999
42404,2020-05-11,Routt,Colorado,8107.0,58,6.0,0.0,,,,-0.182
42405,2020-05-12,Routt,Colorado,8107.0,59,6.0,1.0,,,,-0.17900001
42406,2020-05-13,Routt,Colorado,8107.0,59,6.0,0.0,,,,-0.17600000000000002
42407,2020-05-14,Routt,Colorado,8107.0,59,6.0,0.0,,,,-0.13500001
42408,2020-05-15,Routt,Colorado,8107.0,59,6.0,0.0,,,,-0.127
42409,2020-05-16,Routt,Colorado,8107.0,59,6.0,0.0,,,,-0.10800000000000001
42410,2020-05-17,Routt,Colorado,8107.0,59,6.0,0.0,,,,-0.091600001
42411,2020-05-18,Routt,Colorado,8107.0,60,6.0,1.0,,,,-0.0995
42412,2020-05-19,Routt,Colorado,8107.0,59,6.0,-1.0,,,,-0.12899999
42413,2020-05-20,Routt,Colorado,8107.0,59,6.0,0.0,,,,-0.133
42414,2020-05-21,Routt,Colorado,8107.0,59,6.0,0.0,,,,-0.16399999999999998
42415,2020-05-22,Routt,Colorado,8107.0,59,6.0,0.0,,,,-0.16500001
42416,2020-05-23,Routt,Colorado,8107.0,59,6.0,0.0,,,,-0.139
42417,2020-05-24,Routt,Colorado,8107.0,59,6.0,0.0,,,,-0.153
42418,2020-05-25,Routt,Colorado,8107.0,59,6.0,0.0,,,,-0.068300001
42419,2020-05-26,Routt,Colorado,8107.0,59,6.0,0.0,,,,-0.107
42420,2020-05-27,Routt,Colorado,8107.0,61,6.0,2.0,,,,-0.121
42421,2020-05-28,Routt,Colorado,8107.0,61,6.0,0.0,,,,-0.10400000000000001
42422,2020-05-29,Routt,Colorado,8107.0,61,6.0,0.0,,,,-0.09790000300000001
42423,2020-05-30,Routt,Colorado,8107.0,61,6.0,0.0,,,,-0.132
42424,2020-05-31,Routt,Colorado,8107.0,62,6.0,1.0,,,,-0.10800000000000001
42425,2020-06-01,Routt,Colorado,8107.0,62,6.0,0.0,,,,-0.043400000999999994
42426,2020-06-02,Routt,Colorado,8107.0,62,6.0,0.0,,,,-0.032499999
42427,2020-06-03,Routt,Colorado,8107.0,62,6.0,0.0,,,,-0.051399997999999995
42428,2020-06-04,Routt,Colorado,8107.0,62,6.0,0.0,,,,-0.069600001
42429,2020-06-05,Routt,Colorado,8107.0,62,6.0,0.0,,,,-0.09749999599999999
42430,2020-06-06,Routt,Colorado,8107.0,62,6.0,0.0,,,,-0.11
42431,2020-06-07,Routt,Colorado,8107.0,62,6.0,0.0,,,,-0.10400000000000001
42432,2020-06-08,Routt,Colorado,8107.0,62,6.0,0.0,,,,-0.10400000000000001
42433,2020-06-09,Routt,Colorado,8107.0,62,6.0,0.0,,,,-0.134
42434,2020-06-10,Routt,Colorado,8107.0,63,6.0,1.0,,,,-0.139
42435,2020-06-11,Routt,Colorado,8107.0,64,6.0,1.0,,,,-0.12300000000000001
42436,2020-06-12,Routt,Colorado,8107.0,64,6.0,0.0,,,,-0.08590000099999999
42437,2020-06-13,Routt,Colorado,8107.0,64,6.0,0.0,,,,-0.06199999900000001
42438,2020-06-14,Routt,Colorado,8107.0,64,6.0,0.0,,,,-0.071599998
42439,2020-06-15,Routt,Colorado,8107.0,63,6.0,-1.0,,,,-0.088600002
42440,2020-06-16,Routt,Colorado,8107.0,63,6.0,0.0,,,,-0.0099999998
42441,2020-06-17,Routt,Colorado,8107.0,63,6.0,0.0,,,,0.082500003
42442,2020-06-18,Routt,Colorado,8107.0,63,6.0,0.0,,,,0.114
42443,2020-06-19,Routt,Colorado,8107.0,63,6.0,0.0,,,,0.094499998
42444,2020-06-20,Routt,Colorado,8107.0,63,6.0,0.0,,,,0.114
42445,2020-06-21,Routt,Colorado,8107.0,64,6.0,1.0,,,,0.14399999
42446,2020-06-22,Routt,Colorado,8107.0,65,6.0,1.0,,,,0.132
42447,2020-06-23,Routt,Colorado,8107.0,67,6.0,2.0,,,,0.10400000000000001
42448,2020-06-24,Routt,Colorado,8107.0,67,6.0,0.0,,,,0.113
42449,2020-06-25,Routt,Colorado,8107.0,69,6.0,2.0,,,,0.115
42450,2020-06-26,Routt,Colorado,8107.0,70,6.0,1.0,,,,0.099100001
42451,2020-06-27,Routt,Colorado,8107.0,71,6.0,1.0,,,,0.042100001
42452,2020-06-28,Routt,Colorado,8107.0,72,6.0,1.0,,,,0.040899999
42453,2020-06-29,Routt,Colorado,8107.0,73,6.0,1.0,,,,0.053300001
42454,2020-06-30,Routt,Colorado,8107.0,73,6.0,0.0,,,,0.038600001
42455,2020-07-01,Routt,Colorado,8107.0,75,6.0,2.0,,,,0.0603
42456,2020-07-02,Routt,Colorado,8107.0,75,6.0,0.0,,,,0.0592
42457,2020-07-03,Routt,Colorado,8107.0,76,6.0,1.0,,,,0.087399997
42458,2020-07-04,Routt,Colorado,8107.0,77,6.0,1.0,,,,0.14800000000000002
42459,2020-07-05,Routt,Colorado,8107.0,77,6.0,0.0,,,,0.16599999
42460,2020-07-06,Routt,Colorado,8107.0,78,6.0,1.0,,,,0.19599999
42461,2020-07-07,Routt,Colorado,8107.0,78,6.0,0.0,,,,0.145
42462,2020-07-08,Routt,Colorado,8107.0,79,6.0,1.0,,,,0.13600001
42463,2020-07-09,Routt,Colorado,8107.0,79,6.0,0.0,,,,0.17299999
42464,2020-07-10,Routt,Colorado,8107.0,81,6.0,2.0,,,,0.163
42465,2020-07-11,Routt,Colorado,8107.0,81,6.0,0.0,,,,0.17800000000000002
42466,2020-07-12,Routt,Colorado,8107.0,82,6.0,1.0,,,,0.133
42467,2020-07-13,Routt,Colorado,8107.0,84,6.0,2.0,,,,0.087300003
42468,2020-07-14,Routt,Colorado,8107.0,84,6.0,0.0,,,,0.13699999
42469,2020-07-15,Routt,Colorado,8107.0,86,6.0,2.0,,,,0.16399999999999998
42470,2020-07-16,Routt,Colorado,8107.0,86,6.0,0.0,,,,0.126
42471,2020-07-17,Routt,Colorado,8107.0,85,6.0,-1.0,,,,0.124
42472,2020-07-18,Routt,Colorado,8107.0,87,6.0,2.0,,,,0.149
42473,2020-07-19,Routt,Colorado,8107.0,87,6.0,0.0,,,,0.17800000000000002
42474,2020-07-20,Routt,Colorado,8107.0,87,6.0,0.0,,,,0.183
42475,2020-07-21,Routt,Colorado,8107.0,91,6.0,4.0,,,,0.132
42476,2020-07-22,Routt,Colorado,8107.0,93,6.0,2.0,,,,0.097800002
42477,2020-07-23,Routt,Colorado,8107.0,94,6.0,1.0,,,,0.11
42478,2020-07-24,Routt,Colorado,8107.0,94,6.0,0.0,,,,0.121
42479,2020-07-25,Routt,Colorado,8107.0,94,6.0,0.0,,,,0.09929999699999999
42480,2020-07-26,Routt,Colorado,8107.0,94,6.0,0.0,,,,0.052499998
42481,2020-07-27,Routt,Colorado,8107.0,95,6.0,1.0,,,,0.0361
42482,2020-07-28,Routt,Colorado,8107.0,96,6.0,1.0,,,,0.041000001
42483,2020-07-29,Routt,Colorado,8107.0,96,6.0,0.0,,,,0.0221
42484,2020-07-30,Routt,Colorado,8107.0,98,6.0,2.0,,,,-0.0136
42485,2020-07-31,Routt,Colorado,8107.0,99,6.0,1.0,,,,-0.023700001000000002
42486,2020-08-01,Routt,Colorado,8107.0,106,6.0,7.0,,,,-0.068000004
42487,2020-08-02,Routt,Colorado,8107.0,107,6.0,1.0,,,,-0.099699996
42488,2020-08-03,Routt,Colorado,8107.0,108,6.0,1.0,,,,-0.041200001
42489,2020-08-04,Routt,Colorado,8107.0,110,6.0,2.0,,,,-0.0178
42490,2020-08-05,Routt,Colorado,8107.0,110,6.0,0.0,,,,0.022600001
42491,2020-08-06,Routt,Colorado,8107.0,111,6.0,1.0,,,,0.093800001
42492,2020-08-07,Routt,Colorado,8107.0,117,7.0,6.0,,,,0.14800000000000002
42493,2020-08-08,Routt,Colorado,8107.0,122,7.0,5.0,,,,0.207
42494,2020-08-09,Routt,Colorado,8107.0,125,8.0,3.0,,,,0.29600000000000004
42495,2020-08-10,Routt,Colorado,8107.0,125,8.0,0.0,,,,0.24100000000000002
42496,2020-08-11,Routt,Colorado,8107.0,125,8.0,0.0,,,,0.26699999
42497,2020-08-12,Routt,Colorado,8107.0,124,8.0,-1.0,,,,0.24600001
42498,2020-08-13,Routt,Colorado,8107.0,124,8.0,0.0,,,,0.193
42499,2020-08-14,Routt,Colorado,8107.0,125,8.0,1.0,,,,0.145
42500,2020-08-15,Routt,Colorado,8107.0,127,8.0,2.0,,,,0.15000001
42501,2020-08-16,Routt,Colorado,8107.0,127,8.0,0.0,,,,0.083999999
42502,2020-08-17,Routt,Colorado,8107.0,128,8.0,1.0,,,,0.11
42503,2020-08-18,Routt,Colorado,8107.0,129,8.0,1.0,,,,0.07829999900000001
42504,2020-08-19,Routt,Colorado,8107.0,129,8.0,0.0,,,,0.115
42505,2020-08-20,Routt,Colorado,8107.0,131,8.0,2.0,,,,0.13500001
42506,2020-08-21,Routt,Colorado,8107.0,131,8.0,0.0,,,,0.11599999999999999
42507,2020-08-22,Routt,Colorado,8107.0,131,8.0,0.0,,,,0.11800000000000001
42508,2020-08-23,Routt,Colorado,8107.0,131,8.0,0.0,,,,0.114
42509,2020-08-24,Routt,Colorado,8107.0,131,8.0,0.0,,,,0.10800000000000001
42510,2020-08-25,Routt,Colorado,8107.0,131,8.0,0.0,,,,0.0372
42511,2020-08-26,Routt,Colorado,8107.0,132,8.0,1.0,,,,-0.0071700001
42512,2020-08-27,Routt,Colorado,8107.0,132,8.0,0.0,,,,-0.022600001
42513,2020-08-28,Routt,Colorado,8107.0,132,8.0,0.0,,,,-0.039900001000000004
42514,2020-08-29,Routt,Colorado,8107.0,132,8.0,0.0,,,,-0.0319
42515,2020-08-30,Routt,Colorado,8107.0,132,8.0,0.0,,,,-0.0005189999900000001
42516,2020-08-31,Routt,Colorado,8107.0,134,8.0,2.0,,,,-0.0144
42517,2020-09-01,Routt,Colorado,8107.0,134,8.0,0.0,,,,0.0583
42518,2020-09-02,Routt,Colorado,8107.0,134,8.0,0.0,,,,0.106
42519,2020-09-03,Routt,Colorado,8107.0,135,8.0,1.0,,,,0.18899999999999997
42520,2020-09-04,Routt,Colorado,8107.0,135,8.0,0.0,,,,0.243
42521,2020-09-05,Routt,Colorado,8107.0,134,8.0,-1.0,,,,0.228
42522,2020-09-06,Routt,Colorado,8107.0,134,8.0,0.0,,,,0.26800001
42523,2020-09-07,Routt,Colorado,8107.0,134,8.0,0.0,,,,0.28
42524,2020-09-08,Routt,Colorado,8107.0,134,8.0,0.0,,,,0.19499999
42525,2020-09-09,Routt,Colorado,8107.0,135,8.0,1.0,,,,0.142
42526,2020-09-10,Routt,Colorado,8107.0,135,8.0,0.0,,,,0.082000002
42527,2020-09-11,Routt,Colorado,8107.0,136,8.0,1.0,,,,0.07829999900000001
42528,2020-09-12,Routt,Colorado,8107.0,138,8.0,2.0,,,,0.071199998
42529,2020-09-13,Routt,Colorado,8107.0,138,8.0,0.0,,,,0.098899998
42530,2020-09-14,Routt,Colorado,8107.0,138,8.0,0.0,,,,0.081600003
42531,2020-09-15,Routt,Colorado,8107.0,139,8.0,1.0,,,,0.081299998
42532,2020-09-16,Routt,Colorado,8107.0,139,8.0,0.0,,,,0.11599999999999999
42533,2020-09-17,Routt,Colorado,8107.0,140,8.0,1.0,,,,0.19899999999999998
42534,2020-09-18,Routt,Colorado,8107.0,141,8.0,1.0,,,,0.20600000000000002
42535,2020-09-19,Routt,Colorado,8107.0,143,8.0,2.0,,,,0.257
42536,2020-09-20,Routt,Colorado,8107.0,144,8.0,1.0,,,,0.29100001
42537,2020-09-21,Routt,Colorado,8107.0,145,8.0,1.0,,,,0.30199999
42538,2020-09-22,Routt,Colorado,8107.0,148,8.0,3.0,,,,0.33500001
42539,2020-09-23,Routt,Colorado,8107.0,148,8.0,0.0,,,,0.30899999
42540,2020-09-24,Routt,Colorado,8107.0,151,8.0,3.0,,,,0.21600001
42541,2020-09-25,Routt,Colorado,8107.0,152,8.0,1.0,,,,0.20999999
42542,2020-09-26,Routt,Colorado,8107.0,153,8.0,1.0,,,,0.20200001
42543,2020-09-27,Routt,Colorado,8107.0,155,8.0,2.0,,,,0.16
42544,2020-09-28,Routt,Colorado,8107.0,158,8.0,3.0,,,,0.214
42545,2020-09-29,Routt,Colorado,8107.0,158,8.0,0.0,,,,0.16899999999999998
42546,2020-09-30,Routt,Colorado,8107.0,159,8.0,1.0,,,,0.16500001
42547,2020-10-01,Routt,Colorado,8107.0,159,8.0,0.0,,,,0.21600001
42548,2020-10-02,Routt,Colorado,8107.0,161,8.0,2.0,,,,0.18899999999999997
42549,2020-10-03,Routt,Colorado,8107.0,161,8.0,0.0,,,,0.192
42550,2020-10-04,Routt,Colorado,8107.0,161,8.0,0.0,,,,0.19400001
42551,2020-10-05,Routt,Colorado,8107.0,163,8.0,2.0,,,,0.192
42552,2020-10-06,Routt,Colorado,8107.0,164,8.0,1.0,,,,0.204
42553,2020-10-07,Routt,Colorado,8107.0,164,8.0,0.0,,,,0.213
42554,2020-10-08,Routt,Colorado,8107.0,167,8.0,3.0,,,,0.21600001
42555,2020-10-09,Routt,Colorado,8107.0,171,8.0,4.0,,,,0.23999999
42556,2020-10-10,Routt,Colorado,8107.0,171,8.0,0.0,,,,0.22499999
42557,2020-10-11,Routt,Colorado,8107.0,172,8.0,1.0,,,,0.249
42558,2020-10-12,Routt,Colorado,8107.0,171,8.0,-1.0,,,,0.25299999
42559,2020-10-13,Routt,Colorado,8107.0,171,8.0,0.0,,,,0.257
42560,2020-10-14,Routt,Colorado,8107.0,172,8.0,1.0,,,,0.226
42561,2020-10-15,Routt,Colorado,8107.0,175,8.0,3.0,,,,0.19699999999999998
42562,2020-10-16,Routt,Colorado,8107.0,180,8.0,5.0,,,,0.20100001
42563,2020-10-17,Routt,Colorado,8107.0,185,8.0,5.0,,,,0.19899999999999998
42564,2020-10-18,Routt,Colorado,8107.0,187,8.0,2.0,,,,0.177
42565,2020-10-19,Routt,Colorado,8107.0,187,8.0,0.0,,,,0.175
42566,2020-10-20,Routt,Colorado,8107.0,193,8.0,6.0,,,,0.16699999999999998
42567,2020-10-21,Routt,Colorado,8107.0,196,8.0,3.0,,,,0.146
42568,2020-10-22,Routt,Colorado,8107.0,197,8.0,1.0,,,,0.162
42569,2020-10-23,Routt,Colorado,8107.0,200,8.0,3.0,,,,0.15000001
42570,2020-10-24,Routt,Colorado,8107.0,202,8.0,2.0,,,,0.16899999999999998
42571,2020-10-25,Routt,Colorado,8107.0,202,8.0,0.0,,,,0.175
42572,2020-10-26,Routt,Colorado,8107.0,204,8.0,2.0,,,,0.175
42573,2020-10-27,Routt,Colorado,8107.0,211,8.0,7.0,,,,0.21600001
42574,2020-10-28,Routt,Colorado,8107.0,215,8.0,4.0,,,,0.25400001
42575,2020-10-29,Routt,Colorado,8107.0,219,8.0,4.0,,,,0.33299999999999996
42576,2020-10-30,Routt,Colorado,8107.0,221,8.0,2.0,,,,0.33700001
42577,2020-10-31,Routt,Colorado,8107.0,230,9.0,9.0,,,,0.31400001
42578,2020-11-01,Routt,Colorado,8107.0,230,9.0,0.0,,,,0.29800001
42579,2020-11-02,Routt,Colorado,8107.0,230,9.0,0.0,,,,0.31099999
42580,2020-11-03,Routt,Colorado,8107.0,239,9.0,9.0,,,,0.28999999
42581,2020-11-04,Routt,Colorado,8107.0,243,9.0,4.0,,,,0.228
42582,2020-11-05,Routt,Colorado,8107.0,248,9.0,5.0,,,,0.19400001
42583,2020-11-06,Routt,Colorado,8107.0,261,9.0,13.0,,,,0.105
42584,2020-11-07,Routt,Colorado,8107.0,278,9.0,17.0,,,,0.111
42585,2020-11-08,Routt,Colorado,8107.0,286,9.0,8.0,,,,0.115
42586,2020-11-09,Routt,Colorado,8107.0,298,9.0,12.0,,,,0.10800000000000001
42587,2020-11-10,Routt,Colorado,8107.0,309,9.0,11.0,,,,0.07289999700000001
42588,2020-11-11,Routt,Colorado,8107.0,325,9.0,16.0,,,,0.12
42589,2020-11-12,Routt,Colorado,8107.0,335,9.0,10.0,,,,0.11
42590,2020-11-13,Routt,Colorado,8107.0,358,9.0,23.0,,,,0.132
42591,2020-11-14,Routt,Colorado,8107.0,379,9.0,21.0,,,,0.127
42592,2020-11-15,Routt,Colorado,8107.0,390,9.0,11.0,,,,0.138
42593,2020-11-16,Routt,Colorado,8107.0,399,9.0,9.0,,,,0.14300001
42594,2020-11-17,Routt,Colorado,8107.0,418,9.0,19.0,,,,0.16500001
42595,2020-11-18,Routt,Colorado,8107.0,443,9.0,25.0,,,,0.20800000000000002
42596,2020-11-19,Routt,Colorado,8107.0,472,9.0,29.0,,,,0.245
42597,2020-11-20,Routt,Colorado,8107.0,500,9.0,28.0,,,,0.30500001
42598,2020-11-21,Routt,Colorado,8107.0,516,9.0,16.0,,,,0.28
42599,2020-11-22,Routt,Colorado,8107.0,519,9.0,3.0,,,,0.31999999
